2017 1021 000B 0000 0000 0005 -43.0 0.86517 0
2017 1021 000B 0000 0000 0005 -42.5 0.84676 27
2017 1021 000B 0000 0000 0005 -42.5 0.85903 305
2017 1021 000B 0000 0000 0005 -42.5 0.84676 328
2017 1021 000B 0000 0000 0005 -42.5 0.85289 606
2017 1021 000B 0000 0000 0005 -42.5 0.85903 632
2017 1021 000B 0000 0000 0005 -42.5 0.86517 908
2017 1021 000B 0000 0000 0005 -42.5 0.86517 932
2017 1021 000B 0000 0000 0005 -42.5 0.85289 1209
2017 1021 000B 0000 0000 0005 -42.5 0.87130 1235
2017 1021 000B 0000 0000 0005 -42.5 0.86517 1513
2017 1021 000B 0000 0000 0005 -42.5 0.84676 1536
2017 1021 000B 0000 0000 0005 -42.5 0.85903 1813
2017 1021 000B 0000 0000 0005 -42.5 0.85903 1837
2017 1021 000B 0000 0000 0005 -42.5 0.85903 2115
2017 1021 000B 0000 0000 0005 -42.5 0.85903 2139
2017 1021 000B 0000 0000 0005 -42.5 0.86517 2418
2017 1021 000B 0000 0000 0005 -42.5 0.85289 2441
2017 1021 000B 0000 0000 0005 -42.5 0.87130 2718
2017 1021 000B 0000 0000 0005 -42.5 0.87744 2743
2017 1021 000B 0000 0000 0005 -42.5 0.87744 3021
2017 1021 000B 0000 0000 0005 -42.5 0.86517 3045
2017 1021 000B 0000 0000 0005 -42.5 0.86517 3323
2017 1021 000B 0000 0000 0005 -43.0 0.85903 3349
2017 1021 000B 0000 0000 0005 -42.5 0.86517 3626
2017 1021 000B 0000 0000 0005 -42.5 0.85289 3651
2017 1021 000B 0000 0000 0005 -42.5 0.87744 3928
2017 1021 000B 0000 0000 0005 -42.5 0.87130 3953
2017 1021 000B 0000 0000 0005 -42.5 0.87130 4230
2017 1021 000B 0000 0000 0005 -42.5 0.85903 4256
2017 1021 000B 0000 0000 0005 -42.5 0.85289 4534
2017 1021 000B 0000 0000 0005 -43.0 0.87130 4558
2017 1021 000B 0000 0000 0005 -42.5 0.85903 4835
2017 1021 000B 0000 0000 0005 -43.0 0.85903 4859
2017 1021 000B 0000 0000 0005 -42.5 0.87744 5137
2017 1021 000B 0000 0000 0005 -42.5 0.85903 5162
2017 1021 000B 0000 0000 0005 -42.5 0.87130 5439
2017 1021 000B 0000 0000 0005 -42.5 0.85903 5463
2017 1021 000B 0000 0000 0005 -42.5 0.87744 5741
2017 1021 000B 0000 0000 0005 -42.5 0.86517 5766
2017 1021 000B 0000 0000 0005 -43.0 0.88971 6043
2017 1021 000B 0000 0000 0005 -42.5 0.86517 6067
2017 1021 000B 0000 0000 0005 -42.5 0.85903 6344
2017 1021 000B 0000 0000 0005 -42.5 0.87130 6369
2017 1021 000B 0000 0000 0005 -42.5 0.85903 6646
2017 1021 000B 0000 0000 0005 -42.5 0.85903 6672
2017 1021 000B 0000 0000 0005 -42.5 0.87130 6950
2017 1021 000B 0000 0000 0005 -42.5 0.88357 6973
2017 1021 000B 0000 0000 0005 -42.5 0.85289 7251
2017 1021 000B 0000 0000 0005 -42.5 0.87130 7276
2017 1021 000B 0000 0000 0005 -42.5 0.85903 7554
2017 1021 000B 0000 0000 0005 -42.5 0.87130 7578
2017 1021 000B 0000 0000 0005 -42.5 0.85903 7856
2017 1021 000B 0000 0000 0005 -42.5 0.85903 7881
2017 1021 000B 0000 0000 0005 -43.0 0.85903 8157
2017 1021 000B 0000 0000 0005 -42.5 0.85903 8181
2017 1021 000B 0000 0000 0005 -42.5 0.87130 8460
2017 1021 000B 0000 0000 0005 -42.5 0.84676 8485
2017 1021 000B 0000 0000 0005 -42.5 0.85903 8760
2017 1021 000B 0000 0000 0005 -43.0 0.87130 8786
2017 1021 000B 0000 0000 0005 -42.5 0.86517 9063
2017 1021 000B 0000 0000 0005 -42.5 0.85903 9088
2017 1021 000B 0000 0000 0005 -42.5 0.87130 9366
2017 1021 000B 0000 0000 0005 -42.5 0.85903 9389
2017 1021 000B 0000 0000 0005 -42.5 0.87744 9668
2017 1021 000B 0000 0000 0005 -42.5 0.86517 9692
2017 1021 000B 0000 0000 0005 -42.5 0.86517 9971
2017 1021 000B 0000 0000 0005 -42.5 0.87744 9995
2017 1021 000B 0000 0000 0005 -42.5 0.87744 10273
2017 1021 000B 0000 0000 0005 -42.5 0.85903 10296
2017 1021 000B 0000 0000 0005 -42.5 0.87130 10575
2017 1021 000B 0000 0000 0005 -42.5 0.88357 10601
2017 1021 000B 0000 0000 0005 -42.5 0.85903 10878
2017 1021 000B 0000 0000 0005 -42.5 0.88357 10902
2017 1021 000B 0000 0000 0005 -42.5 0.88357 11181
2017 1021 000B 0000 0000 0005 -42.5 0.87130 11206
2017 1021 000B 0000 0000 0005 -42.5 0.85903 11484
2017 1021 000B 0000 0000 0005 -42.5 0.87744 11508
2017 1021 000B 0000 0000 0005 -42.5 0.85903 11786
2017 1021 000B 0000 0000 0005 -43.0 0.87744 11812
2017 1021 000B 0000 0000 0005 -42.5 0.85903 12089
2017 1021 000B 0000 0000 0005 -42.5 0.86517 12113
2017 1021 000B 0000 0000 0005 -42.5 0.86517 12390
2017 1021 000B 0000 0000 0005 -42.5 0.86517 12415
2017 1021 000B 0000 0000 0005 -42.5 0.86517 12693
2017 1021 000B 0000 0000 0005 -42.5 0.86517 12716
2017 1021 000B 0000 0000 0005 -42.5 0.87744 12994
2017 1021 000B 0000 0000 0005 -42.5 0.86517 13019
2017 1021 000B 0000 0000 0005 -42.5 0.86517 13296
2017 1021 000B 0000 0000 0005 -42.5 0.87744 13320
2017 1021 000B 0000 0000 0005 -42.5 0.86517 13598
2017 1021 000B 0000 0000 0005 -42.5 0.85903 13623
2017 1021 000B 0000 0000 0005 -42.5 0.87744 13900
2017 1021 000B 0000 0000 0005 -42.5 0.86517 13925
2017 1021 000B 0000 0000 0005 -43.0 0.85289 14203
2017 1021 000B 0000 0000 0005 -42.5 0.87744 14226
2017 1021 000B 0000 0000 0005 -42.5 0.87744 14504
2017 1021 000B 0000 0000 0005 -42.5 0.85289 14528
2017 1021 000B 0000 0000 0005 -43.0 0.85903 14805
2017 1021 000B 0000 0000 0005 -42.5 0.86517 14829
2017 1021 000B 0000 0000 0005 -42.5 0.85289 15108
2017 1021 000B 0000 0000 0005 -42.5 0.86517 15131
2017 1021 000B 0000 0000 0005 -42.5 0.86517 15410
2017 1021 000B 0000 0000 0005 -42.5 0.86517 15434
2017 1021 000B 0000 0000 0005 -42.5 0.88357 15713
2017 1021 000B 0000 0000 0005 -42.5 0.86517 15737
2017 1021 000B 0000 0000 0005 -42.5 0.87130 16013
2017 1021 000B 0000 0000 0005 -42.5 0.86517 16038
2017 1021 000B 0000 0000 0005 -42.5 0.86517 16316
2017 1021 000B 0000 0000 0005 -42.5 0.87744 16340
2017 1021 000B 0000 0000 0005 -42.5 0.86517 16617
2017 1021 000B 0000 0000 0005 -42.5 0.85903 16642
2017 1021 000B 0000 0000 0005 -42.5 0.88357 16919
2017 1021 000B 0000 0000 0005 -42.5 0.86517 16944
2017 1021 000B 0000 0000 0005 -42.5 0.86517 17220
2017 1021 000B 0000 0000 0005 -42.5 0.85903 17246
2017 1021 000B 0000 0000 0005 -42.5 0.87130 17523
2017 1021 000B 0000 0000 0005 -42.5 0.86517 17548
2017 1021 000B 0000 0000 0005 -42.5 0.85289 17824
2017 1021 000B 0000 0000 0005 -42.5 0.87130 17851
2017 1021 000B 0000 0000 0005 -43.0 0.87130 18126
2017 1021 000B 0000 0000 0005 -42.5 0.86517 18152
2017 1021 000B 0000 0000 0005 -42.5 0.85903 18429
2017 1021 000B 0000 0000 0005 -42.5 0.85903 18455
2017 1021 000B 0000 0000 0005 -42.5 0.85903 18731
2017 1021 000B 0000 0000 0005 -42.5 0.85289 18756
2017 1021 000B 0000 0000 0005 -42.5 0.88357 19033
2017 1021 000B 0000 0000 0005 -42.5 0.86517 19058
2017 1021 000B 0000 0000 0005 -42.5 0.88357 19336
2017 1021 000B 0000 0000 0005 -42.5 0.87130 19360
2017 1021 000B 0000 0000 0005 -42.5 0.87130 19637
2017 1021 000B 0000 0000 0005 -42.5 0.87130 19662
2017 1021 000B 0000 0000 0005 -42.5 0.86517 19939
2017 1021 000B 0000 0000 0005 -42.5 0.87130 19965
2017 1021 000B 0000 0000 0005 -42.5 0.86517 20241
2017 1021 000B 0000 0000 0005 -42.5 0.87130 20266
2017 1021 000B 0000 0000 0005 -43.0 0.85289 20544
2017 1021 000B 0000 0000 0005 -42.5 0.87744 20569
2017 1021 000B 0000 0000 0005 -43.0 0.87130 20846
2017 1021 000B 0000 0000 0005 -42.5 0.85903 20871
2017 1021 000B 0000 0000 0005 -42.5 0.85903 21147
2017 1021 000B 0000 0000 0005 -42.5 0.85903 21172
2017 1021 000B 0000 0000 0005 -42.5 0.86517 21449
2017 1021 000B 0000 0000 0005 -42.5 0.85903 21475
2017 1021 000B 0000 0000 0005 -43.5 0.87130 21752
2017 1021 000B 0000 0000 0005 -42.5 0.86517 21777
2017 1021 000B 0000 0000 0005 -42.5 0.87744 22056
2017 1021 000B 0000 0000 0005 -42.5 0.85903 22079
2017 1021 000B 0000 0000 0005 -42.5 0.86517 22357
2017 1021 000B 0000 0000 0005 -42.5 0.87130 22382
2017 1021 000B 0000 0000 0005 -42.5 0.86517 22659
2017 1021 000B 0000 0000 0005 -42.5 0.86517 22684
2017 1021 000B 0000 0000 0005 -42.5 0.87130 22961
2017 1021 000B 0000 0000 0005 -42.5 0.87744 22986
2017 1021 000B 0000 0000 0005 -42.5 0.89584 23263
2017 1021 000B 0000 0000 0005 -42.5 0.87130 23286
2017 1021 000B 0000 0000 0005 -42.5 0.87744 23565
2017 1021 000B 0000 0000 0005 -42.5 0.87130 23590
2017 1021 000B 0000 0000 0005 -42.5 0.86517 23867
2017 1021 000B 0000 0000 0005 -42.5 0.88357 23891
2017 1021 000B 0000 0000 0005 -42.5 0.86517 24170
2017 1021 000B 0000 0000 0005 -42.5 0.85903 24194
2017 1021 000B 0000 0000 0005 -42.5 0.87744 24471
2017 1021 000B 0000 0000 0005 -42.5 0.87744 24495
2017 1021 000B 0000 0000 0005 -42.5 0.85903 24772
2017 1021 000B 0000 0000 0005 -42.5 0.87744 24797
2017 1021 000B 0000 0000 0005 -42.5 0.87130 25076
2017 1021 000B 0000 0000 0005 -42.5 0.85289 25099
2017 1021 000B 0000 0000 0005 -42.5 0.85903 25378
2017 1021 000B 0000 0000 0005 -43.0 0.87130 25402
2017 1021 000B 0000 0000 0005 -42.5 0.87130 25679
2017 1021 000B 0000 0000 0005 -42.5 0.86517 25703
2017 1021 000B 0000 0000 0005 -42.5 0.87130 25980
2017 1021 000B 0000 0000 0005 -42.5 0.85289 26006
2017 1021 000B 0000 0000 0005 -42.5 0.85289 26284
2017 1021 000B 0000 0000 0005 -42.5 0.85289 26307
2017 1021 000B 0000 0000 0005 -42.5 0.87130 26586
2017 1021 000B 0000 0000 0005 -42.5 0.86517 26609
2017 1021 000B 0000 0000 0005 -42.5 0.85903 26886
2017 1021 000B 0000 0000 0005 -42.5 0.88357 26911
2017 1021 000B 0000 0000 0005 -42.5 0.86517 27188
2017 1021 000B 0000 0000 0005 -42.5 0.85903 27214
2017 1021 000B 0000 0000 0005 -42.5 0.85903 27491
2017 1021 000B 0000 0000 0005 -42.5 0.85289 27516
2017 1021 000B 0000 0000 0005 -42.5 0.87744 27793
2017 1021 000B 0000 0000 0005 -42.5 0.87744 27818
2017 1021 000B 0000 0000 0005 -42.5 0.87744 28096
2017 1021 000B 0000 0000 0005 -42.5 0.88357 28121
2017 1021 000B 0000 0000 0005 -42.5 0.87744 28399
2017 1021 000B 0000 0000 0005 -42.5 0.86517 28424
2017 1021 000B 0000 0000 0005 -42.5 0.85903 28700
2017 1021 000B 0000 0000 0005 -42.5 0.86517 28726
2017 1021 000B 0000 0000 0005 -43.0 0.85289 29002
2017 1021 000B 0000 0000 0005 -42.5 0.87744 29027
2017 1021 000B 0000 0000 0005 -42.5 0.88357 29304
2017 1021 000B 0000 0000 0005 -42.5 0.88357 29329
2017 1021 000B 0000 0000 0005 -42.5 0.86517 29605
2017 1021 000B 0000 0000 0005 -42.5 0.87744 29631
2017 1021 000B 0000 0000 0005 -42.5 0.86517 29908
2017 1021 000B 0000 0000 0005 -42.5 0.87130 29932
2017 1021 000B 0000 0000 0005 -42.5 0.86517 30210
2017 1021 000B 0000 0000 0005 -42.5 0.87744 30235
2017 1021 000B 0000 0000 0005 -42.5 0.87130 30514
2017 1021 000B 0000 0000 0005 -42.5 0.86517 30539
2017 1021 000B 0000 0000 0005 -42.5 0.85903 30817
2017 1021 000B 0000 0000 0005 -42.5 0.86517 30840
2017 1021 000B 0000 0000 0005 -42.5 0.87130 31118
2017 1021 000B 0000 0000 0005 -42.5 0.87130 31142
2017 1021 000B 0000 0000 0005 -42.5 0.87130 31419
2017 1021 000B 0000 0000 0005 -42.5 0.87130 31443
2017 1021 000B 0000 0000 0005 -42.5 0.87130 31722
2017 1021 000B 0000 0000 0005 -42.5 0.87130 31747
2017 1021 000B 0000 0000 0005 -43.0 0.87130 32024
2017 1021 000B 0000 0000 0005 -42.5 0.85289 32048
2017 1021 000B 0000 0000 0005 -43.0 0.88971 32325
2017 1021 000B 0000 0000 0005 -42.5 0.87744 32350
2017 1021 000B 0000 0000 0005 -42.5 0.85289 32628
2017 1021 000B 0000 0000 0005 -42.5 0.88357 32652
2017 1021 000B 0000 0000 0005 -42.5 0.87744 32932
2017 1021 000B 0000 0000 0005 -43.0 0.85903 32956
2017 1021 000B 0000 0000 0005 -42.5 0.87130 33234
2017 1021 000B 0000 0000 0005 -42.5 0.86517 33260
2017 1021 000B 0000 0000 0005 -42.5 0.87744 33536
2017 1021 000B 0000 0000 0005 -42.5 0.87744 33561
2017 1021 000B 0000 0000 0005 -42.5 0.88357 33839
2017 1021 000B 0000 0000 0005 -42.5 0.86517 33865
2017 1021 000B 0000 0000 0005 -42.5 0.87130 34142
2017 1021 000B 0000 0000 0005 -42.5 0.87130 34165
2017 1021 000B 0000 0000 0005 -42.5 0.86517 34443
2017 1021 000B 0000 0000 0005 -42.5 0.85903 34467
2017 1021 000B 0000 0000 0005 -43.0 0.87130 34746
2017 1021 000B 0000 0000 0005 -42.5 0.87744 34770
2017 1021 000B 0000 0000 0005 -42.5 0.87744 35049
2017 1021 000B 0000 0000 0005 -42.5 0.85903 35073
2017 1021 000B 0000 0000 0005 -43.0 0.87744 35350
2017 1021 000B 0000 0000 0005 -42.5 0.87744 35375
2017 1021 000B 0000 0000 0005 -42.5 0.87744 35652
2017 1021 000B 0000 0000 0005 -42.5 0.88357 35677
2017 1021 000B 0000 0000 0005 -42.5 0.86517 35956
2017 1021 000B 0000 0000 0005 -42.5 0.87130 35979
2017 1021 000B 0000 0000 0005 -42.5 0.86517 36257
2017 1021 000B 0000 0000 0005 -43.0 0.85903 36282
2017 1021 000B 0000 0000 0005 -42.5 0.87130 36559
2017 1021 000B 0000 0000 0005 -42.5 0.86517 36584
