2017 1021 000B 0000 0000 0005 -62.5 0.48167 0
2017 1021 000B 0000 0000 0005 -58.0 4.58967 300
2017 1021 000B 0000 0000 0005 -57.5 4.68171 324
2017 1021 000B 0000 0000 0005 -56.5 5.87208 602
2017 1021 000B 0000 0000 0005 -56.5 5.92730 626
2017 1021 000B 0000 0000 0005 -58.0 1.00016 905
2017 1021 000B 0000 0000 0005 -58.0 1.08606 930
2017 1021 000B 0000 0000 0005 -58.5 1.05231 1208
2017 1021 000B 0000 0000 0005 -57.5 1.03697 1232
2017 1021 000B 0000 0000 0005 -53.0 0.40497 1511
2017 1021 000B 0000 0000 0005 -52.5 0.36816 1534
2017 1021 000B 0000 0000 0005 -47.5 0.57678 1813
2017 1021 000B 0000 0000 0005 -47.5 0.60746 1836
2017 1021 000B 0000 0000 0005 -45.0 1.20878 2113
2017 1021 000B 0000 0000 0005 -44.5 1.27014 2137
2017 1021 000B 0000 0000 0005 -42.5 1.68738 2415
2017 1021 000B 0000 0000 0005 -42.0 1.72419 2439
2017 1021 000B 0000 0000 0005 -41.0 2.14757 2716
2017 1021 000B 0000 0000 0005 -41.0 2.20893 2741
2017 1021 000B 0000 0000 0005 -39.5 2.65685 3019
2017 1021 000B 0000 0000 0005 -39.0 2.68140 3043
2017 1021 000B 0000 0000 0005 -37.5 2.76730 3320
2017 1021 000B 0000 0000 0005 -37.5 2.77957 3346
2017 1021 000B 0000 0000 0005 -35.5 2.82252 3622
2017 1021 000B 0000 0000 0005 -35.0 2.81025 3647
2017 1021 000B 0000 0000 0005 -33.0 2.89002 3924
2017 1021 000B 0000 0000 0005 -33.0 2.87161 3950
2017 1021 000B 0000 0000 0005 -33.0 2.90229 4231
2017 1021 000B 0000 0000 0005 -33.5 2.90843 4255
2017 1021 000B 0000 0000 0005 -41.0 3.77359 4535
2017 1021 000B 0000 0000 0005 -42.5 3.92699 4558
2017 1021 000B 0000 0000 0005 -51.0 4.97010 4836
2017 1021 000B 0000 0000 0005 -52.0 4.95169 4863
2017 1021 000B 0000 0000 0005 -64.5 2.66299 5139
2017 1021 000B 0000 0000 0005 -63.0 2.38687 5163
2017 1021 000B 0000 0000 0005 -54.5 1.11674 5441
2017 1021 000B 0000 0000 0005 -54.5 1.03697 5466
2017 1021 000B 0000 0000 0005 -54.5 0.57064 5743
2017 1021 000B 0000 0000 0005 -54.5 0.55223 5768
2017 1021 000B 0000 0000 0005 -55.0 0.33134 6047
2017 1021 000B 0000 0000 0005 -55.5 0.20249 6072
2017 1021 000B 0000 0000 0005 -56.0 6.01320 6349
2017 1021 000B 0000 0000 0005 -56.0 5.93344 6373
2017 1021 000B 0000 0000 0005 -56.5 5.90889 6651
2017 1021 000B 0000 0000 0005 -56.0 5.90276 6677
2017 1021 000B 0000 0000 0005 -56.0 5.87208 6953
2017 1021 000B 0000 0000 0005 -56.0 5.89049 6979
2017 1021 000B 0000 0000 0005 -56.5 5.86594 7255
2017 1021 000B 0000 0000 0005 -56.5 5.90889 7280
2017 1021 000B 0000 0000 0005 -56.5 5.82913 7556
2017 1021 000B 0000 0000 0005 -56.5 5.79845 7581
2017 1021 000B 0000 0000 0005 -56.5 5.84140 7860
2017 1021 000B 0000 0000 0005 -56.0 5.89049 7885
2017 1021 000B 0000 0000 0005 -57.0 5.84140 8161
2017 1021 000B 0000 0000 0005 -56.5 5.92117 8185
2017 1021 000B 0000 0000 0005 -56.5 5.81686 8462
2017 1021 000B 0000 0000 0005 -56.5 5.86594 8487
2017 1021 000B 0000 0000 0005 -57.0 5.81686 8764
2017 1021 000B 0000 0000 0005 -57.0 5.74322 8789
2017 1021 000B 0000 0000 0005 -58.0 5.28917 9066
2017 1021 000B 0000 0000 0005 -57.5 5.30144 9092
2017 1021 000B 0000 0000 0005 -58.0 5.22167 9369
2017 1021 000B 0000 0000 0005 -58.0 4.96396 9393
2017 1021 000B 0000 0000 0005 -58.5 4.96396 9671
2017 1021 000B 0000 0000 0005 -58.5 4.92101 9695
2017 1021 000B 0000 0000 0005 -58.5 4.72466 9974
2017 1021 000B 0000 0000 0005 -59.0 4.63876 9997
2017 1021 000B 0000 0000 0005 -58.5 4.61421 10276
2017 1021 000B 0000 0000 0005 -58.5 4.58353 10301
2017 1021 000B 0000 0000 0005 -60.5 3.23977 10578
2017 1021 000B 0000 0000 0005 -60.5 3.14773 10602
2017 1021 000B 0000 0000 0005 -60.0 2.39915 10880
2017 1021 000B 0000 0000 0005 -59.5 2.28870 10904
2017 1021 000B 0000 0000 0005 -60.0 1.46035 11183
2017 1021 000B 0000 0000 0005 -60.0 1.36217 11206
2017 1021 000B 0000 0000 0005 -61.5 0.53383 11484
2017 1021 000B 0000 0000 0005 -61.5 0.53996 11507
