2017 1021 000B 0000 0000 0005 -53.0 1.29468 0
2017 1021 000B 0000 0000 0005 -52.0 1.28854 28
2017 1021 000B 0000 0000 0005 -52.0 1.34377 305
2017 1021 000B 0000 0000 0005 -52.0 1.31922 330
2017 1021 000B 0000 0000 0005 -52.0 1.31309 609
2017 1021 000B 0000 0000 0005 -52.0 1.28241 634
2017 1021 000B 0000 0000 0005 -52.0 1.31922 910
2017 1021 000B 0000 0000 0005 -52.0 1.30695 935
2017 1021 000B 0000 0000 0005 -52.0 1.29468 1214
2017 1021 000B 0000 0000 0005 -52.5 1.29468 1240
2017 1021 000B 0000 0000 0005 -52.0 1.29468 1516
2017 1021 000B 0000 0000 0005 -52.0 1.30082 1543
2017 1021 000B 0000 0000 0005 -52.5 1.27627 1818
2017 1021 000B 0000 0000 0005 -52.0 1.28854 1845
2017 1021 000B 0000 0000 0005 -52.0 1.27627 2121
2017 1021 000B 0000 0000 0005 -52.0 1.31309 2146
2017 1021 000B 0000 0000 0005 -52.0 1.28241 2425
2017 1021 000B 0000 0000 0005 -52.0 1.28241 2449
2017 1021 000B 0000 0000 0005 -52.0 1.29468 2726
2017 1021 000B 0000 0000 0005 -52.0 1.27014 2752
2017 1021 000B 0000 0000 0005 -52.0 1.26400 3028
2017 1021 000B 0000 0000 0005 -52.0 1.27014 3053
2017 1021 000B 0000 0000 0005 -52.0 1.25173 3330
2017 1021 000B 0000 0000 0005 -52.0 1.29468 3355
2017 1021 000B 0000 0000 0005 -52.5 1.26400 3632
2017 1021 000B 0000 0000 0005 -52.0 1.25786 3657
2017 1021 000B 0000 0000 0005 -52.5 1.27014 3935
2017 1021 000B 0000 0000 0005 -52.0 1.30082 3961
2017 1021 000B 0000 0000 0005 -52.5 1.27627 4239
2017 1021 000B 0000 0000 0005 -52.5 1.30695 4263
2017 1021 000B 0000 0000 0005 -52.0 1.27014 4540
2017 1021 000B 0000 0000 0005 -52.0 1.28241 4566
2017 1021 000B 0000 0000 0005 -52.0 1.28241 4842
2017 1021 000B 0000 0000 0005 -52.0 1.33763 4865
2017 1021 000B 0000 0000 0005 -52.0 1.25173 5144
2017 1021 000B 0000 0000 0005 -52.5 1.33763 5169
2017 1021 000B 0000 0000 0005 -52.5 1.28241 5446
2017 1021 000B 0000 0000 0005 -52.0 1.25786 5472
2017 1021 000B 0000 0000 0005 -52.5 1.27014 5748
2017 1021 000B 0000 0000 0005 -52.0 1.29468 5773
2017 1021 000B 0000 0000 0005 -52.0 1.30695 6050
2017 1021 000B 0000 0000 0005 -52.0 1.28854 6075
2017 1021 000B 0000 0000 0005 -52.5 1.27014 6353
2017 1021 000B 0000 0000 0005 -52.5 1.28241 6377
2017 1021 000B 0000 0000 0005 -52.0 1.30082 6656
2017 1021 000B 0000 0000 0005 -52.5 1.30695 6680
2017 1021 000B 0000 0000 0005 -52.5 1.28854 6958
2017 1021 000B 0000 0000 0005 -52.0 1.28854 6981
2017 1021 000B 0000 0000 0005 -52.5 1.25173 7259
2017 1021 000B 0000 0000 0005 -52.5 1.29468 7283
2017 1021 000B 0000 0000 0005 -52.5 1.28241 7561
2017 1021 000B 0000 0000 0005 -52.0 1.28241 7587
2017 1021 000B 0000 0000 0005 -52.0 1.29468 7865
2017 1021 000B 0000 0000 0005 -52.0 1.27627 7889
2017 1021 000B 0000 0000 0005 -52.0 1.28241 8166
2017 1021 000B 0000 0000 0005 -52.5 1.28241 8190
2017 1021 000B 0000 0000 0005 -52.0 1.30695 8468
2017 1021 000B 0000 0000 0005 -52.5 1.28854 8493
2017 1021 000B 0000 0000 0005 -52.5 1.29468 8771
2017 1021 000B 0000 0000 0005 -52.0 1.27627 8795
2017 1021 000B 0000 0000 0005 -52.0 1.31309 9073
2017 1021 000B 0000 0000 0005 -52.5 1.32536 9098
2017 1021 000B 0000 0000 0005 -52.0 1.27627 9375
2017 1021 000B 0000 0000 0005 -52.0 1.29468 9400
2017 1021 000B 0000 0000 0005 -52.0 1.29468 9679
2017 1021 000B 0000 0000 0005 -52.0 1.27014 9702
2017 1021 000B 0000 0000 0005 -52.5 1.28854 9979
2017 1021 000B 0000 0000 0005 -52.0 1.27627 10003
2017 1021 000B 0000 0000 0005 -52.0 1.29468 10281
2017 1021 000B 0000 0000 0005 -52.5 1.27014 10306
2017 1021 000B 0000 0000 0005 -52.0 1.27014 10584
2017 1021 000B 0000 0000 0005 -52.5 1.30082 10609
2017 1021 000B 0000 0000 0005 -52.0 1.31922 10886
2017 1021 000B 0000 0000 0005 -52.5 1.30695 10912
2017 1021 000B 0000 0000 0005 -52.5 1.28241 11187
2017 1021 000B 0000 0000 0005 -52.5 1.27627 11212
2017 1021 000B 0000 0000 0005 -52.5 1.27627 11492
2017 1021 000B 0000 0000 0005 -52.0 1.31922 11516
2017 1021 000B 0000 0000 0005 -52.5 1.31309 11793
2017 1021 000B 0000 0000 0005 -52.5 1.27627 11819
2017 1021 000B 0000 0000 0005 -52.5 1.28854 12097
2017 1021 000B 0000 0000 0005 -52.0 1.30695 12122
2017 1021 000B 0000 0000 0005 -52.5 1.27627 12399
2017 1021 000B 0000 0000 0005 -52.5 1.27627 12425
2017 1021 000B 0000 0000 0005 -52.5 1.28854 12701
2017 1021 000B 0000 0000 0005 -52.5 1.28241 12726
2017 1021 000B 0000 0000 0005 -52.0 1.28241 13005
2017 1021 000B 0000 0000 0005 -52.5 1.27014 13028
2017 1021 000B 0000 0000 0005 -52.5 1.28241 13306
2017 1021 000B 0000 0000 0005 -52.0 1.28854 13330
2017 1021 000B 0000 0000 0005 -52.0 1.27014 13609
2017 1021 000B 0000 0000 0005 -52.0 1.26400 13632
2017 1021 000B 0000 0000 0005 -52.5 1.27014 13912
2017 1021 000B 0000 0000 0005 -52.5 1.31309 13936
2017 1021 000B 0000 0000 0005 -52.0 1.34990 14214
2017 1021 000B 0000 0000 0005 -52.0 1.30695 14240
2017 1021 000B 0000 0000 0005 -52.0 1.27014 14517
2017 1021 000B 0000 0000 0005 -52.5 1.30695 14542
2017 1021 000B 0000 0000 0005 -52.5 1.26400 14820
2017 1021 000B 0000 0000 0005 -52.5 1.34990 14844
2017 1021 000B 0000 0000 0005 -52.5 1.28854 15121
2017 1021 000B 0000 0000 0005 -52.5 1.27014 15147
2017 1021 000B 0000 0000 0005 -52.5 1.27014 15424
2017 1021 000B 0000 0000 0005 -52.0 1.30695 15450
2017 1021 000B 0000 0000 0005 -52.5 1.30695 15726
2017 1021 000B 0000 0000 0005 -52.0 1.28854 15750
2017 1021 000B 0000 0000 0005 -52.5 1.28854 16030
2017 1021 000B 0000 0000 0005 -52.5 1.30695 16053
2017 1021 000B 0000 0000 0005 -52.5 1.31922 16332
2017 1021 000B 0000 0000 0005 -52.0 1.28854 16357
2017 1021 000B 0000 0000 0005 -52.0 1.28854 16633
2017 1021 000B 0000 0000 0005 -52.5 1.31922 16658
2017 1021 000B 0000 0000 0005 -52.5 1.29468 16938
2017 1021 000B 0000 0000 0005 -52.5 1.30082 16961
2017 1021 000B 0000 0000 0005 -52.0 1.31922 17239
2017 1021 000B 0000 0000 0005 -52.0 1.31309 17264
2017 1021 000B 0000 0000 0005 -52.0 1.32536 17542
2017 1021 000B 0000 0000 0005 -52.0 1.30082 17567
2017 1021 000B 0000 0000 0005 -52.5 1.30695 17845
2017 1021 000B 0000 0000 0005 -52.5 1.31922 17870
2017 1021 000B 0000 0000 0005 -52.5 1.31309 18148
2017 1021 000B 0000 0000 0005 -52.0 1.31922 18172
2017 1021 000B 0000 0000 0005 -52.0 1.28854 18449
2017 1021 000B 0000 0000 0005 -52.0 1.31309 18475
2017 1021 000B 0000 0000 0005 -52.5 1.30695 18752
2017 1021 000B 0000 0000 0005 -52.5 1.30695 18776
2017 1021 000B 0000 0000 0005 -52.0 1.30695 19054
2017 1021 000B 0000 0000 0005 -52.5 1.31309 19079
2017 1021 000B 0000 0000 0005 -53.0 1.28854 19357
2017 1021 000B 0000 0000 0005 -52.5 1.28854 19382
2017 1021 000B 0000 0000 0005 -52.0 1.28854 19659
2017 1021 000B 0000 0000 0005 -52.5 1.30082 19685
2017 1021 000B 0000 0000 0005 -52.5 1.31309 19962
2017 1021 000B 0000 0000 0005 -52.5 1.30082 19986
2017 1021 000B 0000 0000 0005 -52.5 1.28854 20264
2017 1021 000B 0000 0000 0005 -52.5 1.29468 20288
2017 1021 000B 0000 0000 0005 -52.5 1.29468 20567
2017 1021 000B 0000 0000 0005 -52.5 1.29468 20592
2017 1021 000B 0000 0000 0005 -52.5 1.30082 20870
2017 1021 000B 0000 0000 0005 -52.5 1.30082 20894
2017 1021 000B 0000 0000 0005 -52.5 1.28854 21173
2017 1021 000B 0000 0000 0005 -52.5 1.29468 21196
2017 1021 000B 0000 0000 0005 -52.5 1.33763 21475
2017 1021 000B 0000 0000 0005 -52.5 1.27627 21499
2017 1021 000B 0000 0000 0005 -52.0 1.28241 21776
2017 1021 000B 0000 0000 0005 -52.5 1.30695 21800
2017 1021 000B 0000 0000 0005 -52.0 1.27014 22078
2017 1021 000B 0000 0000 0005 -52.5 1.28854 22104
2017 1021 000B 0000 0000 0005 -52.5 1.30082 22382
2017 1021 000B 0000 0000 0005 -52.5 1.28241 22406
2017 1021 000B 0000 0000 0005 -52.5 1.30695 22685
2017 1021 000B 0000 0000 0005 -52.5 1.27627 22711
2017 1021 000B 0000 0000 0005 -52.5 1.28854 22987
2017 1021 000B 0000 0000 0005 -52.5 1.30695 23012
2017 1021 000B 0000 0000 0005 -52.5 1.31922 23290
2017 1021 000B 0000 0000 0005 -52.5 1.29468 23314
2017 1021 000B 0000 0000 0005 -52.5 1.28854 23593
2017 1021 000B 0000 0000 0005 -52.5 1.29468 23617
2017 1021 000B 0000 0000 0005 -52.0 1.30082 23896
2017 1021 000B 0000 0000 0005 -52.5 1.27627 23919
2017 1021 000B 0000 0000 0005 -52.0 1.26400 24197
2017 1021 000B 0000 0000 0005 -52.5 1.31309 24223
2017 1021 000B 0000 0000 0005 -52.5 1.33150 24500
2017 1021 000B 0000 0000 0005 -52.5 1.30082 24524
2017 1021 000B 0000 0000 0005 -52.5 1.28854 24802
2017 1021 000B 0000 0000 0005 -52.5 1.31309 24827
2017 1021 000B 0000 0000 0005 -52.5 1.29468 25104
2017 1021 000B 0000 0000 0005 -52.5 1.29468 25129
2017 1021 000B 0000 0000 0005 -52.5 1.28854 25406
2017 1021 000B 0000 0000 0005 -52.5 1.30082 25431
2017 1021 000B 0000 0000 0005 -52.5 1.30695 25709
2017 1021 000B 0000 0000 0005 -52.5 1.27014 25734
2017 1021 000B 0000 0000 0005 -52.0 1.33763 26012
2017 1021 000B 0000 0000 0005 -52.5 1.32536 26036
2017 1021 000B 0000 0000 0005 -52.5 1.32536 26314
2017 1021 000B 0000 0000 0005 -52.5 1.29468 26338
2017 1021 000B 0000 0000 0005 -52.5 1.25786 26616
2017 1021 000B 0000 0000 0005 -52.5 1.34377 26640
2017 1021 000B 0000 0000 0005 -52.5 1.29468 26919
2017 1021 000B 0000 0000 0005 -52.5 1.26400 26942
2017 1021 000B 0000 0000 0005 -52.5 1.30082 27221
2017 1021 000B 0000 0000 0005 -52.0 1.31309 27246
2017 1021 000B 0000 0000 0005 -52.5 1.30082 27523
2017 1021 000B 0000 0000 0005 -52.0 1.30695 27548
2017 1021 000B 0000 0000 0005 -52.5 1.33763 27827
2017 1021 000B 0000 0000 0005 -52.5 1.30695 27852
2017 1021 000B 0000 0000 0005 -52.5 1.31922 28129
2017 1021 000B 0000 0000 0005 -52.5 1.33763 28155
2017 1021 000B 0000 0000 0005 -52.0 1.30082 28431
2017 1021 000B 0000 0000 0005 -52.0 1.33763 28455
2017 1021 000B 0000 0000 0005 -52.5 1.30695 28734
2017 1021 000B 0000 0000 0005 -52.5 1.30082 28758
2017 1021 000B 0000 0000 0005 -52.5 1.28854 29035
2017 1021 000B 0000 0000 0005 -52.5 1.29468 29060
2017 1021 000B 0000 0000 0005 -52.5 1.30082 29337
2017 1021 000B 0000 0000 0005 -52.0 1.30082 29363
2017 1021 000B 0000 0000 0005 -52.5 1.28854 29641
2017 1021 000B 0000 0000 0005 -52.5 1.31309 29664
2017 1021 000B 0000 0000 0005 -52.5 1.31922 29942
2017 1021 000B 0000 0000 0005 -52.5 1.29468 29966
2017 1021 000B 0000 0000 0005 -52.5 1.30695 30243
2017 1021 000B 0000 0000 0005 -52.5 1.24559 30270
2017 1021 000B 0000 0000 0005 -53.0 1.27014 30547
2017 1021 000B 0000 0000 0005 -52.5 1.28241 30573
2017 1021 000B 0000 0000 0005 -52.5 1.29468 30849
2017 1021 000B 0000 0000 0005 -52.5 1.30082 30875
2017 1021 000B 0000 0000 0005 -52.5 1.31309 31153
2017 1021 000B 0000 0000 0005 -52.5 1.28241 31176
2017 1021 000B 0000 0000 0005 -52.5 1.27627 31455
2017 1021 000B 0000 0000 0005 -52.5 1.33763 31479
2017 1021 000B 0000 0000 0005 -52.5 1.30082 31758
2017 1021 000B 0000 0000 0005 -52.5 1.30695 31781
2017 1021 000B 0000 0000 0005 -52.5 1.34377 32059
2017 1021 000B 0000 0000 0005 -52.5 1.29468 32085
2017 1021 000B 0000 0000 0005 -52.5 1.33150 32361
2017 1021 000B 0000 0000 0005 -52.5 1.31922 32386
2017 1021 000B 0000 0000 0005 -52.5 1.30082 32664
2017 1021 000B 0000 0000 0005 -52.5 1.23946 32688
2017 1021 000B 0000 0000 0005 -52.5 1.28854 32966
2017 1021 000B 0000 0000 0005 -52.5 1.28854 32992
2017 1021 000B 0000 0000 0005 -52.5 1.30695 33269
2017 1021 000B 0000 0000 0005 -52.5 1.29468 33294
2017 1021 000B 0000 0000 0005 -52.5 1.31309 33572
2017 1021 000B 0000 0000 0005 -52.5 1.32536 33597
2017 1021 000B 0000 0000 0005 -52.5 1.31309 33875
2017 1021 000B 0000 0000 0005 -52.5 1.28854 33900
2017 1021 000B 0000 0000 0005 -52.5 1.28854 34178
2017 1021 000B 0000 0000 0005 -52.5 1.33150 34203
2017 1021 000B 0000 0000 0005 -52.5 1.31922 34480
2017 1021 000B 0000 0000 0005 -52.5 1.33763 34505
2017 1021 000B 0000 0000 0005 -52.5 1.28241 34783
2017 1021 000B 0000 0000 0005 -52.5 1.30695 34808
2017 1021 000B 0000 0000 0005 -52.5 1.28854 35085
2017 1021 000B 0000 0000 0005 -52.5 1.29468 35110
2017 1021 000B 0000 0000 0005 -52.5 1.30695 35386
2017 1021 000B 0000 0000 0005 -52.5 1.32536 35413
2017 1021 000B 0000 0000 0005 -52.5 1.30082 35690
2017 1021 000B 0000 0000 0005 -52.5 1.30695 35716
2017 1021 000B 0000 0000 0005 -52.5 1.30695 35993
2017 1021 000B 0000 0000 0005 -52.5 1.27627 36017
2017 1021 000B 0000 0000 0005 -52.5 1.29468 36294
2017 1021 000B 0000 0000 0005 -52.5 1.30695 36319
2017 1021 000B 0000 0000 0005 -52.5 1.31922 36597
2017 1021 000B 0000 0000 0005 -52.5 1.29468 36622
2017 1021 000B 0000 0000 0005 -52.5 1.31922 36898
2017 1021 000B 0000 0000 0005 -52.5 1.26400 36922
2017 1021 000B 0000 0000 0005 -52.5 1.33763 37201
2017 1021 000B 0000 0000 0005 -52.0 1.28854 37226
2017 1021 000B 0000 0000 0005 -52.5 1.28241 37503
2017 1021 000B 0000 0000 0005 -52.5 1.28241 37528
2017 1021 000B 0000 0000 0005 -52.5 1.26400 37805
2017 1021 000B 0000 0000 0005 -52.5 1.30695 37830
2017 1021 000B 0000 0000 0005 -52.5 1.30695 38107
2017 1021 000B 0000 0000 0005 -52.5 1.31922 38133
2017 1021 000B 0000 0000 0005 -52.5 1.28854 38411
2017 1021 000B 0000 0000 0005 -52.5 1.31309 38434
2017 1021 000B 0000 0000 0005 -52.5 1.30082 38714
2017 1021 000B 0000 0000 0005 -52.5 1.31922 38739
2017 1021 000B 0000 0000 0005 -52.5 1.25173 39017
2017 1021 000B 0000 0000 0005 -52.5 1.31309 39039
2017 1021 000B 0000 0000 0005 -52.5 1.31309 39318
2017 1021 000B 0000 0000 0005 -52.5 1.38672 39342
2017 1021 000B 0000 0000 0005 -52.5 1.25173 39620
2017 1021 000B 0000 0000 0005 -52.0 1.30695 39644
2017 1021 000B 0000 0000 0005 -52.5 1.30695 39922
2017 1021 000B 0000 0000 0005 -52.5 1.30082 39947
2017 1021 000B 0000 0000 0005 -52.5 1.29468 40224
2017 1021 000B 0000 0000 0005 -52.5 1.30695 40248
2017 1021 000B 0000 0000 0005 -52.5 1.31922 40526
2017 1021 000B 0000 0000 0005 -52.5 1.30082 40551
2017 1021 000B 0000 0000 0005 -52.5 1.28241 40828
2017 1021 000B 0000 0000 0005 -52.5 1.30695 40854
2017 1021 000B 0000 0000 0005 -52.5 1.36217 41131
2017 1021 000B 0000 0000 0005 -52.5 1.30695 41156
2017 1021 000B 0000 0000 0005 -52.5 1.34377 41433
2017 1021 000B 0000 0000 0005 -52.5 1.33150 41457
2017 1021 000B 0000 0000 0005 -52.5 1.33763 41734
2017 1021 000B 0000 0000 0005 -52.5 1.33763 41758
2017 1021 000B 0000 0000 0005 -52.5 1.28241 42036
2017 1021 000B 0000 0000 0005 -52.5 1.30695 42061
2017 1021 000B 0000 0000 0005 -52.0 1.29468 42339
2017 1021 000B 0000 0000 0005 -52.5 1.29468 42365
2017 1021 000B 0000 0000 0005 -52.5 1.30695 42643
2017 1021 000B 0000 0000 0005 -52.5 1.28854 42667
2017 1021 000B 0000 0000 0005 -52.5 1.31922 42945
2017 1021 000B 0000 0000 0005 -52.5 1.34377 42969
2017 1021 000B 0000 0000 0005 -52.0 1.30695 43248
2017 1021 000B 0000 0000 0005 -52.5 1.28854 43272
2017 1021 000B 0000 0000 0005 -52.0 1.31309 43550
2017 1021 000B 0000 0000 0005 -52.5 1.31922 43575
2017 1021 000B 0000 0000 0005 -52.5 1.30695 43854
2017 1021 000B 0000 0000 0005 -52.5 1.31309 43878
2017 1021 000B 0000 0000 0005 -52.5 1.33150 44156
2017 1021 000B 0000 0000 0005 -52.0 1.30695 44182
2017 1021 000B 0000 0000 0005 -52.5 1.32536 44460
2017 1021 000B 0000 0000 0005 -53.0 1.27627 44483
2017 1021 000B 0000 0000 0005 -52.5 1.30695 44761
2017 1021 000B 0000 0000 0005 -52.5 1.30082 44786
