2017 1021 000B 0000 0000 0005 -43.5 2.40528 0
2017 1021 000B 0000 0000 0005 -42.5 2.39915 22
2017 1021 000B 0000 0000 0005 -42.5 2.40528 300
2017 1021 000B 0000 0000 0005 -42.5 2.40528 325
2017 1021 000B 0000 0000 0005 -43.0 2.41142 603
2017 1021 000B 0000 0000 0005 -43.0 2.41755 628
2017 1021 000B 0000 0000 0005 -42.5 2.39915 906
2017 1021 000B 0000 0000 0005 -42.5 2.41755 930
2017 1021 000B 0000 0000 0005 -43.0 2.39915 1208
2017 1021 000B 0000 0000 0005 -42.5 2.39915 1233
2017 1021 000B 0000 0000 0005 -42.5 2.41755 1509
2017 1021 000B 0000 0000 0005 -43.0 2.40528 1535
2017 1021 000B 0000 0000 0005 -42.5 2.41142 1814
2017 1021 000B 0000 0000 0005 -42.5 2.41142 1838
2017 1021 000B 0000 0000 0005 -42.5 2.43596 2116
2017 1021 000B 0000 0000 0005 -42.5 2.41142 2140
2017 1021 000B 0000 0000 0005 -43.0 2.42369 2418
2017 1021 000B 0000 0000 0005 -42.5 2.42369 2442
2017 1021 000B 0000 0000 0005 -42.5 2.42369 2719
2017 1021 000B 0000 0000 0005 -42.5 2.40528 2743
2017 1021 000B 0000 0000 0005 -43.0 2.41755 3021
2017 1021 000B 0000 0000 0005 -42.5 2.44210 3047
2017 1021 000B 0000 0000 0005 -42.5 2.41142 3323
2017 1021 000B 0000 0000 0005 -42.5 2.42369 3348
2017 1021 000B 0000 0000 0005 -42.5 2.39301 3626
2017 1021 000B 0000 0000 0005 -42.5 2.41755 3649
2017 1021 000B 0000 0000 0005 -42.5 2.41142 3928
2017 1021 000B 0000 0000 0005 -42.5 2.42369 3953
2017 1021 000B 0000 0000 0005 -42.5 2.43596 4230
2017 1021 000B 0000 0000 0005 -42.5 2.40528 4254
2017 1021 000B 0000 0000 0005 -42.5 2.42369 4530
2017 1021 000B 0000 0000 0005 -42.5 2.42369 4555
2017 1021 000B 0000 0000 0005 -42.5 2.39915 4833
2017 1021 000B 0000 0000 0005 -42.5 2.41142 4858
2017 1021 000B 0000 0000 0005 -42.5 2.42369 5135
2017 1021 000B 0000 0000 0005 -42.5 2.44210 5161
2017 1021 000B 0000 0000 0005 -42.5 2.42983 5438
2017 1021 000B 0000 0000 0005 -42.5 2.42369 5463
2017 1021 000B 0000 0000 0005 -43.0 2.41142 5739
2017 1021 000B 0000 0000 0005 -42.5 2.42369 5764
2017 1021 000B 0000 0000 0005 -42.5 2.41142 6041
2017 1021 000B 0000 0000 0005 -42.5 2.41142 6067
2017 1021 000B 0000 0000 0005 -42.5 2.40528 6343
2017 1021 000B 0000 0000 0005 -42.5 2.42369 6367
2017 1021 000B 0000 0000 0005 -42.5 2.41142 6645
2017 1021 000B 0000 0000 0005 -42.5 2.42369 6672
2017 1021 000B 0000 0000 0005 -43.0 2.42983 6949
2017 1021 000B 0000 0000 0005 -42.5 2.40528 6975
2017 1021 000B 0000 0000 0005 -42.5 2.41755 7251
2017 1021 000B 0000 0000 0005 -42.5 2.42983 7277
2017 1021 000B 0000 0000 0005 -42.5 2.41755 7556
2017 1021 000B 0000 0000 0005 -42.5 2.42983 7579
2017 1021 000B 0000 0000 0005 -42.5 2.42369 7857
2017 1021 000B 0000 0000 0005 -42.5 2.41755 7881
2017 1021 000B 0000 0000 0005 -42.5 2.41142 8159
2017 1021 000B 0000 0000 0005 -42.5 2.41755 8183
2017 1021 000B 0000 0000 0005 -42.5 2.40528 8462
2017 1021 000B 0000 0000 0005 -42.5 2.39301 8485
2017 1021 000B 0000 0000 0005 -42.5 2.40528 8762
2017 1021 000B 0000 0000 0005 -42.5 2.41142 8787
2017 1021 000B 0000 0000 0005 -42.5 2.43596 9066
2017 1021 000B 0000 0000 0005 -42.5 2.42369 9089
2017 1021 000B 0000 0000 0005 -42.5 2.41142 9367
2017 1021 000B 0000 0000 0005 -42.5 2.42369 9391
2017 1021 000B 0000 0000 0005 -42.5 2.41755 9668
2017 1021 000B 0000 0000 0005 -42.5 2.42369 9693
2017 1021 000B 0000 0000 0005 -43.0 2.41755 9971
2017 1021 000B 0000 0000 0005 -42.5 2.42983 9995
2017 1021 000B 0000 0000 0005 -42.5 2.42983 10273
2017 1021 000B 0000 0000 0005 -42.5 2.41142 10297
2017 1021 000B 0000 0000 0005 -43.0 2.41142 10574
2017 1021 000B 0000 0000 0005 -42.5 2.41142 10599
2017 1021 000B 0000 0000 0005 -42.5 2.44210 10878
2017 1021 000B 0000 0000 0005 -42.5 2.42983 10902
2017 1021 000B 0000 0000 0005 -42.5 2.42369 11179
2017 1021 000B 0000 0000 0005 -43.0 2.41755 11203
2017 1021 000B 0000 0000 0005 -43.0 2.42369 11482
2017 1021 000B 0000 0000 0005 -42.5 2.43596 11507
2017 1021 000B 0000 0000 0005 -42.5 2.41755 11784
2017 1021 000B 0000 0000 0005 -42.5 2.41142 11809
2017 1021 000B 0000 0000 0005 -43.0 2.42983 12087
2017 1021 000B 0000 0000 0005 -42.5 2.41755 12112
2017 1021 000B 0000 0000 0005 -42.5 2.41755 12388
2017 1021 000B 0000 0000 0005 -42.5 2.42369 12415
2017 1021 000B 0000 0000 0005 -42.5 2.42369 12692
2017 1021 000B 0000 0000 0005 -42.5 2.44210 12716
2017 1021 000B 0000 0000 0005 -43.0 2.41142 12994
2017 1021 000B 0000 0000 0005 -42.5 2.41755 13019
2017 1021 000B 0000 0000 0005 -42.5 2.42983 13296
2017 1021 000B 0000 0000 0005 -42.5 2.40528 13321
2017 1021 000B 0000 0000 0005 -42.5 2.41755 13599
2017 1021 000B 0000 0000 0005 -43.0 2.44210 13622
2017 1021 000B 0000 0000 0005 -42.5 2.41755 13900
2017 1021 000B 0000 0000 0005 -42.5 2.41142 13926
2017 1021 000B 0000 0000 0005 -42.5 2.41755 14202
2017 1021 000B 0000 0000 0005 -42.5 2.44210 14227
2017 1021 000B 0000 0000 0005 -42.5 2.41755 14504
2017 1021 000B 0000 0000 0005 -43.0 2.42369 14529
2017 1021 000B 0000 0000 0005 -42.5 2.41755 14807
2017 1021 000B 0000 0000 0005 -42.5 2.41142 14832
2017 1021 000B 0000 0000 0005 -42.5 2.44210 15109
2017 1021 000B 0000 0000 0005 -42.5 2.42369 15133
2017 1021 000B 0000 0000 0005 -42.5 2.42983 15411
2017 1021 000B 0000 0000 0005 -42.5 2.41755 15435
2017 1021 000B 0000 0000 0005 -42.5 2.42983 15713
2017 1021 000B 0000 0000 0005 -42.5 2.40528 15739
2017 1021 000B 0000 0000 0005 -42.5 2.41755 16016
2017 1021 000B 0000 0000 0005 -42.5 2.42369 16041
2017 1021 000B 0000 0000 0005 -43.0 2.40528 16318
2017 1021 000B 0000 0000 0005 -43.0 2.43596 16342
2017 1021 000B 0000 0000 0005 -43.0 2.42369 16620
2017 1021 000B 0000 0000 0005 -42.5 2.42369 16645
2017 1021 000B 0000 0000 0005 -42.5 2.42369 16922
2017 1021 000B 0000 0000 0005 -43.0 2.42369 16948
2017 1021 000B 0000 0000 0005 -43.0 2.42983 17226
2017 1021 000B 0000 0000 0005 -43.0 2.43596 17251
2017 1021 000B 0000 0000 0005 -42.5 2.42369 17528
2017 1021 000B 0000 0000 0005 -42.5 2.39915 17553
2017 1021 000B 0000 0000 0005 -42.5 2.39915 17831
2017 1021 000B 0000 0000 0005 -42.5 2.41755 17856
2017 1021 000B 0000 0000 0005 -43.0 2.42369 18134
2017 1021 000B 0000 0000 0005 -42.5 2.41142 18157
2017 1021 000B 0000 0000 0005 -42.5 2.42369 18436
2017 1021 000B 0000 0000 0005 -42.5 2.41755 18462
2017 1021 000B 0000 0000 0005 -42.5 2.41142 18738
2017 1021 000B 0000 0000 0005 -42.5 2.41755 18763
2017 1021 000B 0000 0000 0005 -43.0 2.42369 19040
2017 1021 000B 0000 0000 0005 -42.5 2.42369 19065
2017 1021 000B 0000 0000 0005 -42.5 2.42983 19343
2017 1021 000B 0000 0000 0005 -42.5 2.42369 19368
2017 1021 000B 0000 0000 0005 -42.5 2.42369 19645
2017 1021 000B 0000 0000 0005 -42.5 2.42983 19671
2017 1021 000B 0000 0000 0005 -42.5 2.42983 19948
2017 1021 000B 0000 0000 0005 -43.0 2.41755 19972
2017 1021 000B 0000 0000 0005 -43.0 2.41142 20251
2017 1021 000B 0000 0000 0005 -43.0 2.41755 20276
2017 1021 000B 0000 0000 0005 -42.5 2.41755 20552
2017 1021 000B 0000 0000 0005 -42.5 2.42369 20577
2017 1021 000B 0000 0000 0005 -43.0 2.42983 20855
2017 1021 000B 0000 0000 0005 -42.5 2.42369 20880
2017 1021 000B 0000 0000 0005 -42.5 2.41755 21157
2017 1021 000B 0000 0000 0005 -43.0 2.41142 21183
2017 1021 000B 0000 0000 0005 -42.5 2.42369 21460
2017 1021 000B 0000 0000 0005 -42.5 2.43596 21487
2017 1021 000B 0000 0000 0005 -43.0 2.41755 21763
2017 1021 000B 0000 0000 0005 -43.0 2.43596 21787
2017 1021 000B 0000 0000 0005 -42.5 2.41755 22064
2017 1021 000B 0000 0000 0005 -43.0 2.41755 22088
2017 1021 000B 0000 0000 0005 -42.5 2.42369 22366
2017 1021 000B 0000 0000 0005 -42.5 2.41755 22391
2017 1021 000B 0000 0000 0005 -42.5 2.44823 22668
2017 1021 000B 0000 0000 0005 -42.5 2.42983 22693
2017 1021 000B 0000 0000 0005 -42.5 2.42369 22970
2017 1021 000B 0000 0000 0005 -42.5 2.42369 22994
2017 1021 000B 0000 0000 0005 -42.5 2.41755 23274
2017 1021 000B 0000 0000 0005 -42.5 2.43596 23298
2017 1021 000B 0000 0000 0005 -42.5 2.42983 23576
2017 1021 000B 0000 0000 0005 -42.5 2.42369 23600
2017 1021 000B 0000 0000 0005 -43.0 2.42369 23878
2017 1021 000B 0000 0000 0005 -42.5 2.42369 23903
2017 1021 000B 0000 0000 0005 -43.0 2.44210 24179
2017 1021 000B 0000 0000 0005 -42.5 2.42369 24204
2017 1021 000B 0000 0000 0005 -43.0 2.42369 24482
2017 1021 000B 0000 0000 0005 -42.5 2.42983 24506
2017 1021 000B 0000 0000 0005 -42.5 2.42983 24785
2017 1021 000B 0000 0000 0005 -43.0 2.43596 24810
2017 1021 000B 0000 0000 0005 -42.5 2.41142 25087
2017 1021 000B 0000 0000 0005 -42.5 2.42369 25112
2017 1021 000B 0000 0000 0005 -42.5 2.42983 25390
2017 1021 000B 0000 0000 0005 -42.5 2.43596 25414
2017 1021 000B 0000 0000 0005 -43.0 2.42983 25692
2017 1021 000B 0000 0000 0005 -42.5 2.44823 25716
2017 1021 000B 0000 0000 0005 -43.0 2.42369 25994
2017 1021 000B 0000 0000 0005 -42.5 2.41755 26020
2017 1021 000B 0000 0000 0005 -42.5 2.41755 26295
2017 1021 000B 0000 0000 0005 -42.5 2.41755 26321
2017 1021 000B 0000 0000 0005 -43.0 2.41142 26599
2017 1021 000B 0000 0000 0005 -42.5 2.41142 26622
2017 1021 000B 0000 0000 0005 -42.5 2.39301 26901
2017 1021 000B 0000 0000 0005 -43.0 2.42369 26925
2017 1021 000B 0000 0000 0005 -43.0 2.42983 27204
2017 1021 000B 0000 0000 0005 -42.5 2.41755 27228
2017 1021 000B 0000 0000 0005 -42.5 2.42369 27506
2017 1021 000B 0000 0000 0005 -43.0 2.44210 27530
2017 1021 000B 0000 0000 0005 -43.0 2.43596 27808
2017 1021 000B 0000 0000 0005 -43.0 2.41142 27834
2017 1021 000B 0000 0000 0005 -42.5 2.42983 28110
2017 1021 000B 0000 0000 0005 -42.5 2.42369 28135
2017 1021 000B 0000 0000 0005 -42.5 2.41142 28412
2017 1021 000B 0000 0000 0005 -43.0 2.41142 28436
2017 1021 000B 0000 0000 0005 -43.0 2.41142 28715
2017 1021 000B 0000 0000 0005 -42.5 2.42983 28739
2017 1021 000B 0000 0000 0005 -42.5 2.41755 29017
2017 1021 000B 0000 0000 0005 -42.5 2.41142 29041
2017 1021 000B 0000 0000 0005 -42.5 2.42369 29319
2017 1021 000B 0000 0000 0005 -42.5 2.41142 29345
2017 1021 000B 0000 0000 0005 -42.5 2.39915 29620
2017 1021 000B 0000 0000 0005 -42.5 2.41755 29646
2017 1021 000B 0000 0000 0005 -43.0 2.41142 29923
2017 1021 000B 0000 0000 0005 -43.0 2.40528 29947
2017 1021 000B 0000 0000 0005 -42.5 2.42983 30226
2017 1021 000B 0000 0000 0005 -43.0 2.42983 30251
2017 1021 000B 0000 0000 0005 -43.0 2.41142 30529
2017 1021 000B 0000 0000 0005 -43.0 2.42983 30553
2017 1021 000B 0000 0000 0005 -42.5 2.41755 30830
2017 1021 000B 0000 0000 0005 -42.5 2.41142 30855
2017 1021 000B 0000 0000 0005 -42.5 2.42369 31132
2017 1021 000B 0000 0000 0005 -42.5 2.41755 31155
2017 1021 000B 0000 0000 0005 -43.0 2.42369 31434
2017 1021 000B 0000 0000 0005 -43.0 2.41142 31458
2017 1021 000B 0000 0000 0005 -42.5 2.41142 31737
2017 1021 000B 0000 0000 0005 -43.0 2.42369 31761
2017 1021 000B 0000 0000 0005 -43.0 2.41142 32038
2017 1021 000B 0000 0000 0005 -43.0 2.40528 32064
