2017 1021 000B 0000 0000 0005 -36.0 2.29484 0
2017 1021 000B 0000 0000 0005 -36.0 2.31324 22
2017 1021 000B 0000 0000 0005 -36.0 2.31324 299
2017 1021 000B 0000 0000 0005 -36.0 2.33165 323
2017 1021 000B 0000 0000 0005 -36.0 2.30097 603
2017 1021 000B 0000 0000 0005 -36.0 2.30711 626
2017 1021 000B 0000 0000 0005 -36.0 2.31324 904
2017 1021 000B 0000 0000 0005 -36.0 2.32551 930
2017 1021 000B 0000 0000 0005 -36.0 2.33779 1208
2017 1021 000B 0000 0000 0005 -36.0 2.32551 1231
2017 1021 000B 0000 0000 0005 -36.0 2.34392 1509
2017 1021 000B 0000 0000 0005 -36.0 2.32551 1534
2017 1021 000B 0000 0000 0005 -36.0 2.33165 1812
2017 1021 000B 0000 0000 0005 -36.0 2.33165 1836
2017 1021 000B 0000 0000 0005 -36.0 2.32551 2115
2017 1021 000B 0000 0000 0005 -36.0 2.33779 2140
2017 1021 000B 0000 0000 0005 -36.0 2.33165 2419
2017 1021 000B 0000 0000 0005 -36.0 2.31324 2443
2017 1021 000B 0000 0000 0005 -36.0 2.32551 2721
2017 1021 000B 0000 0000 0005 -36.0 2.33165 2745
2017 1021 000B 0000 0000 0005 -36.0 2.31324 3024
2017 1021 000B 0000 0000 0005 -36.0 2.31938 3048
2017 1021 000B 0000 0000 0005 -36.0 2.33779 3326
2017 1021 000B 0000 0000 0005 -36.0 2.33779 3352
2017 1021 000B 0000 0000 0005 -36.0 2.31938 3628
2017 1021 000B 0000 0000 0005 -36.0 2.31324 3655
2017 1021 000B 0000 0000 0005 -36.0 2.33165 3931
2017 1021 000B 0000 0000 0005 -36.0 2.33165 3956
2017 1021 000B 0000 0000 0005 -36.0 2.32551 4233
2017 1021 000B 0000 0000 0005 -36.0 2.31938 4257
2017 1021 000B 0000 0000 0005 -36.0 2.31324 4535
2017 1021 000B 0000 0000 0005 -36.0 2.31324 4560
2017 1021 000B 0000 0000 0005 -36.0 2.33779 4837
2017 1021 000B 0000 0000 0005 -36.0 2.32551 4862
2017 1021 000B 0000 0000 0005 -36.0 2.31938 5139
2017 1021 000B 0000 0000 0005 -36.0 2.31938 5165
2017 1021 000B 0000 0000 0005 -36.0 2.31938 5441
2017 1021 000B 0000 0000 0005 -36.0 2.33165 5466
2017 1021 000B 0000 0000 0005 -36.0 2.33165 5743
2017 1021 000B 0000 0000 0005 -36.0 2.33779 5768
2017 1021 000B 0000 0000 0005 -36.0 2.31938 6045
2017 1021 000B 0000 0000 0005 -36.0 2.32551 6070
2017 1021 000B 0000 0000 0005 -36.0 2.32551 6347
2017 1021 000B 0000 0000 0005 -36.0 2.35006 6371
2017 1021 000B 0000 0000 0005 -36.0 2.32551 6649
2017 1021 000B 0000 0000 0005 -36.0 2.32551 6673
2017 1021 000B 0000 0000 0005 -36.0 2.32551 6951
2017 1021 000B 0000 0000 0005 -36.0 2.32551 6976
2017 1021 000B 0000 0000 0005 -36.0 2.32551 7253
2017 1021 000B 0000 0000 0005 -36.0 2.32551 7279
2017 1021 000B 0000 0000 0005 -36.0 2.32551 7556
2017 1021 000B 0000 0000 0005 -36.0 2.33165 7581
2017 1021 000B 0000 0000 0005 -36.0 2.33779 7859
2017 1021 000B 0000 0000 0005 -36.0 2.33165 7883
2017 1021 000B 0000 0000 0005 -36.0 2.31324 8159
2017 1021 000B 0000 0000 0005 -36.0 2.33165 8184
2017 1021 000B 0000 0000 0005 -36.0 2.33779 8463
2017 1021 000B 0000 0000 0005 -36.0 2.31324 8486
2017 1021 000B 0000 0000 0005 -36.0 2.33165 8765
2017 1021 000B 0000 0000 0005 -36.0 2.31324 8790
2017 1021 000B 0000 0000 0005 -36.0 2.33165 9068
2017 1021 000B 0000 0000 0005 -36.0 2.33165 9092
2017 1021 000B 0000 0000 0005 -36.0 2.33165 9370
2017 1021 000B 0000 0000 0005 -36.0 2.31938 9396
2017 1021 000B 0000 0000 0005 -36.0 2.33165 9672
2017 1021 000B 0000 0000 0005 -36.0 2.33779 9697
2017 1021 000B 0000 0000 0005 -36.0 2.33165 9974
2017 1021 000B 0000 0000 0005 -36.0 2.32551 10000
2017 1021 000B 0000 0000 0005 -36.0 2.31938 10278
2017 1021 000B 0000 0000 0005 -36.0 2.31938 10302
2017 1021 000B 0000 0000 0005 -36.0 2.33779 10579
2017 1021 000B 0000 0000 0005 -36.0 2.33779 10602
2017 1021 000B 0000 0000 0005 -36.0 2.32551 10881
2017 1021 000B 0000 0000 0005 -36.0 2.33165 10906
2017 1021 000B 0000 0000 0005 -36.0 2.31938 11183
2017 1021 000B 0000 0000 0005 -36.0 2.33165 11207
2017 1021 000B 0000 0000 0005 -36.0 2.31938 11484
2017 1021 000B 0000 0000 0005 -36.0 2.31938 11509
2017 1021 000B 0000 0000 0005 -36.0 2.31324 11788
2017 1021 000B 0000 0000 0005 -36.0 2.33779 11814
2017 1021 000B 0000 0000 0005 -36.0 2.33165 12090
2017 1021 000B 0000 0000 0005 -36.0 2.31938 12115
2017 1021 000B 0000 0000 0005 -36.0 2.33779 12394
2017 1021 000B 0000 0000 0005 -36.0 2.33165 12418
2017 1021 000B 0000 0000 0005 -36.0 2.32551 12696
2017 1021 000B 0000 0000 0005 -36.0 2.31938 12722
2017 1021 000B 0000 0000 0005 -36.0 2.30711 12999
2017 1021 000B 0000 0000 0005 -36.0 2.31938 13024
2017 1021 000B 0000 0000 0005 -36.0 2.31938 13300
2017 1021 000B 0000 0000 0005 -36.0 2.31938 13327
2017 1021 000B 0000 0000 0005 -36.0 2.31938 13603
2017 1021 000B 0000 0000 0005 -36.0 2.31324 13627
2017 1021 000B 0000 0000 0005 -36.0 2.32551 13905
2017 1021 000B 0000 0000 0005 -36.0 2.33165 13930
2017 1021 000B 0000 0000 0005 -36.0 2.32551 14207
2017 1021 000B 0000 0000 0005 -36.0 2.33165 14232
2017 1021 000B 0000 0000 0005 -36.0 2.32551 14508
2017 1021 000B 0000 0000 0005 -36.0 2.33165 14535
2017 1021 000B 0000 0000 0005 -36.0 2.33779 14811
2017 1021 000B 0000 0000 0005 -36.0 2.32551 14835
2017 1021 000B 0000 0000 0005 -36.0 2.33165 15113
2017 1021 000B 0000 0000 0005 -36.0 2.31938 15138
2017 1021 000B 0000 0000 0005 -36.0 2.33165 15414
2017 1021 000B 0000 0000 0005 -36.0 2.32551 15439
2017 1021 000B 0000 0000 0005 -36.0 2.33165 15716
2017 1021 000B 0000 0000 0005 -36.0 2.31938 15741
2017 1021 000B 0000 0000 0005 -36.0 2.32551 16019
2017 1021 000B 0000 0000 0005 -36.0 2.33779 16044
2017 1021 000B 0000 0000 0005 -36.0 2.31324 16321
2017 1021 000B 0000 0000 0005 -36.0 2.31324 16346
2017 1021 000B 0000 0000 0005 -36.0 2.31324 16624
2017 1021 000B 0000 0000 0005 -36.0 2.32551 16650
2017 1021 000B 0000 0000 0005 -36.0 2.31938 16927
2017 1021 000B 0000 0000 0005 -36.0 2.33165 16951
2017 1021 000B 0000 0000 0005 -36.0 2.33779 17230
2017 1021 000B 0000 0000 0005 -36.0 2.33779 17254
2017 1021 000B 0000 0000 0005 -36.0 2.32551 17533
2017 1021 000B 0000 0000 0005 -36.0 2.33165 17556
2017 1021 000B 0000 0000 0005 -36.0 2.33779 17834
2017 1021 000B 0000 0000 0005 -36.0 2.33165 17859
2017 1021 000B 0000 0000 0005 -36.0 2.31324 18136
2017 1021 000B 0000 0000 0005 -36.0 2.31324 18162
2017 1021 000B 0000 0000 0005 -36.0 2.33165 18440
2017 1021 000B 0000 0000 0005 -36.0 2.33165 18463
2017 1021 000B 0000 0000 0005 -36.0 2.33165 18740
2017 1021 000B 0000 0000 0005 -36.0 2.31324 18766
2017 1021 000B 0000 0000 0005 -36.0 2.31938 19043
2017 1021 000B 0000 0000 0005 -36.0 2.32551 19068
2017 1021 000B 0000 0000 0005 -36.0 2.31938 19345
2017 1021 000B 0000 0000 0005 -36.0 2.31324 19371
2017 1021 000B 0000 0000 0005 -36.0 2.31324 19648
2017 1021 000B 0000 0000 0005 -36.0 2.33165 19672
2017 1021 000B 0000 0000 0005 -36.0 2.33165 19951
2017 1021 000B 0000 0000 0005 -36.0 2.32551 19975
2017 1021 000B 0000 0000 0005 -36.0 2.33165 20252
2017 1021 000B 0000 0000 0005 -36.0 2.31938 20277
2017 1021 000B 0000 0000 0005 -36.0 2.31324 20556
2017 1021 000B 0000 0000 0005 -36.0 2.32551 20579
2017 1021 000B 0000 0000 0005 -36.0 2.32551 20856
2017 1021 000B 0000 0000 0005 -36.0 2.32551 20881
2017 1021 000B 0000 0000 0005 -36.0 2.31938 21159
2017 1021 000B 0000 0000 0005 -36.0 2.31324 21183
2017 1021 000B 0000 0000 0005 -36.0 2.31938 21461
2017 1021 000B 0000 0000 0005 -36.0 2.32551 21486
2017 1021 000B 0000 0000 0005 -36.0 2.34392 21762
2017 1021 000B 0000 0000 0005 -36.0 2.32551 21787
2017 1021 000B 0000 0000 0005 -36.0 2.31938 22065
2017 1021 000B 0000 0000 0005 -36.0 2.34392 22090
2017 1021 000B 0000 0000 0005 -36.0 2.33165 22369
2017 1021 000B 0000 0000 0005 -36.0 2.31938 22394
2017 1021 000B 0000 0000 0005 -36.0 2.32551 22669
2017 1021 000B 0000 0000 0005 -36.0 2.33165 22695
2017 1021 000B 0000 0000 0005 -36.0 2.33165 22971
2017 1021 000B 0000 0000 0005 -36.0 2.33779 22996
2017 1021 000B 0000 0000 0005 -36.0 2.31938 23273
2017 1021 000B 0000 0000 0005 -36.0 2.32551 23297
2017 1021 000B 0000 0000 0005 -36.0 2.33165 23576
2017 1021 000B 0000 0000 0005 -36.0 2.31324 23600
2017 1021 000B 0000 0000 0005 -36.0 2.33779 23878
2017 1021 000B 0000 0000 0005 -36.0 2.33165 23902
2017 1021 000B 0000 0000 0005 -36.0 2.33165 24179
2017 1021 000B 0000 0000 0005 -36.0 2.32551 24205
2017 1021 000B 0000 0000 0005 -36.0 2.33165 24483
2017 1021 000B 0000 0000 0005 -36.0 2.32551 24505
2017 1021 000B 0000 0000 0005 -36.0 2.33165 24782
2017 1021 000B 0000 0000 0005 -36.0 2.33779 24808
2017 1021 000B 0000 0000 0005 -36.0 2.33165 25085
2017 1021 000B 0000 0000 0005 -36.0 2.31938 25110
2017 1021 000B 0000 0000 0005 -36.0 2.33779 25387
2017 1021 000B 0000 0000 0005 -36.0 2.31938 25412
2017 1021 000B 0000 0000 0005 -36.0 2.30711 25689
2017 1021 000B 0000 0000 0005 -36.0 2.33779 25715
2017 1021 000B 0000 0000 0005 -36.0 2.35006 25991
2017 1021 000B 0000 0000 0005 -36.0 2.32551 26016
2017 1021 000B 0000 0000 0005 -36.0 2.33779 26293
2017 1021 000B 0000 0000 0005 -36.0 2.31938 26318
2017 1021 000B 0000 0000 0005 -36.0 2.32551 26596
2017 1021 000B 0000 0000 0005 -36.0 2.33165 26621
2017 1021 000B 0000 0000 0005 -36.0 2.32551 26898
2017 1021 000B 0000 0000 0005 -36.0 2.33165 26923
2017 1021 000B 0000 0000 0005 -36.0 2.35619 27200
2017 1021 000B 0000 0000 0005 -36.0 2.33779 27224
2017 1021 000B 0000 0000 0005 -36.0 2.33779 27502
2017 1021 000B 0000 0000 0005 -36.0 2.33779 27528
2017 1021 000B 0000 0000 0005 -36.0 2.33779 27806
2017 1021 000B 0000 0000 0005 -36.0 2.35619 27831
2017 1021 000B 0000 0000 0005 -36.0 2.33779 28108
2017 1021 000B 0000 0000 0005 -36.0 2.32551 28134
2017 1021 000B 0000 0000 0005 -36.0 2.32551 28411
2017 1021 000B 0000 0000 0005 -36.0 2.33165 28436
2017 1021 000B 0000 0000 0005 -36.0 2.33165 28714
2017 1021 000B 0000 0000 0005 -36.0 2.35006 28738
2017 1021 000B 0000 0000 0005 -36.0 2.34392 29015
2017 1021 000B 0000 0000 0005 -36.0 2.31938 29041
2017 1021 000B 0000 0000 0005 -36.0 2.33165 29318
2017 1021 000B 0000 0000 0005 -36.0 2.32551 29343
2017 1021 000B 0000 0000 0005 -36.0 2.31324 29620
2017 1021 000B 0000 0000 0005 -36.0 2.30711 29645
2017 1021 000B 0000 0000 0005 -36.0 2.31938 29922
2017 1021 000B 0000 0000 0005 -36.0 2.33165 29947
2017 1021 000B 0000 0000 0005 -36.0 2.31938 30224
2017 1021 000B 0000 0000 0005 -36.0 2.32551 30249
2017 1021 000B 0000 0000 0005 -36.0 2.31938 30527
2017 1021 000B 0000 0000 0005 -36.0 2.30711 30551
2017 1021 000B 0000 0000 0005 -36.0 2.31938 30829
2017 1021 000B 0000 0000 0005 -36.0 2.33779 30854
2017 1021 000B 0000 0000 0005 -36.0 2.30711 31131
2017 1021 000B 0000 0000 0005 -36.0 2.31324 31156
2017 1021 000B 0000 0000 0005 -36.0 2.32551 31433
2017 1021 000B 0000 0000 0005 -36.0 2.33165 31458
2017 1021 000B 0000 0000 0005 -36.0 2.31938 31735
2017 1021 000B 0000 0000 0005 -36.0 2.32551 31759
2017 1021 000B 0000 0000 0005 -36.0 2.31938 32037
2017 1021 000B 0000 0000 0005 -36.0 2.33165 32061
2017 1021 000B 0000 0000 0005 -36.0 2.32551 32339
2017 1021 000B 0000 0000 0005 -36.0 2.33165 32365
2017 1021 000B 0000 0000 0005 -36.0 2.33779 32642
2017 1021 000B 0000 0000 0005 -36.0 2.31938 32668
2017 1021 000B 0000 0000 0005 -36.0 2.33165 32946
2017 1021 000B 0000 0000 0005 -36.0 2.33779 32972
2017 1021 000B 0000 0000 0005 -36.0 2.31938 33250
2017 1021 000B 0000 0000 0005 -36.0 2.33779 33274
2017 1021 000B 0000 0000 0005 -36.0 2.31938 33551
2017 1021 000B 0000 0000 0005 -36.0 2.34392 33576
2017 1021 000B 0000 0000 0005 -36.0 2.31324 33853
2017 1021 000B 0000 0000 0005 -36.0 2.31324 33879
2017 1021 000B 0000 0000 0005 -36.0 2.32551 34157
2017 1021 000B 0000 0000 0005 -36.0 2.30711 34182
2017 1021 000B 0000 0000 0005 -36.0 2.31938 34460
2017 1021 000B 0000 0000 0005 -36.0 2.31938 34484
2017 1021 000B 0000 0000 0005 -36.0 2.32551 34761
2017 1021 000B 0000 0000 0005 -36.0 2.33779 34786
2017 1021 000B 0000 0000 0005 -36.0 2.33165 35064
2017 1021 000B 0000 0000 0005 -36.0 2.31938 35089
2017 1021 000B 0000 0000 0005 -36.0 2.31938 35365
2017 1021 000B 0000 0000 0005 -36.0 2.33165 35392
2017 1021 000B 0000 0000 0005 -36.0 2.32551 35668
2017 1021 000B 0000 0000 0005 -36.0 2.35006 35693
2017 1021 000B 0000 0000 0005 -36.0 2.33779 35971
2017 1021 000B 0000 0000 0005 -36.0 2.31324 35996
2017 1021 000B 0000 0000 0005 -36.0 2.33779 36273
2017 1021 000B 0000 0000 0005 -36.0 2.33779 36298
2017 1021 000B 0000 0000 0005 -36.0 2.31324 36575
2017 1021 000B 0000 0000 0005 -36.0 2.33165 36600
2017 1021 000B 0000 0000 0005 -36.0 2.31324 36878
2017 1021 000B 0000 0000 0005 -36.0 2.31324 36903
2017 1021 000B 0000 0000 0005 -36.0 2.31324 37179
2017 1021 000B 0000 0000 0005 -36.0 2.33779 37204
2017 1021 000B 0000 0000 0005 -36.0 2.31938 37482
2017 1021 000B 0000 0000 0005 -36.0 2.33779 37507
2017 1021 000B 0000 0000 0005 -36.0 2.31938 37783
2017 1021 000B 0000 0000 0005 -36.0 2.32551 37808
2017 1021 000B 0000 0000 0005 -36.0 2.33779 38086
2017 1021 000B 0000 0000 0005 -36.0 2.33779 38110
2017 1021 000B 0000 0000 0005 -36.0 2.33779 38389
2017 1021 000B 0000 0000 0005 -36.0 2.31938 38414
2017 1021 000B 0000 0000 0005 -36.0 2.33779 38692
2017 1021 000B 0000 0000 0005 -36.0 2.31938 38716
2017 1021 000B 0000 0000 0005 -36.0 2.33779 38995
2017 1021 000B 0000 0000 0005 -36.0 2.33779 39019
2017 1021 000B 0000 0000 0005 -36.0 2.32551 39296
2017 1021 000B 0000 0000 0005 -36.0 2.33165 39322
2017 1021 000B 0000 0000 0005 -36.0 2.33165 39598
2017 1021 000B 0000 0000 0005 -36.0 2.32551 39623
2017 1021 000B 0000 0000 0005 -36.0 2.35006 39901
2017 1021 000B 0000 0000 0005 -36.0 2.34392 39926
2017 1021 000B 0000 0000 0005 -36.0 2.33779 40202
2017 1021 000B 0000 0000 0005 -36.0 2.35619 40227
2017 1021 000B 0000 0000 0005 -36.0 2.35006 40505
2017 1021 000B 0000 0000 0005 -36.0 2.33779 40531
2017 1021 000B 0000 0000 0005 -36.0 2.34392 40807
2017 1021 000B 0000 0000 0005 -36.0 2.33165 40832
2017 1021 000B 0000 0000 0005 -36.0 2.33779 41110
2017 1021 000B 0000 0000 0005 -36.0 2.33165 41134
2017 1021 000B 0000 0000 0005 -36.0 2.33165 41411
2017 1021 000B 0000 0000 0005 -36.0 2.33779 41437
2017 1021 000B 0000 0000 0005 -36.0 2.33779 41715
2017 1021 000B 0000 0000 0005 -36.0 2.31324 41739
2017 1021 000B 0000 0000 0005 -36.0 2.33779 42016
2017 1021 000B 0000 0000 0005 -36.0 2.33165 42041
2017 1021 000B 0000 0000 0005 -36.0 2.35006 42319
2017 1021 000B 0000 0000 0005 -36.0 2.30097 42344
2017 1021 000B 0000 0000 0005 -36.0 2.33779 42620
2017 1021 000B 0000 0000 0005 -36.0 2.31938 42646
2017 1021 000B 0000 0000 0005 -36.0 2.33165 42924
2017 1021 000B 0000 0000 0005 -36.0 2.33165 42948
2017 1021 000B 0000 0000 0005 -36.0 2.35619 43226
2017 1021 000B 0000 0000 0005 -36.0 2.33779 43250
2017 1021 000B 0000 0000 0005 -36.0 2.31324 43528
2017 1021 000B 0000 0000 0005 -36.0 2.31324 43552
2017 1021 000B 0000 0000 0005 -36.0 2.35006 43830
2017 1021 000B 0000 0000 0005 -36.0 2.33165 43854
2017 1021 000B 0000 0000 0005 -36.0 2.32551 44131
2017 1021 000B 0000 0000 0005 -36.0 2.33779 44157
2017 1021 000B 0000 0000 0005 -36.0 2.33779 44435
2017 1021 000B 0000 0000 0005 -36.0 2.33165 44460
2017 1021 000B 0000 0000 0005 -36.0 2.33165 44739
2017 1021 000B 0000 0000 0005 -36.0 2.33165 44762
2017 1021 000B 0000 0000 0005 -36.0 2.35006 45039
2017 1021 000B 0000 0000 0005 -36.0 2.33165 45066
2017 1021 000B 0000 0000 0005 -36.0 2.31324 45342
2017 1021 000B 0000 0000 0005 -36.0 2.33165 45367
2017 1021 000B 0000 0000 0005 -36.0 2.32551 45646
2017 1021 000B 0000 0000 0005 -36.0 2.33779 45671
2017 1021 000B 0000 0000 0005 -36.0 2.31324 45948
2017 1021 000B 0000 0000 0005 -36.0 2.31324 45973
2017 1021 000B 0000 0000 0005 -36.0 2.32551 46249
2017 1021 000B 0000 0000 0005 -36.0 2.31324 46274
2017 1021 000B 0000 0000 0005 -36.0 2.33165 46552
2017 1021 000B 0000 0000 0005 -36.0 2.33165 46578
2017 1021 000B 0000 0000 0005 -36.0 2.35006 46855
2017 1021 000B 0000 0000 0005 -36.0 2.31938 46879
2017 1021 000B 0000 0000 0005 -36.0 2.34392 47158
2017 1021 000B 0000 0000 0005 -36.0 2.31938 47182
2017 1021 000B 0000 0000 0005 -36.0 2.33165 47459
2017 1021 000B 0000 0000 0005 -36.0 2.33165 47484
2017 1021 000B 0000 0000 0005 -36.0 2.33165 47761
2017 1021 000B 0000 0000 0005 -36.0 2.32551 47786
2017 1021 000B 0000 0000 0005 -36.0 2.33165 48065
2017 1021 000B 0000 0000 0005 -36.0 2.32551 48089
2017 1021 000B 0000 0000 0005 -36.0 2.31938 48365
2017 1021 000B 0000 0000 0005 -36.0 2.33165 48390
2017 1021 000B 0000 0000 0005 -36.0 2.33165 48668
2017 1021 000B 0000 0000 0005 -36.0 2.32551 48693
2017 1021 000B 0000 0000 0005 -36.0 2.34392 48970
2017 1021 000B 0000 0000 0005 -36.0 2.33779 48995
2017 1021 000B 0000 0000 0005 -36.0 2.32551 49272
2017 1021 000B 0000 0000 0005 -36.0 2.32551 49297
2017 1021 000B 0000 0000 0005 -36.0 2.31938 49576
2017 1021 000B 0000 0000 0005 -36.0 2.33165 49600
2017 1021 000B 0000 0000 0005 -36.0 2.33779 49878
2017 1021 000B 0000 0000 0005 -36.0 2.33779 49903
2017 1021 000B 0000 0000 0005 -36.0 2.33165 50179
2017 1021 000B 0000 0000 0005 -36.0 2.33165 50205
2017 1021 000B 0000 0000 0005 -36.0 2.33165 50482
2017 1021 000B 0000 0000 0005 -36.0 2.32551 50507
2017 1021 000B 0000 0000 0005 -36.0 2.33165 50784
2017 1021 000B 0000 0000 0005 -36.0 2.33779 50809
2017 1021 000B 0000 0000 0005 -36.0 2.33779 51086
2017 1021 000B 0000 0000 0005 -36.0 2.35619 51113
2017 1021 000B 0000 0000 0005 -36.0 2.33779 51389
2017 1021 000B 0000 0000 0005 -36.0 2.33165 51413
2017 1021 000B 0000 0000 0005 -36.0 2.33165 51692
2017 1021 000B 0000 0000 0005 -36.0 2.33165 51717
2017 1021 000B 0000 0000 0005 -36.0 2.33165 51993
2017 1021 000B 0000 0000 0005 -36.0 2.35006 52018
2017 1021 000B 0000 0000 0005 -36.0 2.31938 52297
2017 1021 000B 0000 0000 0005 -36.0 2.35619 52319
2017 1021 000B 0000 0000 0005 -36.0 2.32551 52599
2017 1021 000B 0000 0000 0005 -36.0 2.33165 52622
2017 1021 000B 0000 0000 0005 -36.0 2.32551 52900
2017 1021 000B 0000 0000 0005 -36.0 2.33165 52924
2017 1021 000B 0000 0000 0005 -36.0 2.33779 53203
2017 1021 000B 0000 0000 0005 -36.0 2.35006 53227
2017 1021 000B 0000 0000 0005 -36.0 2.31938 53504
2017 1021 000B 0000 0000 0005 -36.0 2.33779 53530
2017 1021 000B 0000 0000 0005 -36.0 2.32551 53807
2017 1021 000B 0000 0000 0005 -36.0 2.33165 53832
2017 1021 000B 0000 0000 0005 -36.0 2.35006 54109
2017 1021 000B 0000 0000 0005 -36.0 2.31938 54134
2017 1021 000B 0000 0000 0005 -36.0 2.33165 54413
2017 1021 000B 0000 0000 0005 -36.0 2.33779 54436
2017 1021 000B 0000 0000 0005 -36.0 2.33165 54715
2017 1021 000B 0000 0000 0005 -36.0 2.33779 54740
2017 1021 000B 0000 0000 0005 -36.0 2.31324 55018
2017 1021 000B 0000 0000 0005 -36.0 2.33165 55043
2017 1021 000B 0000 0000 0005 -36.0 2.31324 55320
2017 1021 000B 0000 0000 0005 -36.0 2.31324 55344
2017 1021 000B 0000 0000 0005 -36.0 2.31938 55622
2017 1021 000B 0000 0000 0005 -36.0 2.31938 55646
2017 1021 000B 0000 0000 0005 -36.0 2.31324 55924
2017 1021 000B 0000 0000 0005 -36.0 2.32551 55948
2017 1021 000B 0000 0000 0005 -36.0 2.32551 56226
2017 1021 000B 0000 0000 0005 -36.0 2.32551 56250
2017 1021 000B 0000 0000 0005 -36.0 2.31938 56530
2017 1021 000B 0000 0000 0005 -36.0 2.33165 56554
2017 1021 000B 0000 0000 0005 -36.0 2.35619 56831
2017 1021 000B 0000 0000 0005 -36.0 2.33165 56855
2017 1021 000B 0000 0000 0005 -36.0 2.35619 57134
2017 1021 000B 0000 0000 0005 -36.0 2.33779 57158
2017 1021 000B 0000 0000 0005 -36.0 2.31324 57436
2017 1021 000B 0000 0000 0005 -36.0 2.32551 57460
2017 1021 000B 0000 0000 0005 -36.0 2.34392 57738
2017 1021 000B 0000 0000 0005 -36.0 2.30711 57762
2017 1021 000B 0000 0000 0005 -36.0 2.31938 58039
2017 1021 000B 0000 0000 0005 -36.0 2.33165 58064
2017 1021 000B 0000 0000 0005 -36.0 2.32551 58341
2017 1021 000B 0000 0000 0005 -36.0 2.32551 58367
2017 1021 000B 0000 0000 0005 -36.0 2.33165 58645
2017 1021 000B 0000 0000 0005 -35.5 2.31324 58669
2017 1021 000B 0000 0000 0005 -36.0 2.31324 58947
2017 1021 000B 0000 0000 0005 -36.0 2.31324 58971
2017 1021 000B 0000 0000 0005 -36.0 2.30711 59249
2017 1021 000B 0000 0000 0005 -36.0 2.31324 59273
2017 1021 000B 0000 0000 0005 -36.0 2.33165 59552
2017 1021 000B 0000 0000 0005 -36.0 2.33165 59575
2017 1021 000B 0000 0000 0005 -36.0 2.33779 59853
2017 1021 000B 0000 0000 0005 -36.0 2.32551 59877
2017 1021 000B 0000 0000 0005 -36.0 2.32551 60157
2017 1021 000B 0000 0000 0005 -36.0 2.33165 60179
2017 1021 000B 0000 0000 0005 -36.0 2.35006 60457
2017 1021 000B 0000 0000 0005 -36.0 2.33165 60482
2017 1021 000B 0000 0000 0005 -36.0 2.31938 60761
2017 1021 000B 0000 0000 0005 -36.0 2.33165 60784
2017 1021 000B 0000 0000 0005 -36.0 2.34392 61063
2017 1021 000B 0000 0000 0005 -36.0 2.33779 61086
2017 1021 000B 0000 0000 0005 -36.0 2.32551 61364
2017 1021 000B 0000 0000 0005 -36.0 2.33165 61388
2017 1021 000B 0000 0000 0005 -36.0 2.32551 61666
2017 1021 000B 0000 0000 0005 -36.0 2.33779 61691
2017 1021 000B 0000 0000 0005 -36.0 2.32551 61969
2017 1021 000B 0000 0000 0005 -36.0 2.31324 61994
2017 1021 000B 0000 0000 0005 -36.0 2.33165 62272
2017 1021 000B 0000 0000 0005 -36.0 2.32551 62297
2017 1021 000B 0000 0000 0005 -36.0 2.32551 62574
2017 1021 000B 0000 0000 0005 -36.0 2.32551 62599
2017 1021 000B 0000 0000 0005 -36.0 2.33165 62875
2017 1021 000B 0000 0000 0005 -36.0 2.31324 62901
2017 1021 000B 0000 0000 0005 -36.0 2.33165 63179
2017 1021 000B 0000 0000 0005 -36.0 2.33779 63203
2017 1021 000B 0000 0000 0005 -36.0 2.32551 63480
2017 1021 000B 0000 0000 0005 -36.0 2.31324 63505
2017 1021 000B 0000 0000 0005 -36.0 2.32551 63783
2017 1021 000B 0000 0000 0005 -36.0 2.33165 63807
2017 1021 000B 0000 0000 0005 -36.0 2.33779 64085
2017 1021 000B 0000 0000 0005 -36.0 2.31324 64109
2017 1021 000B 0000 0000 0005 -36.0 2.33165 64386
2017 1021 000B 0000 0000 0005 -36.0 2.31938 64412
2017 1021 000B 0000 0000 0005 -36.0 2.33165 64690
2017 1021 000B 0000 0000 0005 -36.0 2.31938 64713
2017 1021 000B 0000 0000 0005 -36.0 2.33779 64991
2017 1021 000B 0000 0000 0005 -36.0 2.32551 65017
2017 1021 000B 0000 0000 0005 -36.0 2.34392 65293
2017 1021 000B 0000 0000 0005 -36.0 2.33779 65318
2017 1021 000B 0000 0000 0005 -36.0 2.31938 65595
2017 1021 000B 0000 0000 0005 -36.0 2.31324 65619
2017 1021 000B 0000 0000 0005 -36.0 2.32551 65897
2017 1021 000B 0000 0000 0005 -36.0 2.33779 65922
2017 1021 000B 0000 0000 0005 -36.0 2.33779 66200
2017 1021 000B 0000 0000 0005 -36.0 2.31324 66225
2017 1021 000B 0000 0000 0005 -36.0 2.35006 66502
2017 1021 000B 0000 0000 0005 -36.0 2.32551 66526
2017 1021 000B 0000 0000 0005 -36.0 2.35619 66804
2017 1021 000B 0000 0000 0005 -36.0 2.32551 66828
2017 1021 000B 0000 0000 0005 -36.0 2.32551 67106
2017 1021 000B 0000 0000 0005 -36.0 2.31324 67132
2017 1021 000B 0000 0000 0005 -36.0 2.32551 67410
2017 1021 000B 0000 0000 0005 -36.0 2.35619 67435
2017 1021 000B 0000 0000 0005 -36.0 2.33165 67712
2017 1021 000B 0000 0000 0005 -36.0 2.33779 67736
2017 1021 000B 0000 0000 0005 -36.0 2.33779 68014
2017 1021 000B 0000 0000 0005 -36.0 2.35006 68040
2017 1021 000B 0000 0000 0005 -36.0 2.32551 68317
2017 1021 000B 0000 0000 0005 -36.0 2.35619 68342
2017 1021 000B 0000 0000 0005 -35.5 2.32551 68618
2017 1021 000B 0000 0000 0005 -36.0 2.33165 68642
