2017 1021 000B 0000 0000 0005 -66.0 1.30082 0
2017 1021 000B 0000 0000 0005 -65.5 1.27627 25
2017 1021 000B 0000 0000 0005 -62.0 1.96963 303
2017 1021 000B 0000 0000 0005 -63.0 2.11076 325
2017 1021 000B 0000 0000 0005 -62.0 0.58291 1187
2017 1021 000B 0000 0000 0005 -62.0 0.74858 1212
2017 1021 000B 0000 0000 0005 -58.0 1.65670 1491
2017 1021 000B 0000 0000 0005 -58.0 1.68124 1514
2017 1021 000B 0000 0000 0005 -57.0 2.52800 1792
2017 1021 000B 0000 0000 0005 -57.5 2.59550 1817
2017 1021 000B 0000 0000 0005 -59.0 3.40544 2094
2017 1021 000B 0000 0000 0005 -59.5 3.47293 2118
2017 1021 000B 0000 0000 0005 -52.5 1.25786 3262
2017 1021 000B 0000 0000 0005 -52.0 1.40513 3286
2017 1021 000B 0000 0000 0005 -48.5 2.35619 3565
2017 1021 000B 0000 0000 0005 -48.0 2.41755 3589
2017 1021 000B 0000 0000 0005 -46.5 3.36249 3866
2017 1021 000B 0000 0000 0005 -46.5 3.44225 3887
2017 1021 000B 0000 0000 0005 -46.5 4.38105 4163
2017 1021 000B 0000 0000 0005 -45.5 4.46082 4185
2017 1021 000B 0000 0000 0005 -44.5 5.49165 4463
2017 1021 000B 0000 0000 0005 -44.5 5.55301 4487
2017 1021 000B 0000 0000 0005 -42.0 0.19635 4765
2017 1021 000B 0000 0000 0005 -42.0 0.25771 4786
2017 1021 000B 0000 0000 0005 -41.0 0.69336 5057
2017 1021 000B 0000 0000 0005 -41.0 0.72404 5083
2017 1021 000B 0000 0000 0005 -40.5 0.83449 5360
2017 1021 000B 0000 0000 0005 -40.5 0.84062 5384
2017 1021 000B 0000 0000 0005 -40.5 0.84062 5662
2017 1021 000B 0000 0000 0005 -40.5 0.84676 5686
2017 1021 000B 0000 0000 0005 -40.5 0.86517 5963
2017 1021 000B 0000 0000 0005 -40.5 0.84676 5988
2017 1021 000B 0000 0000 0005 -40.5 0.83449 6266
2017 1021 000B 0000 0000 0005 -40.5 0.82835 6289
2017 1021 000B 0000 0000 0005 -40.5 0.85289 6568
2017 1021 000B 0000 0000 0005 -40.5 0.85289 6592
2017 1021 000B 0000 0000 0005 -40.0 0.89584 6869
2017 1021 000B 0000 0000 0005 -40.0 0.90198 6894
2017 1021 000B 0000 0000 0005 -39.5 1.05538 7170
2017 1021 000B 0000 0000 0005 -39.5 1.09219 7195
2017 1021 000B 0000 0000 0005 -39.5 1.25173 7473
2017 1021 000B 0000 0000 0005 -39.5 1.27627 7498
2017 1021 000B 0000 0000 0005 -40.5 1.38672 7773
2017 1021 000B 0000 0000 0005 -41.0 1.38672 7798
2017 1021 000B 0000 0000 0005 -42.5 1.52171 8075
2017 1021 000B 0000 0000 0005 -42.5 1.54625 8101
2017 1021 000B 0000 0000 0005 -45.0 1.69351 8379
2017 1021 000B 0000 0000 0005 -45.5 1.72419 8403
2017 1021 000B 0000 0000 0005 -50.5 2.08008 8681
2017 1021 000B 0000 0000 0005 -51.0 2.07394 8706
2017 1021 000B 0000 0000 0005 -57.0 1.81623 8982
2017 1021 000B 0000 0000 0005 -57.5 1.76715 9007
2017 1021 000B 0000 0000 0005 -61.0 1.38058 9283
2017 1021 000B 0000 0000 0005 -60.5 1.34990 9308
2017 1021 000B 0000 0000 0005 -61.0 1.29468 9587
2017 1021 000B 0000 0000 0005 -62.0 1.33150 9611
2017 1021 000B 0000 0000 0005 -61.0 1.32536 9888
2017 1021 000B 0000 0000 0005 -62.0 1.29468 9914
2017 1021 000B 0000 0000 0005 -61.5 1.25173 10191
2017 1021 000B 0000 0000 0005 -61.5 1.30695 10215
2017 1021 000B 0000 0000 0005 -61.5 1.18423 10494
2017 1021 000B 0000 0000 0005 -61.5 1.09833 10518
2017 1021 000B 0000 0000 0005 -64.0 0.79153 10795
2017 1021 000B 0000 0000 0005 -65.0 4.84124 11391
2017 1021 000B 0000 0000 0005 -64.0 4.97623 11416
2017 1021 000B 0000 0000 0005 -59.5 4.35651 11693
2017 1021 000B 0000 0000 0005 -60.0 4.25833 11719
2017 1021 000B 0000 0000 0005 -58.5 4.24606 11996
2017 1021 000B 0000 0000 0005 -58.5 4.23379 12020
2017 1021 000B 0000 0000 0005 -58.0 4.20924 12299
2017 1021 000B 0000 0000 0005 -58.0 4.16629 12324
2017 1021 000B 0000 0000 0005 -58.0 3.94540 12601
2017 1021 000B 0000 0000 0005 -58.5 3.86563 12625
2017 1021 000B 0000 0000 0005 -58.5 3.14773 12902
2017 1021 000B 0000 0000 0005 -58.0 3.03728 12926
2017 1021 000B 0000 0000 0005 -57.0 2.27643 13203
2017 1021 000B 0000 0000 0005 -57.5 2.15371 13228
2017 1021 000B 0000 0000 0005 -58.5 1.57693 13506
2017 1021 000B 0000 0000 0005 -59.0 1.52784 13532
