2017 1021 000B 0000 0000 0005 -51.5 5.00078 0
2017 1021 000B 0000 0000 0005 -51.5 4.97623 25
2017 1021 000B 0000 0000 0005 -51.5 4.95783 303
2017 1021 000B 0000 0000 0005 -51.5 5.00691 328
2017 1021 000B 0000 0000 0005 -51.5 4.96396 607
2017 1021 000B 0000 0000 0005 -51.5 4.93942 629
2017 1021 000B 0000 0000 0005 -52.0 4.97623 908
2017 1021 000B 0000 0000 0005 -51.5 5.01305 931
2017 1021 000B 0000 0000 0005 -51.5 4.97010 1209
2017 1021 000B 0000 0000 0005 -51.5 4.98237 1234
2017 1021 000B 0000 0000 0005 -51.5 4.98851 1512
2017 1021 000B 0000 0000 0005 -51.5 4.96396 1536
2017 1021 000B 0000 0000 0005 -51.5 5.00691 1813
2017 1021 000B 0000 0000 0005 -51.5 4.96396 1839
2017 1021 000B 0000 0000 0005 -51.5 4.97623 2116
2017 1021 000B 0000 0000 0005 -51.5 4.99464 2140
2017 1021 000B 0000 0000 0005 -51.5 4.98237 2418
2017 1021 000B 0000 0000 0005 -51.5 4.98237 2443
2017 1021 000B 0000 0000 0005 -51.5 4.97623 2721
2017 1021 000B 0000 0000 0005 -51.5 5.00078 2745
2017 1021 000B 0000 0000 0005 -51.5 4.98851 3024
2017 1021 000B 0000 0000 0005 -51.5 4.98851 3046
2017 1021 000B 0000 0000 0005 -51.5 4.97010 3324
2017 1021 000B 0000 0000 0005 -51.5 4.95169 3348
2017 1021 000B 0000 0000 0005 -52.0 4.97623 3625
2017 1021 000B 0000 0000 0005 -51.5 4.98237 3651
2017 1021 000B 0000 0000 0005 -51.5 4.95783 3927
2017 1021 000B 0000 0000 0005 -51.5 4.99464 3953
2017 1021 000B 0000 0000 0005 -51.5 4.96396 4230
2017 1021 000B 0000 0000 0005 -51.5 4.98851 4256
2017 1021 000B 0000 0000 0005 -51.5 4.97623 4533
2017 1021 000B 0000 0000 0005 -51.5 4.97623 4559
2017 1021 000B 0000 0000 0005 -51.5 4.98237 4836
2017 1021 000B 0000 0000 0005 -51.5 4.96396 4859
2017 1021 000B 0000 0000 0005 -51.5 4.97623 5138
2017 1021 000B 0000 0000 0005 -51.5 4.93942 5161
2017 1021 000B 0000 0000 0005 -51.5 5.00078 5440
2017 1021 000B 0000 0000 0005 -51.5 4.98237 5466
2017 1021 000B 0000 0000 0005 -51.5 4.95783 5743
2017 1021 000B 0000 0000 0005 -51.5 4.97623 5768
2017 1021 000B 0000 0000 0005 -51.5 4.97010 6046
2017 1021 000B 0000 0000 0005 -51.5 4.98851 6070
2017 1021 000B 0000 0000 0005 -52.0 4.97010 6349
2017 1021 000B 0000 0000 0005 -51.5 4.97623 6374
2017 1021 000B 0000 0000 0005 -51.5 4.98851 6650
2017 1021 000B 0000 0000 0005 -51.5 4.94555 6677
2017 1021 000B 0000 0000 0005 -52.0 4.98851 6953
2017 1021 000B 0000 0000 0005 -51.5 4.98851 6978
2017 1021 000B 0000 0000 0005 -51.5 4.95783 7256
2017 1021 000B 0000 0000 0005 -51.5 4.95169 7281
2017 1021 000B 0000 0000 0005 -51.5 4.95783 7558
2017 1021 000B 0000 0000 0005 -51.5 4.98851 7582
2017 1021 000B 0000 0000 0005 -51.5 4.94555 7859
2017 1021 000B 0000 0000 0005 -51.5 4.98851 7884
2017 1021 000B 0000 0000 0005 -51.5 4.98237 8162
2017 1021 000B 0000 0000 0005 -51.5 4.95169 8188
2017 1021 000B 0000 0000 0005 -51.5 4.96396 8464
2017 1021 000B 0000 0000 0005 -51.5 4.97623 8489
2017 1021 000B 0000 0000 0005 -51.5 4.98851 8767
2017 1021 000B 0000 0000 0005 -51.5 5.01305 8790
2017 1021 000B 0000 0000 0005 -51.5 4.97010 9070
2017 1021 000B 0000 0000 0005 -51.5 4.98237 9094
2017 1021 000B 0000 0000 0005 -52.0 4.97623 9371
2017 1021 000B 0000 0000 0005 -51.5 4.96396 9396
2017 1021 000B 0000 0000 0005 -51.5 4.94555 9675
2017 1021 000B 0000 0000 0005 -51.5 4.97010 9698
2017 1021 000B 0000 0000 0005 -51.5 4.95783 9977
2017 1021 000B 0000 0000 0005 -51.5 4.95783 10001
2017 1021 000B 0000 0000 0005 -51.5 4.97010 10278
2017 1021 000B 0000 0000 0005 -51.5 4.97623 10302
2017 1021 000B 0000 0000 0005 -51.5 4.95783 10581
2017 1021 000B 0000 0000 0005 -51.5 4.97010 10605
2017 1021 000B 0000 0000 0005 -51.5 4.95169 10884
2017 1021 000B 0000 0000 0005 -51.5 4.97010 10907
2017 1021 000B 0000 0000 0005 -51.5 4.93942 11184
2017 1021 000B 0000 0000 0005 -51.5 4.98851 11210
2017 1021 000B 0000 0000 0005 -51.5 4.98851 11487
2017 1021 000B 0000 0000 0005 -51.5 4.98851 11511
2017 1021 000B 0000 0000 0005 -51.5 4.95783 11790
2017 1021 000B 0000 0000 0005 -51.5 4.95783 11814
2017 1021 000B 0000 0000 0005 -51.5 4.96396 12091
2017 1021 000B 0000 0000 0005 -51.5 5.00078 12116
2017 1021 000B 0000 0000 0005 -51.5 4.95783 12394
2017 1021 000B 0000 0000 0005 -51.5 4.98851 12418
2017 1021 000B 0000 0000 0005 -51.5 4.96396 12697
2017 1021 000B 0000 0000 0005 -51.5 4.97623 12720
2017 1021 000B 0000 0000 0005 -51.5 4.93328 12997
2017 1021 000B 0000 0000 0005 -51.5 4.98237 13022
2017 1021 000B 0000 0000 0005 -51.5 4.95783 13299
2017 1021 000B 0000 0000 0005 -51.5 5.00691 13324
2017 1021 000B 0000 0000 0005 -51.5 5.00078 13602
2017 1021 000B 0000 0000 0005 -51.5 4.98237 13626
2017 1021 000B 0000 0000 0005 -51.5 5.00691 13904
2017 1021 000B 0000 0000 0005 -51.5 4.98851 13929
2017 1021 000B 0000 0000 0005 -51.5 4.95169 14206
2017 1021 000B 0000 0000 0005 -51.5 4.98851 14231
2017 1021 000B 0000 0000 0005 -51.5 4.98851 14509
2017 1021 000B 0000 0000 0005 -51.5 4.98237 14533
2017 1021 000B 0000 0000 0005 -51.5 4.99464 14811
2017 1021 000B 0000 0000 0005 -51.5 4.94555 14837
2017 1021 000B 0000 0000 0005 -51.5 4.98851 15115
2017 1021 000B 0000 0000 0005 -51.5 4.97010 15139
2017 1021 000B 0000 0000 0005 -51.5 5.00078 15416
2017 1021 000B 0000 0000 0005 -51.5 4.98851 15441
2017 1021 000B 0000 0000 0005 -51.5 5.00078 15720
2017 1021 000B 0000 0000 0005 -51.5 4.95783 15743
2017 1021 000B 0000 0000 0005 -51.5 4.95783 16020
2017 1021 000B 0000 0000 0005 -51.5 4.98237 16045
2017 1021 000B 0000 0000 0005 -51.5 4.96396 16326
2017 1021 000B 0000 0000 0005 -51.5 4.96396 16350
2017 1021 000B 0000 0000 0005 -51.5 4.98237 16629
2017 1021 000B 0000 0000 0005 -51.5 5.00078 16653
2017 1021 000B 0000 0000 0005 -51.5 4.95169 16932
2017 1021 000B 0000 0000 0005 -51.5 4.98237 16955
2017 1021 000B 0000 0000 0005 -52.0 4.98851 17232
2017 1021 000B 0000 0000 0005 -51.5 4.95783 17257
2017 1021 000B 0000 0000 0005 -51.5 4.98237 17535
2017 1021 000B 0000 0000 0005 -51.5 4.96396 17560
2017 1021 000B 0000 0000 0005 -51.5 5.01305 17838
2017 1021 000B 0000 0000 0005 -51.5 4.97623 17861
2017 1021 000B 0000 0000 0005 -51.5 4.96396 18140
2017 1021 000B 0000 0000 0005 -51.5 4.97010 18163
2017 1021 000B 0000 0000 0005 -51.5 4.98237 18440
2017 1021 000B 0000 0000 0005 -51.5 5.00078 18465
2017 1021 000B 0000 0000 0005 -51.5 4.93942 18743
2017 1021 000B 0000 0000 0005 -51.5 4.99464 18768
2017 1021 000B 0000 0000 0005 -51.0 4.95783 19045
2017 1021 000B 0000 0000 0005 -51.5 4.93942 19071
2017 1021 000B 0000 0000 0005 -51.5 4.98851 19349
2017 1021 000B 0000 0000 0005 -51.5 4.97623 19371
2017 1021 000B 0000 0000 0005 -51.5 4.96396 19648
2017 1021 000B 0000 0000 0005 -51.5 4.96396 19674
2017 1021 000B 0000 0000 0005 -51.5 4.92101 19951
2017 1021 000B 0000 0000 0005 -51.5 4.95783 19976
2017 1021 000B 0000 0000 0005 -51.5 4.96396 20254
2017 1021 000B 0000 0000 0005 -51.5 4.98237 20278
2017 1021 000B 0000 0000 0005 -51.5 4.98237 20555
2017 1021 000B 0000 0000 0005 -51.0 4.97623 20581
2017 1021 000B 0000 0000 0005 -51.5 4.94555 20858
2017 1021 000B 0000 0000 0005 -51.5 4.95169 20883
2017 1021 000B 0000 0000 0005 -51.5 4.98851 21160
2017 1021 000B 0000 0000 0005 -51.5 4.95169 21184
2017 1021 000B 0000 0000 0005 -51.5 4.95783 21462
2017 1021 000B 0000 0000 0005 -51.5 4.95783 21486
2017 1021 000B 0000 0000 0005 -51.5 4.96396 21765
2017 1021 000B 0000 0000 0005 -51.5 4.97623 21788
2017 1021 000B 0000 0000 0005 -51.5 4.95169 22067
2017 1021 000B 0000 0000 0005 -51.5 4.98851 22091
2017 1021 000B 0000 0000 0005 -51.5 4.93942 22370
2017 1021 000B 0000 0000 0005 -51.5 4.95783 22396
2017 1021 000B 0000 0000 0005 -51.5 4.98237 22673
2017 1021 000B 0000 0000 0005 -51.5 4.96396 22696
2017 1021 000B 0000 0000 0005 -51.5 5.00078 22974
2017 1021 000B 0000 0000 0005 -51.5 4.94555 22999
2017 1021 000B 0000 0000 0005 -51.5 5.00078 23277
2017 1021 000B 0000 0000 0005 -51.5 4.97623 23302
2017 1021 000B 0000 0000 0005 -51.0 4.97010 23579
2017 1021 000B 0000 0000 0005 -51.5 4.97010 23603
2017 1021 000B 0000 0000 0005 -51.0 4.95169 23880
2017 1021 000B 0000 0000 0005 -51.5 4.96396 23905
2017 1021 000B 0000 0000 0005 -51.5 4.97623 24182
2017 1021 000B 0000 0000 0005 -51.5 4.95783 24208
2017 1021 000B 0000 0000 0005 -51.5 4.98237 24486
2017 1021 000B 0000 0000 0005 -51.0 4.97010 24509
2017 1021 000B 0000 0000 0005 -51.5 4.95169 24786
2017 1021 000B 0000 0000 0005 -51.0 4.98237 24811
2017 1021 000B 0000 0000 0005 -51.5 4.98237 25088
2017 1021 000B 0000 0000 0005 -51.0 4.97623 25113
2017 1021 000B 0000 0000 0005 -51.5 5.00691 25390
2017 1021 000B 0000 0000 0005 -51.5 4.96396 25415
2017 1021 000B 0000 0000 0005 -51.5 4.94555 25694
2017 1021 000B 0000 0000 0005 -51.5 4.98851 25719
2017 1021 000B 0000 0000 0005 -51.5 4.97623 25996
2017 1021 000B 0000 0000 0005 -51.5 4.93328 26021
2017 1021 000B 0000 0000 0005 -51.5 4.94555 26298
2017 1021 000B 0000 0000 0005 -51.0 4.95783 26322
2017 1021 000B 0000 0000 0005 -51.5 4.95169 26600
2017 1021 000B 0000 0000 0005 -51.5 4.95169 26626
2017 1021 000B 0000 0000 0005 -51.5 4.96396 26902
2017 1021 000B 0000 0000 0005 -51.5 4.97010 26925
2017 1021 000B 0000 0000 0005 -51.5 4.94555 27204
2017 1021 000B 0000 0000 0005 -51.5 4.93942 27229
2017 1021 000B 0000 0000 0005 -51.5 4.97010 27506
2017 1021 000B 0000 0000 0005 -51.5 4.98851 27530
2017 1021 000B 0000 0000 0005 -51.5 4.93942 27809
2017 1021 000B 0000 0000 0005 -51.5 4.97010 27834
2017 1021 000B 0000 0000 0005 -51.5 4.97010 28111
2017 1021 000B 0000 0000 0005 -51.5 4.97010 28137
2017 1021 000B 0000 0000 0005 -51.5 4.97623 28414
2017 1021 000B 0000 0000 0005 -51.5 4.98237 28439
2017 1021 000B 0000 0000 0005 -51.5 4.97623 28717
2017 1021 000B 0000 0000 0005 -51.5 4.96396 28742
2017 1021 000B 0000 0000 0005 -51.5 4.97010 29019
2017 1021 000B 0000 0000 0005 -51.0 4.97010 29044
2017 1021 000B 0000 0000 0005 -51.5 4.96396 29321
2017 1021 000B 0000 0000 0005 -51.5 4.95783 29347
2017 1021 000B 0000 0000 0005 -51.5 4.95783 29622
2017 1021 000B 0000 0000 0005 -51.5 4.98237 29647
2017 1021 000B 0000 0000 0005 -51.0 4.95169 29924
2017 1021 000B 0000 0000 0005 -51.5 4.95783 29949
2017 1021 000B 0000 0000 0005 -51.5 4.98851 30227
2017 1021 000B 0000 0000 0005 -51.5 4.98851 30251
2017 1021 000B 0000 0000 0005 -51.5 4.95783 30528
2017 1021 000B 0000 0000 0005 -51.5 4.97623 30553
2017 1021 000B 0000 0000 0005 -51.5 4.96396 30830
2017 1021 000B 0000 0000 0005 -51.5 4.96396 30856
2017 1021 000B 0000 0000 0005 -51.5 4.97623 31132
2017 1021 000B 0000 0000 0005 -51.5 4.97010 31157
2017 1021 000B 0000 0000 0005 -51.5 4.95783 31435
2017 1021 000B 0000 0000 0005 -51.5 4.95783 31460
2017 1021 000B 0000 0000 0005 -51.5 4.97010 31737
2017 1021 000B 0000 0000 0005 -51.5 4.95169 31761
2017 1021 000B 0000 0000 0005 -51.5 4.96396 32039
2017 1021 000B 0000 0000 0005 -51.5 4.97623 32063
2017 1021 000B 0000 0000 0005 -51.5 4.98851 32341
2017 1021 000B 0000 0000 0005 -51.5 4.99464 32365
2017 1021 000B 0000 0000 0005 -51.5 4.97010 32644
2017 1021 000B 0000 0000 0005 -51.5 4.97623 32669
2017 1021 000B 0000 0000 0005 -51.5 4.97010 32947
2017 1021 000B 0000 0000 0005 -51.5 4.94555 32972
2017 1021 000B 0000 0000 0005 -51.5 4.94555 33249
2017 1021 000B 0000 0000 0005 -51.5 4.97623 33273
2017 1021 000B 0000 0000 0005 -51.5 4.95783 33550
2017 1021 000B 0000 0000 0005 -51.5 4.97010 33576
2017 1021 000B 0000 0000 0005 -51.5 4.97010 33853
2017 1021 000B 0000 0000 0005 -51.5 4.95783 33878
2017 1021 000B 0000 0000 0005 -51.5 4.97623 34156
2017 1021 000B 0000 0000 0005 -51.5 4.97010 34181
2017 1021 000B 0000 0000 0005 -51.5 4.96396 34460
2017 1021 000B 0000 0000 0005 -51.5 4.98237 34483
2017 1021 000B 0000 0000 0005 -51.5 4.97010 34760
2017 1021 000B 0000 0000 0005 -51.5 4.96396 34787
2017 1021 000B 0000 0000 0005 -51.5 4.96396 35063
2017 1021 000B 0000 0000 0005 -51.5 4.95169 35089
2017 1021 000B 0000 0000 0005 -51.0 4.97010 35367
2017 1021 000B 0000 0000 0005 -51.5 4.95783 35391
2017 1021 000B 0000 0000 0005 -51.5 4.98237 35668
2017 1021 000B 0000 0000 0005 -51.5 4.98237 35693
2017 1021 000B 0000 0000 0005 -51.5 4.95169 35969
2017 1021 000B 0000 0000 0005 -51.5 4.98237 35995
2017 1021 000B 0000 0000 0005 -51.5 5.02532 36273
2017 1021 000B 0000 0000 0005 -51.5 4.96396 36296
2017 1021 000B 0000 0000 0005 -51.5 4.97623 36573
2017 1021 000B 0000 0000 0005 -51.5 4.97010 36599
2017 1021 000B 0000 0000 0005 -51.5 4.95169 36876
2017 1021 000B 0000 0000 0005 -51.5 4.97010 36902
2017 1021 000B 0000 0000 0005 -51.5 5.00078 37178
2017 1021 000B 0000 0000 0005 -51.5 4.95169 37204
2017 1021 000B 0000 0000 0005 -51.0 4.96396 37483
2017 1021 000B 0000 0000 0005 -51.5 4.95169 37506
2017 1021 000B 0000 0000 0005 -51.5 4.94555 37784
2017 1021 000B 0000 0000 0005 -51.5 4.95169 37808
2017 1021 000B 0000 0000 0005 -51.5 4.97010 38087
2017 1021 000B 0000 0000 0005 -51.5 4.95169 38110
2017 1021 000B 0000 0000 0005 -51.5 4.95783 38388
2017 1021 000B 0000 0000 0005 -51.5 4.96396 38414
2017 1021 000B 0000 0000 0005 -51.5 4.98237 38691
2017 1021 000B 0000 0000 0005 -51.5 4.98237 38716
2017 1021 000B 0000 0000 0005 -51.5 4.97623 38992
2017 1021 000B 0000 0000 0005 -51.5 4.98237 39018
2017 1021 000B 0000 0000 0005 -52.0 4.98851 39296
2017 1021 000B 0000 0000 0005 -51.5 4.95169 39320
2017 1021 000B 0000 0000 0005 -51.5 4.98237 39597
2017 1021 000B 0000 0000 0005 -51.5 4.94555 39621
2017 1021 000B 0000 0000 0005 -51.5 4.97623 39901
2017 1021 000B 0000 0000 0005 -51.5 4.95169 39924
2017 1021 000B 0000 0000 0005 -51.5 4.93942 40202
2017 1021 000B 0000 0000 0005 -51.5 4.93942 40228
2017 1021 000B 0000 0000 0005 -51.5 4.95169 40505
2017 1021 000B 0000 0000 0005 -51.5 4.95169 40530
2017 1021 000B 0000 0000 0005 -51.5 4.96396 40807
2017 1021 000B 0000 0000 0005 -51.5 4.94555 40832
2017 1021 000B 0000 0000 0005 -51.0 4.97623 41108
2017 1021 000B 0000 0000 0005 -51.5 4.98237 41133
2017 1021 000B 0000 0000 0005 -51.5 4.98851 41412
2017 1021 000B 0000 0000 0005 -51.5 4.93942 41435
2017 1021 000B 0000 0000 0005 -52.0 4.97010 41714
2017 1021 000B 0000 0000 0005 -51.5 4.95783 41737
2017 1021 000B 0000 0000 0005 -51.5 4.97010 42016
2017 1021 000B 0000 0000 0005 -51.0 4.97623 42041
2017 1021 000B 0000 0000 0005 -51.5 4.96396 42319
2017 1021 000B 0000 0000 0005 -51.5 4.95169 42342
2017 1021 000B 0000 0000 0005 -51.0 4.95169 42621
2017 1021 000B 0000 0000 0005 -51.0 4.97010 42645
2017 1021 000B 0000 0000 0005 -51.5 4.92715 42923
2017 1021 000B 0000 0000 0005 -51.5 4.95169 42948
2017 1021 000B 0000 0000 0005 -51.5 4.95169 43226
2017 1021 000B 0000 0000 0005 -51.0 4.97623 43250
