2017 1021 000B 0000 0000 0005 -37.0 2.04019 0
2017 1021 000B 0000 0000 0005 -36.0 2.03099 21
2017 1021 000B 0000 0000 0005 -36.5 2.03713 298
2017 1021 000B 0000 0000 0005 -36.5 2.04326 325
2017 1021 000B 0000 0000 0005 -36.5 2.04326 600
2017 1021 000B 0000 0000 0005 -36.5 2.05553 625
2017 1021 000B 0000 0000 0005 -36.5 2.04326 902
2017 1021 000B 0000 0000 0005 -36.5 2.04940 927
2017 1021 000B 0000 0000 0005 -36.5 2.03713 1206
2017 1021 000B 0000 0000 0005 -36.5 2.03713 1230
2017 1021 000B 0000 0000 0005 -36.5 2.04326 1508
2017 1021 000B 0000 0000 0005 -36.5 2.06167 1532
2017 1021 000B 0000 0000 0005 -36.5 2.03099 1810
2017 1021 000B 0000 0000 0005 -36.5 2.04326 1833
2017 1021 000B 0000 0000 0005 -36.5 2.04940 2111
2017 1021 000B 0000 0000 0005 -36.5 2.06167 2135
2017 1021 000B 0000 0000 0005 -36.5 2.04326 2414
2017 1021 000B 0000 0000 0005 -36.0 2.04326 2439
2017 1021 000B 0000 0000 0005 -36.5 2.04326 2715
2017 1021 000B 0000 0000 0005 -36.5 2.04940 2740
2017 1021 000B 0000 0000 0005 -36.5 2.05553 3018
2017 1021 000B 0000 0000 0005 -36.0 2.05553 3043
2017 1021 000B 0000 0000 0005 -36.5 2.04326 3319
2017 1021 000B 0000 0000 0005 -36.5 2.03713 3344
2017 1021 000B 0000 0000 0005 -36.5 2.03713 3621
2017 1021 000B 0000 0000 0005 -36.5 2.04326 3647
2017 1021 000B 0000 0000 0005 -36.5 2.03713 3924
2017 1021 000B 0000 0000 0005 -36.5 2.04326 3948
2017 1021 000B 0000 0000 0005 -36.5 2.04326 4225
2017 1021 000B 0000 0000 0005 -36.5 2.04326 4250
2017 1021 000B 0000 0000 0005 -36.5 2.04326 4527
2017 1021 000B 0000 0000 0005 -36.5 2.04940 4552
2017 1021 000B 0000 0000 0005 -36.5 2.06167 4830
2017 1021 000B 0000 0000 0005 -36.5 2.04940 4855
2017 1021 000B 0000 0000 0005 -36.5 2.04940 5134
2017 1021 000B 0000 0000 0005 -36.5 2.04326 5158
2017 1021 000B 0000 0000 0005 -36.5 2.03713 5435
2017 1021 000B 0000 0000 0005 -36.5 2.04326 5459
2017 1021 000B 0000 0000 0005 -36.5 2.04940 5738
2017 1021 000B 0000 0000 0005 -36.5 2.04326 5762
2017 1021 000B 0000 0000 0005 -36.5 2.03713 6039
2017 1021 000B 0000 0000 0005 -36.5 2.04326 6063
2017 1021 000B 0000 0000 0005 -36.5 2.05553 6343
2017 1021 000B 0000 0000 0005 -36.5 2.04940 6366
2017 1021 000B 0000 0000 0005 -36.5 2.04326 6644
2017 1021 000B 0000 0000 0005 -36.5 2.04326 6669
2017 1021 000B 0000 0000 0005 -36.5 2.04940 6945
2017 1021 000B 0000 0000 0005 -36.5 2.04940 6970
2017 1021 000B 0000 0000 0005 -36.5 2.05553 7248
2017 1021 000B 0000 0000 0005 -36.5 2.04940 7273
2017 1021 000B 0000 0000 0005 -36.5 2.04326 7549
2017 1021 000B 0000 0000 0005 -36.5 2.04940 7574
2017 1021 000B 0000 0000 0005 -36.5 2.04940 7853
2017 1021 000B 0000 0000 0005 -36.5 2.03713 7876
2017 1021 000B 0000 0000 0005 -36.5 2.04940 8154
2017 1021 000B 0000 0000 0005 -36.5 2.04940 8177
2017 1021 000B 0000 0000 0005 -36.5 2.05553 8455
2017 1021 000B 0000 0000 0005 -36.5 2.06167 8481
2017 1021 000B 0000 0000 0005 -36.5 2.04326 8758
2017 1021 000B 0000 0000 0005 -36.5 2.03713 8782
2017 1021 000B 0000 0000 0005 -36.5 2.04940 9059
2017 1021 000B 0000 0000 0005 -36.5 2.04940 9084
2017 1021 000B 0000 0000 0005 -36.5 2.04940 9362
2017 1021 000B 0000 0000 0005 -36.5 2.04940 9386
2017 1021 000B 0000 0000 0005 -36.5 2.06167 9664
2017 1021 000B 0000 0000 0005 -36.5 2.04940 9688
2017 1021 000B 0000 0000 0005 -36.5 2.05553 9966
2017 1021 000B 0000 0000 0005 -36.5 2.04326 9991
2017 1021 000B 0000 0000 0005 -36.5 2.06781 10269
2017 1021 000B 0000 0000 0005 -36.5 2.03713 10293
2017 1021 000B 0000 0000 0005 -36.5 2.04940 10569
2017 1021 000B 0000 0000 0005 -36.5 2.04326 10594
2017 1021 000B 0000 0000 0005 -36.5 2.05553 10872
2017 1021 000B 0000 0000 0005 -36.5 2.04326 10896
2017 1021 000B 0000 0000 0005 -36.5 2.04326 11174
2017 1021 000B 0000 0000 0005 -36.5 2.04326 11200
2017 1021 000B 0000 0000 0005 -36.5 2.03713 11475
2017 1021 000B 0000 0000 0005 -36.5 2.04940 11501
2017 1021 000B 0000 0000 0005 -36.5 2.04940 11778
2017 1021 000B 0000 0000 0005 -36.5 2.04940 11802
2017 1021 000B 0000 0000 0005 -36.5 2.04326 12080
2017 1021 000B 0000 0000 0005 -36.5 2.05553 12105
2017 1021 000B 0000 0000 0005 -36.5 2.06167 12381
2017 1021 000B 0000 0000 0005 -36.5 2.04940 12407
2017 1021 000B 0000 0000 0005 -36.5 2.03713 12684
2017 1021 000B 0000 0000 0005 -36.5 2.04326 12709
2017 1021 000B 0000 0000 0005 -36.5 2.04326 12985
2017 1021 000B 0000 0000 0005 -36.0 2.04940 13011
2017 1021 000B 0000 0000 0005 -36.5 2.04940 13287
2017 1021 000B 0000 0000 0005 -36.5 2.04940 13313
2017 1021 000B 0000 0000 0005 -36.5 2.04940 13589
2017 1021 000B 0000 0000 0005 -36.5 2.04326 13615
2017 1021 000B 0000 0000 0005 -36.5 2.04940 13891
2017 1021 000B 0000 0000 0005 -36.5 2.04940 13917
2017 1021 000B 0000 0000 0005 -36.5 2.04940 14195
2017 1021 000B 0000 0000 0005 -36.5 2.04326 14219
2017 1021 000B 0000 0000 0005 -36.5 2.04326 14496
2017 1021 000B 0000 0000 0005 -36.5 2.04326 14520
2017 1021 000B 0000 0000 0005 -36.5 2.04940 14798
2017 1021 000B 0000 0000 0005 -36.5 2.04940 14822
2017 1021 000B 0000 0000 0005 -36.5 2.04940 15100
2017 1021 000B 0000 0000 0005 -36.5 2.04326 15124
2017 1021 000B 0000 0000 0005 -36.5 2.04326 15402
2017 1021 000B 0000 0000 0005 -36.5 2.04326 15427
2017 1021 000B 0000 0000 0005 -36.5 2.04940 15704
2017 1021 000B 0000 0000 0005 -36.5 2.06167 15728
2017 1021 000B 0000 0000 0005 -36.5 2.04940 16007
2017 1021 000B 0000 0000 0005 -36.5 2.04326 16031
2017 1021 000B 0000 0000 0005 -36.5 2.03713 16309
2017 1021 000B 0000 0000 0005 -36.5 2.04940 16335
2017 1021 000B 0000 0000 0005 -36.5 2.04326 16611
2017 1021 000B 0000 0000 0005 -36.5 2.04326 16635
2017 1021 000B 0000 0000 0005 -36.5 2.04940 16912
2017 1021 000B 0000 0000 0005 -36.5 2.04326 16938
2017 1021 000B 0000 0000 0005 -36.5 2.06167 17215
2017 1021 000B 0000 0000 0005 -36.5 2.04940 17239
2017 1021 000B 0000 0000 0005 -36.5 2.03713 17517
2017 1021 000B 0000 0000 0005 -36.5 2.04326 17543
2017 1021 000B 0000 0000 0005 -36.5 2.04940 17820
2017 1021 000B 0000 0000 0005 -36.5 2.04326 17844
2017 1021 000B 0000 0000 0005 -36.5 2.04326 18122
2017 1021 000B 0000 0000 0005 -36.5 2.04326 18147
2017 1021 000B 0000 0000 0005 -36.5 2.04326 18423
2017 1021 000B 0000 0000 0005 -36.5 2.04326 18449
2017 1021 000B 0000 0000 0005 -36.5 2.04326 18727
2017 1021 000B 0000 0000 0005 -36.5 2.04326 18752
2017 1021 000B 0000 0000 0005 -36.5 2.04940 19030
2017 1021 000B 0000 0000 0005 -36.5 2.04326 19053
2017 1021 000B 0000 0000 0005 -36.5 2.04326 19330
2017 1021 000B 0000 0000 0005 -36.5 2.04940 19355
2017 1021 000B 0000 0000 0005 -36.5 2.04326 19632
2017 1021 000B 0000 0000 0005 -36.5 2.06167 19657
2017 1021 000B 0000 0000 0005 -36.5 2.04940 19934
2017 1021 000B 0000 0000 0005 -36.5 2.04940 19959
2017 1021 000B 0000 0000 0005 -36.5 2.05553 20236
2017 1021 000B 0000 0000 0005 -36.5 2.03713 20260
2017 1021 000B 0000 0000 0005 -36.5 2.04940 20538
2017 1021 000B 0000 0000 0005 -36.5 2.04940 20564
2017 1021 000B 0000 0000 0005 -36.5 2.04940 20840
2017 1021 000B 0000 0000 0005 -36.5 2.04326 20864
2017 1021 000B 0000 0000 0005 -36.5 2.05553 21142
2017 1021 000B 0000 0000 0005 -36.5 2.04940 21167
2017 1021 000B 0000 0000 0005 -36.5 2.03713 21444
2017 1021 000B 0000 0000 0005 -36.5 2.04940 21470
2017 1021 000B 0000 0000 0005 -36.5 2.04326 21746
2017 1021 000B 0000 0000 0005 -36.5 2.05553 21770
2017 1021 000B 0000 0000 0005 -36.5 2.04940 22048
2017 1021 000B 0000 0000 0005 -36.5 2.04326 22073
2017 1021 000B 0000 0000 0005 -36.5 2.04326 22349
2017 1021 000B 0000 0000 0005 -36.5 2.05553 22375
2017 1021 000B 0000 0000 0005 -36.5 2.04326 22652
2017 1021 000B 0000 0000 0005 -36.5 2.04326 22677
2017 1021 000B 0000 0000 0005 -36.5 2.04940 22953
2017 1021 000B 0000 0000 0005 -36.5 2.04326 22978
2017 1021 000B 0000 0000 0005 -36.5 2.05553 23257
2017 1021 000B 0000 0000 0005 -36.5 2.04940 23280
2017 1021 000B 0000 0000 0005 -36.5 2.04326 23558
2017 1021 000B 0000 0000 0005 -36.5 2.03713 23582
2017 1021 000B 0000 0000 0005 -36.5 2.04326 23859
2017 1021 000B 0000 0000 0005 -36.5 2.04326 23884
2017 1021 000B 0000 0000 0005 -36.5 2.05553 24162
2017 1021 000B 0000 0000 0005 -36.5 2.03713 24186
2017 1021 000B 0000 0000 0005 -36.5 2.04940 24463
2017 1021 000B 0000 0000 0005 -36.5 2.06167 24489
2017 1021 000B 0000 0000 0005 -36.5 2.04940 24766
2017 1021 000B 0000 0000 0005 -36.5 2.04326 24791
2017 1021 000B 0000 0000 0005 -36.5 2.04326 25070
2017 1021 000B 0000 0000 0005 -36.5 2.03713 25093
2017 1021 000B 0000 0000 0005 -36.5 2.04940 25372
2017 1021 000B 0000 0000 0005 -36.5 2.03713 25396
2017 1021 000B 0000 0000 0005 -36.5 2.03099 25673
2017 1021 000B 0000 0000 0005 -36.5 2.04940 25698
2017 1021 000B 0000 0000 0005 -36.5 2.04326 25976
2017 1021 000B 0000 0000 0005 -36.5 2.04326 26001
2017 1021 000B 0000 0000 0005 -36.5 2.04326 26278
2017 1021 000B 0000 0000 0005 -36.5 2.04326 26302
2017 1021 000B 0000 0000 0005 -36.5 2.04940 26581
2017 1021 000B 0000 0000 0005 -36.5 2.03713 26605
2017 1021 000B 0000 0000 0005 -36.5 2.04940 26884
2017 1021 000B 0000 0000 0005 -36.5 2.05553 26907
2017 1021 000B 0000 0000 0005 -36.5 2.04940 27185
2017 1021 000B 0000 0000 0005 -36.5 2.04326 27209
2017 1021 000B 0000 0000 0005 -36.5 2.03099 27486
2017 1021 000B 0000 0000 0005 -36.5 2.04326 27512
2017 1021 000B 0000 0000 0005 -36.5 2.04940 27789
2017 1021 000B 0000 0000 0005 -36.5 2.04940 27813
2017 1021 000B 0000 0000 0005 -36.5 2.04326 28092
2017 1021 000B 0000 0000 0005 -36.5 2.04940 28116
2017 1021 000B 0000 0000 0005 -36.5 2.03713 28393
2017 1021 000B 0000 0000 0005 -36.5 2.04326 28417
2017 1021 000B 0000 0000 0005 -36.5 2.04940 28694
2017 1021 000B 0000 0000 0005 -36.5 2.05553 28719
2017 1021 000B 0000 0000 0005 -36.5 2.04940 28996
2017 1021 000B 0000 0000 0005 -36.5 2.04940 29021
2017 1021 000B 0000 0000 0005 -36.5 2.04326 29300
2017 1021 000B 0000 0000 0005 -36.5 2.04940 29323
2017 1021 000B 0000 0000 0005 -36.5 2.04326 29601
2017 1021 000B 0000 0000 0005 -36.0 2.04326 29626
2017 1021 000B 0000 0000 0005 -36.5 2.04940 29905
2017 1021 000B 0000 0000 0005 -36.0 2.03713 29927
2017 1021 000B 0000 0000 0005 -36.5 2.03713 30205
2017 1021 000B 0000 0000 0005 -36.5 2.04326 30229
2017 1021 000B 0000 0000 0005 -36.5 2.04940 30506
2017 1021 000B 0000 0000 0005 -36.5 2.04940 30532
2017 1021 000B 0000 0000 0005 -36.5 2.03099 30808
2017 1021 000B 0000 0000 0005 -36.5 2.04326 30834
2017 1021 000B 0000 0000 0005 -36.0 2.04940 31110
2017 1021 000B 0000 0000 0005 -36.5 2.04940 31136
2017 1021 000B 0000 0000 0005 -36.5 2.04326 31413
2017 1021 000B 0000 0000 0005 -36.5 2.03713 31438
2017 1021 000B 0000 0000 0005 -36.5 2.04326 31713
2017 1021 000B 0000 0000 0005 -36.5 2.03713 31738
2017 1021 000B 0000 0000 0005 -36.5 2.04326 32016
2017 1021 000B 0000 0000 0005 -36.5 2.04326 32042
2017 1021 000B 0000 0000 0005 -36.5 2.04940 32318
2017 1021 000B 0000 0000 0005 -36.5 2.04326 32345
2017 1021 000B 0000 0000 0005 -36.5 2.04940 32621
2017 1021 000B 0000 0000 0005 -36.5 2.04940 32646
2017 1021 000B 0000 0000 0005 -36.5 2.04940 32923
2017 1021 000B 0000 0000 0005 -36.5 2.03713 32948
2017 1021 000B 0000 0000 0005 -36.5 2.03713 33225
2017 1021 000B 0000 0000 0005 -36.5 2.04326 33250
2017 1021 000B 0000 0000 0005 -36.5 2.04326 33528
2017 1021 000B 0000 0000 0005 -36.5 2.04326 33552
2017 1021 000B 0000 0000 0005 -36.5 2.05553 33830
2017 1021 000B 0000 0000 0005 -36.5 2.04326 33854
2017 1021 000B 0000 0000 0005 -36.5 2.06167 34132
2017 1021 000B 0000 0000 0005 -36.5 2.04326 34157
2017 1021 000B 0000 0000 0005 -36.0 2.04326 34434
2017 1021 000B 0000 0000 0005 -36.5 2.04326 34459
2017 1021 000B 0000 0000 0005 -36.5 2.04940 34736
2017 1021 000B 0000 0000 0005 -36.5 2.04326 34762
2017 1021 000B 0000 0000 0005 -36.5 2.04326 35039
2017 1021 000B 0000 0000 0005 -36.5 2.04326 35063
2017 1021 000B 0000 0000 0005 -36.5 2.04326 35341
2017 1021 000B 0000 0000 0005 -36.5 2.04326 35364
2017 1021 000B 0000 0000 0005 -36.5 2.04326 35641
2017 1021 000B 0000 0000 0005 -36.5 2.06167 35667
2017 1021 000B 0000 0000 0005 -36.5 2.04940 35944
2017 1021 000B 0000 0000 0005 -36.5 2.04940 35969
2017 1021 000B 0000 0000 0005 -36.5 2.06167 36246
2017 1021 000B 0000 0000 0005 -36.5 2.04940 36271
2017 1021 000B 0000 0000 0005 -36.5 2.04940 36548
2017 1021 000B 0000 0000 0005 -36.5 2.04326 36572
2017 1021 000B 0000 0000 0005 -36.5 2.04326 36850
2017 1021 000B 0000 0000 0005 -36.5 2.04326 36874
2017 1021 000B 0000 0000 0005 -36.5 2.05553 37153
2017 1021 000B 0000 0000 0005 -36.5 2.05553 37178
2017 1021 000B 0000 0000 0005 -36.5 2.05553 37455
2017 1021 000B 0000 0000 0005 -36.5 2.05553 37480
2017 1021 000B 0000 0000 0005 -36.5 2.04940 37757
2017 1021 000B 0000 0000 0005 -36.5 2.04940 37782
2017 1021 000B 0000 0000 0005 -36.5 2.05553 38061
2017 1021 000B 0000 0000 0005 -36.5 2.05553 38084
2017 1021 000B 0000 0000 0005 -36.5 2.04326 38363
2017 1021 000B 0000 0000 0005 -36.5 2.04940 38386
2017 1021 000B 0000 0000 0005 -36.5 2.04326 38664
2017 1021 000B 0000 0000 0005 -36.5 2.04940 38690
2017 1021 000B 0000 0000 0005 -36.5 2.05553 38966
2017 1021 000B 0000 0000 0005 -36.5 2.05553 38992
2017 1021 000B 0000 0000 0005 -36.5 2.04940 39269
2017 1021 000B 0000 0000 0005 -36.5 2.04326 39292
2017 1021 000B 0000 0000 0005 -36.5 2.04326 39571
2017 1021 000B 0000 0000 0005 -36.5 2.04326 39596
2017 1021 000B 0000 0000 0005 -36.5 2.05553 39874
2017 1021 000B 0000 0000 0005 -36.5 2.05553 39898
2017 1021 000B 0000 0000 0005 -36.5 2.04940 40176
2017 1021 000B 0000 0000 0005 -36.5 2.04326 40201
2017 1021 000B 0000 0000 0005 -36.5 2.04940 40478
2017 1021 000B 0000 0000 0005 -36.5 2.04326 40503
2017 1021 000B 0000 0000 0005 -36.5 2.04940 40779
2017 1021 000B 0000 0000 0005 -36.5 2.04940 40805
2017 1021 000B 0000 0000 0005 -36.5 2.04940 41082
2017 1021 000B 0000 0000 0005 -36.5 2.04940 41106
2017 1021 000B 0000 0000 0005 -36.5 2.04940 41383
2017 1021 000B 0000 0000 0005 -36.5 2.04940 41407
2017 1021 000B 0000 0000 0005 -36.5 2.03713 41686
2017 1021 000B 0000 0000 0005 -36.5 2.04940 41709
2017 1021 000B 0000 0000 0005 -36.5 2.06167 41986
2017 1021 000B 0000 0000 0005 -36.5 2.04326 42011
2017 1021 000B 0000 0000 0005 -36.5 2.04326 42289
2017 1021 000B 0000 0000 0005 -36.5 2.04326 42315
2017 1021 000B 0000 0000 0005 -36.5 2.05553 42590
2017 1021 000B 0000 0000 0005 -36.0 2.04940 42615
2017 1021 000B 0000 0000 0005 -36.5 2.04940 42894
2017 1021 000B 0000 0000 0005 -36.5 2.05553 42917
2017 1021 000B 0000 0000 0005 -36.5 2.05553 43196
2017 1021 000B 0000 0000 0005 -36.5 2.04326 43221
2017 1021 000B 0000 0000 0005 -36.0 2.05553 43498
2017 1021 000B 0000 0000 0005 -36.5 2.04326 43523
2017 1021 000B 0000 0000 0005 -36.5 2.04326 43799
2017 1021 000B 0000 0000 0005 -36.5 2.04326 43824
