2017 1021 000B 0000 0000 0005 -48.0 5.45790 0
2017 1021 000B 0000 0000 0005 -47.5 5.47938 22
2017 1021 000B 0000 0000 0005 -47.5 5.49165 300
2017 1021 000B 0000 0000 0005 -47.5 5.46711 325
2017 1021 000B 0000 0000 0005 -47.5 5.48552 605
2017 1021 000B 0000 0000 0005 -47.5 5.48552 628
2017 1021 000B 0000 0000 0005 -47.5 5.52233 905
2017 1021 000B 0000 0000 0005 -47.5 5.50392 931
2017 1021 000B 0000 0000 0005 -47.5 5.46711 1207
2017 1021 000B 0000 0000 0005 -47.5 5.51619 1232
2017 1021 000B 0000 0000 0005 -47.5 5.49779 1510
2017 1021 000B 0000 0000 0005 -47.5 5.50392 1533
2017 1021 000B 0000 0000 0005 -47.5 5.47938 1812
2017 1021 000B 0000 0000 0005 -47.5 5.49165 1837
2017 1021 000B 0000 0000 0005 -47.5 5.48552 2115
2017 1021 000B 0000 0000 0005 -47.5 5.49779 2139
2017 1021 000B 0000 0000 0005 -47.5 5.51619 2415
2017 1021 000B 0000 0000 0005 -47.5 5.48552 2440
2017 1021 000B 0000 0000 0005 -47.5 5.48552 2719
2017 1021 000B 0000 0000 0005 -47.5 5.47938 2743
2017 1021 000B 0000 0000 0005 -47.5 5.51006 3021
2017 1021 000B 0000 0000 0005 -47.5 5.51006 3046
2017 1021 000B 0000 0000 0005 -47.5 5.49779 3324
2017 1021 000B 0000 0000 0005 -47.5 5.47324 3349
2017 1021 000B 0000 0000 0005 -47.5 5.47938 3625
2017 1021 000B 0000 0000 0005 -47.5 5.47324 3649
2017 1021 000B 0000 0000 0005 -47.5 5.49779 3928
2017 1021 000B 0000 0000 0005 -47.5 5.49165 3951
2017 1021 000B 0000 0000 0005 -48.0 5.51006 4228
2017 1021 000B 0000 0000 0005 -47.5 5.48552 4254
2017 1021 000B 0000 0000 0005 -47.5 5.49779 4531
2017 1021 000B 0000 0000 0005 -47.5 5.49165 4555
2017 1021 000B 0000 0000 0005 -47.5 5.49779 4832
2017 1021 000B 0000 0000 0005 -47.5 5.48552 4858
2017 1021 000B 0000 0000 0005 -47.5 5.47938 5135
2017 1021 000B 0000 0000 0005 -47.5 5.50392 5161
2017 1021 000B 0000 0000 0005 -47.5 5.47938 5437
2017 1021 000B 0000 0000 0005 -47.5 5.52847 5461
2017 1021 000B 0000 0000 0005 -47.5 5.49779 5740
2017 1021 000B 0000 0000 0005 -47.5 5.49165 5764
2017 1021 000B 0000 0000 0005 -47.5 5.51006 6041
2017 1021 000B 0000 0000 0005 -47.5 5.51006 6066
2017 1021 000B 0000 0000 0005 -47.5 5.51006 6350
2017 1021 000B 0000 0000 0005 -47.5 5.52847 6374
2017 1021 000B 0000 0000 0005 -47.5 5.47938 6652
2017 1021 000B 0000 0000 0005 -47.5 5.47938 6675
2017 1021 000B 0000 0000 0005 -47.5 5.51619 6954
2017 1021 000B 0000 0000 0005 -47.5 5.49779 6979
2017 1021 000B 0000 0000 0005 -47.5 5.50392 7256
2017 1021 000B 0000 0000 0005 -47.5 5.48552 7282
2017 1021 000B 0000 0000 0005 -47.5 5.50392 7559
2017 1021 000B 0000 0000 0005 -48.0 5.49779 7583
2017 1021 000B 0000 0000 0005 -47.5 5.52847 7860
2017 1021 000B 0000 0000 0005 -47.5 5.47938 7884
2017 1021 000B 0000 0000 0005 -47.5 5.51619 8162
2017 1021 000B 0000 0000 0005 -47.5 5.51006 8188
2017 1021 000B 0000 0000 0005 -47.5 5.52233 8463
2017 1021 000B 0000 0000 0005 -47.5 5.51619 8488
2017 1021 000B 0000 0000 0005 -47.5 5.52847 8766
2017 1021 000B 0000 0000 0005 -47.5 5.52233 8791
2017 1021 000B 0000 0000 0005 -47.5 5.51006 9068
2017 1021 000B 0000 0000 0005 -47.5 5.51006 9091
2017 1021 000B 0000 0000 0005 -47.5 5.48552 9369
2017 1021 000B 0000 0000 0005 -47.5 5.51006 9395
2017 1021 000B 0000 0000 0005 -47.5 5.49779 9672
2017 1021 000B 0000 0000 0005 -47.5 5.50392 9697
2017 1021 000B 0000 0000 0005 -47.5 5.48552 9972
2017 1021 000B 0000 0000 0005 -47.5 5.52233 9998
2017 1021 000B 0000 0000 0005 -47.5 5.46097 10275
2017 1021 000B 0000 0000 0005 -48.0 5.47324 10300
2017 1021 000B 0000 0000 0005 -47.5 5.53460 10579
2017 1021 000B 0000 0000 0005 -47.5 5.51006 10601
2017 1021 000B 0000 0000 0005 -47.5 5.49165 10881
2017 1021 000B 0000 0000 0005 -48.0 5.48552 10905
2017 1021 000B 0000 0000 0005 -47.5 5.50392 11182
2017 1021 000B 0000 0000 0005 -47.5 5.47938 11208
2017 1021 000B 0000 0000 0005 -47.5 5.47938 11486
2017 1021 000B 0000 0000 0005 -47.5 5.47324 11509
2017 1021 000B 0000 0000 0005 -47.5 5.52233 11787
2017 1021 000B 0000 0000 0005 -47.5 5.49779 11811
2017 1021 000B 0000 0000 0005 -47.5 5.49779 12090
2017 1021 000B 0000 0000 0005 -47.5 5.49779 12114
2017 1021 000B 0000 0000 0005 -47.5 5.52847 12390
2017 1021 000B 0000 0000 0005 -47.5 5.48552 12415
2017 1021 000B 0000 0000 0005 -47.5 5.50392 12694
2017 1021 000B 0000 0000 0005 -47.5 5.51006 12718
2017 1021 000B 0000 0000 0005 -47.5 5.51006 12995
2017 1021 000B 0000 0000 0005 -47.5 5.49779 13020
2017 1021 000B 0000 0000 0005 -48.0 5.49779 13298
2017 1021 000B 0000 0000 0005 -47.5 5.50392 13323
2017 1021 000B 0000 0000 0005 -47.5 5.50392 13600
2017 1021 000B 0000 0000 0005 -47.5 5.50392 13626
2017 1021 000B 0000 0000 0005 -47.5 5.50392 13902
2017 1021 000B 0000 0000 0005 -47.5 5.50392 13926
2017 1021 000B 0000 0000 0005 -47.5 5.49165 14204
2017 1021 000B 0000 0000 0005 -47.5 5.48552 14228
2017 1021 000B 0000 0000 0005 -47.5 5.48552 14505
2017 1021 000B 0000 0000 0005 -47.5 5.52233 14531
2017 1021 000B 0000 0000 0005 -47.5 5.49165 14808
2017 1021 000B 0000 0000 0005 -47.5 5.47324 14832
2017 1021 000B 0000 0000 0005 -47.5 5.49779 15109
2017 1021 000B 0000 0000 0005 -47.5 5.49779 15135
2017 1021 000B 0000 0000 0005 -47.5 5.53460 15411
2017 1021 000B 0000 0000 0005 -47.5 5.49165 15436
2017 1021 000B 0000 0000 0005 -47.5 5.48552 15715
2017 1021 000B 0000 0000 0005 -47.5 5.51006 15739
2017 1021 000B 0000 0000 0005 -47.5 5.51006 16016
2017 1021 000B 0000 0000 0005 -47.5 5.53460 16041
2017 1021 000B 0000 0000 0005 -47.5 5.48552 16320
2017 1021 000B 0000 0000 0005 -47.5 5.53460 16344
2017 1021 000B 0000 0000 0005 -47.5 5.53460 16623
2017 1021 000B 0000 0000 0005 -47.5 5.48552 16648
2017 1021 000B 0000 0000 0005 -47.5 5.49165 16923
2017 1021 000B 0000 0000 0005 -47.5 5.52847 16948
2017 1021 000B 0000 0000 0005 -47.5 5.48552 17225
2017 1021 000B 0000 0000 0005 -47.5 5.48552 17250
2017 1021 000B 0000 0000 0005 -47.5 5.49165 17527
2017 1021 000B 0000 0000 0005 -47.5 5.51619 17552
2017 1021 000B 0000 0000 0005 -47.5 5.49779 17831
2017 1021 000B 0000 0000 0005 -48.0 5.49779 17854
2017 1021 000B 0000 0000 0005 -47.5 5.49779 18133
2017 1021 000B 0000 0000 0005 -47.5 5.51619 18157
2017 1021 000B 0000 0000 0005 -47.5 5.53460 18433
2017 1021 000B 0000 0000 0005 -47.5 5.49165 18458
2017 1021 000B 0000 0000 0005 -47.5 5.50392 18736
2017 1021 000B 0000 0000 0005 -47.5 5.51006 18760
2017 1021 000B 0000 0000 0005 -47.5 5.54074 19038
2017 1021 000B 0000 0000 0005 -47.5 5.49165 19063
2017 1021 000B 0000 0000 0005 -47.5 5.51006 19339
2017 1021 000B 0000 0000 0005 -48.0 5.53460 19364
2017 1021 000B 0000 0000 0005 -48.0 5.52847 19641
2017 1021 000B 0000 0000 0005 -47.5 5.47324 19665
2017 1021 000B 0000 0000 0005 -47.5 5.49779 19943
2017 1021 000B 0000 0000 0005 -47.5 5.49165 19968
2017 1021 000B 0000 0000 0005 -47.5 5.50392 20246
2017 1021 000B 0000 0000 0005 -48.0 5.46711 20272
2017 1021 000B 0000 0000 0005 -47.5 5.49779 20548
2017 1021 000B 0000 0000 0005 -47.5 5.49779 20572
2017 1021 000B 0000 0000 0005 -47.5 5.50392 20850
2017 1021 000B 0000 0000 0005 -47.5 5.47938 20874
2017 1021 000B 0000 0000 0005 -47.5 5.52847 21152
2017 1021 000B 0000 0000 0005 -47.5 5.49165 21177
2017 1021 000B 0000 0000 0005 -47.5 5.48552 21455
2017 1021 000B 0000 0000 0005 -47.5 5.52847 21480
2017 1021 000B 0000 0000 0005 -47.5 5.52233 21756
2017 1021 000B 0000 0000 0005 -47.5 5.52233 21782
2017 1021 000B 0000 0000 0005 -47.5 5.51619 22059
2017 1021 000B 0000 0000 0005 -47.5 5.49165 22085
2017 1021 000B 0000 0000 0005 -47.5 5.49165 22361
2017 1021 000B 0000 0000 0005 -47.5 5.49165 22386
2017 1021 000B 0000 0000 0005 -47.5 5.54687 22664
2017 1021 000B 0000 0000 0005 -47.5 5.51006 22687
2017 1021 000B 0000 0000 0005 -47.5 5.47324 22966
2017 1021 000B 0000 0000 0005 -47.5 5.49779 22990
2017 1021 000B 0000 0000 0005 -47.5 5.49165 23267
2017 1021 000B 0000 0000 0005 -47.5 5.49165 23293
2017 1021 000B 0000 0000 0005 -47.5 5.51006 23571
2017 1021 000B 0000 0000 0005 -47.5 5.49779 23594
2017 1021 000B 0000 0000 0005 -47.5 5.51006 23873
2017 1021 000B 0000 0000 0005 -47.5 5.51006 23898
2017 1021 000B 0000 0000 0005 -47.5 5.49779 24174
2017 1021 000B 0000 0000 0005 -47.5 5.49779 24199
2017 1021 000B 0000 0000 0005 -47.5 5.52847 24476
2017 1021 000B 0000 0000 0005 -47.5 5.53460 24502
2017 1021 000B 0000 0000 0005 -47.5 5.51619 24778
2017 1021 000B 0000 0000 0005 -47.5 5.51006 24804
2017 1021 000B 0000 0000 0005 -47.5 5.53460 25080
2017 1021 000B 0000 0000 0005 -47.5 5.51006 25104
2017 1021 000B 0000 0000 0005 -47.5 5.52847 25383
2017 1021 000B 0000 0000 0005 -47.5 5.52233 25408
2017 1021 000B 0000 0000 0005 -47.5 5.50392 25684
2017 1021 000B 0000 0000 0005 -47.5 5.54074 25710
2017 1021 000B 0000 0000 0005 -47.5 5.52233 25985
2017 1021 000B 0000 0000 0005 -47.5 5.51006 26009
2017 1021 000B 0000 0000 0005 -47.5 5.51619 26289
2017 1021 000B 0000 0000 0005 -47.5 5.49779 26312
2017 1021 000B 0000 0000 0005 -47.5 5.51619 26591
2017 1021 000B 0000 0000 0005 -47.5 5.50392 26614
2017 1021 000B 0000 0000 0005 -47.5 5.52233 26893
2017 1021 000B 0000 0000 0005 -47.5 5.50392 26918
2017 1021 000B 0000 0000 0005 -47.5 5.52233 27195
2017 1021 000B 0000 0000 0005 -47.5 5.51006 27220
2017 1021 000B 0000 0000 0005 -47.5 5.49779 27499
2017 1021 000B 0000 0000 0005 -47.5 5.52233 27522
