2017 1021 000B 0000 0000 0005 -56.0 5.30757 0
2017 1021 000B 0000 0000 0005 -56.0 5.30144 25
2017 1021 000B 0000 0000 0005 -56.0 5.25849 302
2017 1021 000B 0000 0000 0005 -56.0 5.24621 327
2017 1021 000B 0000 0000 0005 -56.0 5.24008 607
2017 1021 000B 0000 0000 0005 -56.5 5.26462 630
2017 1021 000B 0000 0000 0005 -56.0 5.27076 908
2017 1021 000B 0000 0000 0005 -56.0 5.25849 932
2017 1021 000B 0000 0000 0005 -56.0 5.25849 1210
2017 1021 000B 0000 0000 0005 -56.0 5.28917 1234
2017 1021 000B 0000 0000 0005 -56.0 5.22781 1512
2017 1021 000B 0000 0000 0005 -56.0 5.30144 1536
2017 1021 000B 0000 0000 0005 -56.0 5.28917 1814
2017 1021 000B 0000 0000 0005 -56.0 5.31985 1839
2017 1021 000B 0000 0000 0005 -56.0 5.31371 2115
2017 1021 000B 0000 0000 0005 -56.0 5.25849 2140
2017 1021 000B 0000 0000 0005 -56.0 5.28917 2418
2017 1021 000B 0000 0000 0005 -56.0 5.22167 2444
2017 1021 000B 0000 0000 0005 -56.0 5.24008 2719
2017 1021 000B 0000 0000 0005 -56.0 5.23394 2746
2017 1021 000B 0000 0000 0005 -56.0 5.29530 3021
2017 1021 000B 0000 0000 0005 -56.5 5.27076 3048
2017 1021 000B 0000 0000 0005 -56.0 5.30757 3325
2017 1021 000B 0000 0000 0005 -56.0 5.35666 3349
2017 1021 000B 0000 0000 0005 -56.0 5.17872 3626
2017 1021 000B 0000 0000 0005 -56.0 5.26462 3650
2017 1021 000B 0000 0000 0005 -56.0 5.26462 3928
2017 1021 000B 0000 0000 0005 -56.0 5.33212 3953
2017 1021 000B 0000 0000 0005 -56.0 5.27689 4230
2017 1021 000B 0000 0000 0005 -56.0 5.27076 4255
2017 1021 000B 0000 0000 0005 -56.0 5.25849 4533
2017 1021 000B 0000 0000 0005 -56.0 5.24008 4558
2017 1021 000B 0000 0000 0005 -56.0 5.20326 4835
2017 1021 000B 0000 0000 0005 -56.0 5.26462 4861
2017 1021 000B 0000 0000 0005 -56.0 5.26462 5136
2017 1021 000B 0000 0000 0005 -56.0 5.25235 5161
2017 1021 000B 0000 0000 0005 -56.0 5.24621 5440
2017 1021 000B 0000 0000 0005 -56.0 5.21553 5464
2017 1021 000B 0000 0000 0005 -56.5 5.27076 5742
2017 1021 000B 0000 0000 0005 -56.0 5.25235 5768
2017 1021 000B 0000 0000 0005 -56.0 5.25235 6044
2017 1021 000B 0000 0000 0005 -56.0 5.27076 6068
2017 1021 000B 0000 0000 0005 -56.0 5.29530 6345
2017 1021 000B 0000 0000 0005 -56.5 5.27076 6370
2017 1021 000B 0000 0000 0005 -56.0 5.25235 6647
2017 1021 000B 0000 0000 0005 -56.0 5.27689 6673
2017 1021 000B 0000 0000 0005 -56.0 5.24621 6950
2017 1021 000B 0000 0000 0005 -56.0 5.31985 6974
2017 1021 000B 0000 0000 0005 -56.0 5.24008 7252
2017 1021 000B 0000 0000 0005 -56.0 5.25235 7277
2017 1021 000B 0000 0000 0005 -56.0 5.27076 7554
2017 1021 000B 0000 0000 0005 -56.0 5.27076 7580
2017 1021 000B 0000 0000 0005 -56.5 5.20940 7858
2017 1021 000B 0000 0000 0005 -56.0 5.25849 7881
2017 1021 000B 0000 0000 0005 -56.0 5.28303 8158
2017 1021 000B 0000 0000 0005 -56.5 5.31371 8184
2017 1021 000B 0000 0000 0005 -56.0 5.28303 8461
2017 1021 000B 0000 0000 0005 -56.0 5.25235 8486
2017 1021 000B 0000 0000 0005 -56.0 5.26462 8763
2017 1021 000B 0000 0000 0005 -56.0 5.27689 8787
2017 1021 000B 0000 0000 0005 -56.0 5.25235 9065
2017 1021 000B 0000 0000 0005 -56.0 5.30144 9091
2017 1021 000B 0000 0000 0005 -56.0 5.22781 9367
2017 1021 000B 0000 0000 0005 -56.0 5.30144 9392
2017 1021 000B 0000 0000 0005 -56.0 5.27689 9671
2017 1021 000B 0000 0000 0005 -56.0 5.27689 9694
2017 1021 000B 0000 0000 0005 -56.0 5.27076 9972
2017 1021 000B 0000 0000 0005 -56.0 5.25235 9996
2017 1021 000B 0000 0000 0005 -56.0 5.28917 10275
2017 1021 000B 0000 0000 0005 -56.0 5.24008 10299
2017 1021 000B 0000 0000 0005 -56.0 5.22781 10577
2017 1021 000B 0000 0000 0005 -56.0 5.26462 10601
2017 1021 000B 0000 0000 0005 -56.0 5.25849 10878
2017 1021 000B 0000 0000 0005 -56.0 5.28303 10903
2017 1021 000B 0000 0000 0005 -56.0 5.27076 11182
2017 1021 000B 0000 0000 0005 -56.0 5.23394 11206
2017 1021 000B 0000 0000 0005 -56.0 5.27076 11483
2017 1021 000B 0000 0000 0005 -56.0 5.27689 11507
2017 1021 000B 0000 0000 0005 -56.0 5.25849 11784
2017 1021 000B 0000 0000 0005 -56.0 5.26462 11809
2017 1021 000B 0000 0000 0005 -56.0 5.25849 12086
2017 1021 000B 0000 0000 0005 -56.0 5.22781 12112
2017 1021 000B 0000 0000 0005 -56.0 5.30144 12388
2017 1021 000B 0000 0000 0005 -56.5 5.26462 12413
2017 1021 000B 0000 0000 0005 -56.0 5.23394 12690
2017 1021 000B 0000 0000 0005 -56.0 5.26462 12716
2017 1021 000B 0000 0000 0005 -56.0 5.22167 12992
2017 1021 000B 0000 0000 0005 -56.0 5.25849 13017
2017 1021 000B 0000 0000 0005 -56.0 5.24008 13294
2017 1021 000B 0000 0000 0005 -56.0 5.22167 13319
2017 1021 000B 0000 0000 0005 -56.5 5.26462 13595
2017 1021 000B 0000 0000 0005 -56.0 5.17258 13620
2017 1021 000B 0000 0000 0005 -56.0 5.28303 13898
2017 1021 000B 0000 0000 0005 -56.0 5.24008 13922
2017 1021 000B 0000 0000 0005 -56.0 5.20326 14200
2017 1021 000B 0000 0000 0005 -56.0 5.21553 14225
2017 1021 000B 0000 0000 0005 -56.0 5.24008 14502
2017 1021 000B 0000 0000 0005 -56.0 5.20940 14527
2017 1021 000B 0000 0000 0005 -56.0 5.19099 14803
2017 1021 000B 0000 0000 0005 -56.5 5.27076 14830
2017 1021 000B 0000 0000 0005 -56.0 5.24621 15107
2017 1021 000B 0000 0000 0005 -56.0 5.26462 15130
2017 1021 000B 0000 0000 0005 -56.5 5.30757 15407
2017 1021 000B 0000 0000 0005 -56.0 5.25235 15433
2017 1021 000B 0000 0000 0005 -56.0 5.22781 15711
2017 1021 000B 0000 0000 0005 -56.0 5.34439 15734
2017 1021 000B 0000 0000 0005 -56.0 5.21553 16012
2017 1021 000B 0000 0000 0005 -56.0 5.30757 16037
2017 1021 000B 0000 0000 0005 -56.5 5.30144 16314
2017 1021 000B 0000 0000 0005 -56.0 5.25849 16338
2017 1021 000B 0000 0000 0005 -56.0 5.26462 16616
2017 1021 000B 0000 0000 0005 -56.0 5.27689 16641
2017 1021 000B 0000 0000 0005 -56.0 5.25849 16917
2017 1021 000B 0000 0000 0005 -56.0 5.22781 16943
2017 1021 000B 0000 0000 0005 -56.0 5.25235 17220
2017 1021 000B 0000 0000 0005 -56.5 5.25235 17243
2017 1021 000B 0000 0000 0005 -56.0 5.28917 17521
2017 1021 000B 0000 0000 0005 -56.0 5.24621 17546
2017 1021 000B 0000 0000 0005 -56.0 5.27076 17823
2017 1021 000B 0000 0000 0005 -56.0 5.29530 17848
2017 1021 000B 0000 0000 0005 -56.0 5.25235 18125
2017 1021 000B 0000 0000 0005 -56.0 5.29530 18149
2017 1021 000B 0000 0000 0005 -56.0 5.22781 18426
2017 1021 000B 0000 0000 0005 -56.0 5.24621 18452
2017 1021 000B 0000 0000 0005 -56.0 5.27076 18729
2017 1021 000B 0000 0000 0005 -56.0 5.28917 18754
2017 1021 000B 0000 0000 0005 -56.0 5.25235 19030
2017 1021 000B 0000 0000 0005 -56.0 5.24621 19054
2017 1021 000B 0000 0000 0005 -56.0 5.31985 19332
2017 1021 000B 0000 0000 0005 -56.0 5.25235 19357
2017 1021 000B 0000 0000 0005 -56.0 5.28303 19633
2017 1021 000B 0000 0000 0005 -56.0 5.25235 19659
2017 1021 000B 0000 0000 0005 -56.0 5.29530 19935
2017 1021 000B 0000 0000 0005 -56.0 5.22167 19961
2017 1021 000B 0000 0000 0005 -56.0 5.30757 20238
2017 1021 000B 0000 0000 0005 -56.0 5.29530 20262
2017 1021 000B 0000 0000 0005 -56.0 5.29530 20540
2017 1021 000B 0000 0000 0005 -56.0 5.27689 20564
2017 1021 000B 0000 0000 0005 -56.0 5.20326 20841
2017 1021 000B 0000 0000 0005 -56.0 5.22781 20868
2017 1021 000B 0000 0000 0005 -56.0 5.30144 21144
2017 1021 000B 0000 0000 0005 -56.0 5.24621 21170
2017 1021 000B 0000 0000 0005 -56.0 5.29530 21446
2017 1021 000B 0000 0000 0005 -56.0 5.20326 21471
2017 1021 000B 0000 0000 0005 -56.5 5.28303 21749
2017 1021 000B 0000 0000 0005 -56.0 5.25235 21774
2017 1021 000B 0000 0000 0005 -56.5 5.31985 22052
2017 1021 000B 0000 0000 0005 -56.0 5.25849 22077
2017 1021 000B 0000 0000 0005 -56.0 5.24621 22355
2017 1021 000B 0000 0000 0005 -56.0 5.23394 22380
2017 1021 000B 0000 0000 0005 -56.0 5.25235 22657
2017 1021 000B 0000 0000 0005 -56.0 5.20940 22680
2017 1021 000B 0000 0000 0005 -56.0 5.28303 22959
2017 1021 000B 0000 0000 0005 -56.0 5.25235 22982
2017 1021 000B 0000 0000 0005 -56.0 5.25235 23260
2017 1021 000B 0000 0000 0005 -56.0 5.26462 23284
2017 1021 000B 0000 0000 0005 -56.0 5.22781 23561
2017 1021 000B 0000 0000 0005 -56.0 5.20940 23584
2017 1021 000B 0000 0000 0005 -56.0 5.25849 23863
2017 1021 000B 0000 0000 0005 -56.0 5.30144 23886
2017 1021 000B 0000 0000 0005 -56.0 5.27076 24164
2017 1021 000B 0000 0000 0005 -56.0 5.24621 24188
2017 1021 000B 0000 0000 0005 -56.0 5.20940 24466
2017 1021 000B 0000 0000 0005 -56.0 5.24621 24490
2017 1021 000B 0000 0000 0005 -56.0 5.27076 24768
2017 1021 000B 0000 0000 0005 -56.5 5.22167 24792
2017 1021 000B 0000 0000 0005 -56.0 5.28303 25070
2017 1021 000B 0000 0000 0005 -56.5 5.30144 25095
2017 1021 000B 0000 0000 0005 -56.0 5.29530 25371
2017 1021 000B 0000 0000 0005 -56.5 5.22167 25396
2017 1021 000B 0000 0000 0005 -56.0 5.28917 25674
2017 1021 000B 0000 0000 0005 -56.0 5.28917 25699
2017 1021 000B 0000 0000 0005 -56.0 5.24621 25975
2017 1021 000B 0000 0000 0005 -56.0 5.24008 26000
2017 1021 000B 0000 0000 0005 -56.0 5.30144 26277
2017 1021 000B 0000 0000 0005 -56.0 5.28303 26303
2017 1021 000B 0000 0000 0005 -56.0 5.25235 26580
2017 1021 000B 0000 0000 0005 -56.0 5.24621 26604
2017 1021 000B 0000 0000 0005 -56.0 5.23394 26881
2017 1021 000B 0000 0000 0005 -56.0 5.27689 26906
2017 1021 000B 0000 0000 0005 -55.5 5.24621 27185
2017 1021 000B 0000 0000 0005 -56.0 5.24621 27209
2017 1021 000B 0000 0000 0005 -56.0 5.27076 27486
2017 1021 000B 0000 0000 0005 -56.0 5.24621 27512
2017 1021 000B 0000 0000 0005 -56.0 5.28303 27789
2017 1021 000B 0000 0000 0005 -56.0 5.26462 27813
2017 1021 000B 0000 0000 0005 -56.0 5.24621 28090
2017 1021 000B 0000 0000 0005 -56.5 5.20940 28116
2017 1021 000B 0000 0000 0005 -56.0 5.30144 28393
2017 1021 000B 0000 0000 0005 -56.0 5.18486 28418
2017 1021 000B 0000 0000 0005 -56.0 5.28917 28694
2017 1021 000B 0000 0000 0005 -56.0 5.28917 28718
2017 1021 000B 0000 0000 0005 -56.0 5.28917 28995
2017 1021 000B 0000 0000 0005 -56.0 5.29530 29020
2017 1021 000B 0000 0000 0005 -56.0 5.23394 29298
2017 1021 000B 0000 0000 0005 -56.5 5.27689 29322
2017 1021 000B 0000 0000 0005 -56.0 5.27076 29599
2017 1021 000B 0000 0000 0005 -56.0 5.22167 29624
2017 1021 000B 0000 0000 0005 -56.0 5.30757 29901
2017 1021 000B 0000 0000 0005 -56.0 5.27689 29927
2017 1021 000B 0000 0000 0005 -56.0 5.21553 30204
2017 1021 000B 0000 0000 0005 -56.0 5.24621 30229
2017 1021 000B 0000 0000 0005 -56.0 5.24621 30506
2017 1021 000B 0000 0000 0005 -56.5 5.26462 30532
2017 1021 000B 0000 0000 0005 -56.0 5.29530 30808
2017 1021 000B 0000 0000 0005 -56.5 5.25849 30833
2017 1021 000B 0000 0000 0005 -56.0 5.24008 31109
2017 1021 000B 0000 0000 0005 -56.0 5.24621 31135
2017 1021 000B 0000 0000 0005 -56.5 5.27076 31411
2017 1021 000B 0000 0000 0005 -56.5 5.27689 31436
2017 1021 000B 0000 0000 0005 -56.0 5.25849 31715
2017 1021 000B 0000 0000 0005 -56.0 5.25235 31738
2017 1021 000B 0000 0000 0005 -56.0 5.29530 32016
2017 1021 000B 0000 0000 0005 -56.0 5.23394 32040
2017 1021 000B 0000 0000 0005 -56.5 5.26462 32318
2017 1021 000B 0000 0000 0005 -56.0 5.27689 32342
2017 1021 000B 0000 0000 0005 -56.5 5.27076 32621
2017 1021 000B 0000 0000 0005 -56.5 5.22167 32646
2017 1021 000B 0000 0000 0005 -56.0 5.25235 32924
2017 1021 000B 0000 0000 0005 -56.0 5.28303 32948
2017 1021 000B 0000 0000 0005 -56.0 5.21553 33225
2017 1021 000B 0000 0000 0005 -56.0 5.29530 33251
2017 1021 000B 0000 0000 0005 -56.0 5.27076 33528
2017 1021 000B 0000 0000 0005 -56.5 5.27689 33553
2017 1021 000B 0000 0000 0005 -56.0 5.30144 33829
2017 1021 000B 0000 0000 0005 -56.0 5.30144 33854
2017 1021 000B 0000 0000 0005 -56.0 5.32598 34132
2017 1021 000B 0000 0000 0005 -56.5 5.25849 34156
2017 1021 000B 0000 0000 0005 -56.0 5.27689 34435
2017 1021 000B 0000 0000 0005 -56.0 5.27689 34458
2017 1021 000B 0000 0000 0005 -56.5 5.24621 34736
2017 1021 000B 0000 0000 0005 -56.0 5.28917 34762
2017 1021 000B 0000 0000 0005 -56.5 5.23394 35037
2017 1021 000B 0000 0000 0005 -56.5 5.28303 35062
2017 1021 000B 0000 0000 0005 -56.0 5.31985 35341
2017 1021 000B 0000 0000 0005 -56.0 5.30144 35364
2017 1021 000B 0000 0000 0005 -56.0 5.26462 35642
2017 1021 000B 0000 0000 0005 -56.0 5.33212 35667
