2017 1021 000B 0000 0000 0005 -54.0 5.31985 0
2017 1021 000B 0000 0000 0005 -53.0 5.36893 28
2017 1021 000B 0000 0000 0005 -53.0 5.34439 305
2017 1021 000B 0000 0000 0005 -53.5 5.41802 330
2017 1021 000B 0000 0000 0005 -53.0 5.36893 608
2017 1021 000B 0000 0000 0005 -53.5 5.39348 633
2017 1021 000B 0000 0000 0005 -53.5 5.44256 911
2017 1021 000B 0000 0000 0005 -53.0 5.36280 936
2017 1021 000B 0000 0000 0005 -53.0 5.36280 1213
2017 1021 000B 0000 0000 0005 -53.5 5.39961 1237
2017 1021 000B 0000 0000 0005 -53.5 5.39961 1515
2017 1021 000B 0000 0000 0005 -53.0 5.34439 1541
2017 1021 000B 0000 0000 0005 -53.5 5.34439 1818
2017 1021 000B 0000 0000 0005 -53.0 5.40575 1844
2017 1021 000B 0000 0000 0005 -53.5 5.39348 2122
2017 1021 000B 0000 0000 0005 -53.0 5.36280 2146
2017 1021 000B 0000 0000 0005 -53.0 5.36893 2424
2017 1021 000B 0000 0000 0005 -53.5 5.40575 2448
2017 1021 000B 0000 0000 0005 -53.5 5.42416 2726
2017 1021 000B 0000 0000 0005 -53.0 5.37507 2752
2017 1021 000B 0000 0000 0005 -53.5 5.39961 3030
2017 1021 000B 0000 0000 0005 -53.0 5.39961 3052
2017 1021 000B 0000 0000 0005 -53.5 5.32598 3331
2017 1021 000B 0000 0000 0005 -53.5 5.39348 3354
2017 1021 000B 0000 0000 0005 -53.5 5.39961 3632
2017 1021 000B 0000 0000 0005 -53.5 5.37507 3658
2017 1021 000B 0000 0000 0005 -53.0 5.41802 3935
2017 1021 000B 0000 0000 0005 -53.5 5.39348 3959
2017 1021 000B 0000 0000 0005 -53.0 5.39348 4238
2017 1021 000B 0000 0000 0005 -53.0 5.42416 4263
2017 1021 000B 0000 0000 0005 -53.5 5.39961 4540
2017 1021 000B 0000 0000 0005 -53.5 5.35052 4563
2017 1021 000B 0000 0000 0005 -53.0 5.42416 4843
2017 1021 000B 0000 0000 0005 -53.0 5.37507 4867
2017 1021 000B 0000 0000 0005 -53.5 5.39961 5145
2017 1021 000B 0000 0000 0005 -53.5 5.36893 5169
2017 1021 000B 0000 0000 0005 -53.5 5.40575 5447
2017 1021 000B 0000 0000 0005 -53.5 5.35666 5471
2017 1021 000B 0000 0000 0005 -53.5 5.39348 5749
2017 1021 000B 0000 0000 0005 -53.5 5.37507 5773
2017 1021 000B 0000 0000 0005 -53.5 5.38120 6052
2017 1021 000B 0000 0000 0005 -53.5 5.42416 6075
2017 1021 000B 0000 0000 0005 -53.5 5.36893 6352
2017 1021 000B 0000 0000 0005 -53.0 5.38120 6378
2017 1021 000B 0000 0000 0005 -53.5 5.34439 6654
2017 1021 000B 0000 0000 0005 -53.5 5.37507 6679
2017 1021 000B 0000 0000 0005 -53.5 5.38120 6957
2017 1021 000B 0000 0000 0005 -53.5 5.39348 6982
2017 1021 000B 0000 0000 0005 -53.5 5.37507 7258
2017 1021 000B 0000 0000 0005 -53.5 5.39348 7283
2017 1021 000B 0000 0000 0005 -53.5 5.35666 7562
2017 1021 000B 0000 0000 0005 -53.5 5.35052 7584
2017 1021 000B 0000 0000 0005 -53.5 5.36280 7863
2017 1021 000B 0000 0000 0005 -53.5 5.42416 7887
2017 1021 000B 0000 0000 0005 -53.5 5.39961 8164
2017 1021 000B 0000 0000 0005 -53.0 5.37507 8189
2017 1021 000B 0000 0000 0005 -53.0 5.37507 8466
2017 1021 000B 0000 0000 0005 -53.5 5.34439 8492
2017 1021 000B 0000 0000 0005 -54.0 5.42416 8770
2017 1021 000B 0000 0000 0005 -53.5 5.33212 8794
2017 1021 000B 0000 0000 0005 -53.5 5.31985 9071
2017 1021 000B 0000 0000 0005 -53.0 5.35052 9096
2017 1021 000B 0000 0000 0005 -53.5 5.38734 9375
2017 1021 000B 0000 0000 0005 -53.5 5.38120 9399
2017 1021 000B 0000 0000 0005 -53.5 5.38120 9676
2017 1021 000B 0000 0000 0005 -53.0 5.30757 9702
2017 1021 000B 0000 0000 0005 -53.5 5.36893 9980
2017 1021 000B 0000 0000 0005 -53.5 5.30757 10003
2017 1021 000B 0000 0000 0005 -53.5 5.36280 10281
2017 1021 000B 0000 0000 0005 -53.5 5.39348 10306
2017 1021 000B 0000 0000 0005 -53.0 5.37507 10583
2017 1021 000B 0000 0000 0005 -53.5 5.32598 10608
2017 1021 000B 0000 0000 0005 -53.0 5.41802 10885
2017 1021 000B 0000 0000 0005 -53.5 5.38120 10910
2017 1021 000B 0000 0000 0005 -53.5 5.35052 11189
2017 1021 000B 0000 0000 0005 -53.5 5.33212 11214
2017 1021 000B 0000 0000 0005 -53.0 5.33825 11491
2017 1021 000B 0000 0000 0005 -53.5 5.35052 11516
2017 1021 000B 0000 0000 0005 -53.5 5.45484 11793
2017 1021 000B 0000 0000 0005 -53.5 5.34439 11817
2017 1021 000B 0000 0000 0005 -53.0 5.39961 12096
2017 1021 000B 0000 0000 0005 -53.5 5.32598 12120
2017 1021 000B 0000 0000 0005 -53.5 5.37507 12398
2017 1021 000B 0000 0000 0005 -53.5 5.34439 12423
2017 1021 000B 0000 0000 0005 -53.5 5.40575 12700
2017 1021 000B 0000 0000 0005 -54.0 5.36893 12723
2017 1021 000B 0000 0000 0005 -53.5 5.39348 13000
2017 1021 000B 0000 0000 0005 -53.5 5.46097 13025
2017 1021 000B 0000 0000 0005 -53.5 5.44870 13303
2017 1021 000B 0000 0000 0005 -54.0 5.35052 13327
2017 1021 000B 0000 0000 0005 -53.5 5.38734 13605
2017 1021 000B 0000 0000 0005 -53.5 5.38734 13632
2017 1021 000B 0000 0000 0005 -53.5 5.36893 13908
2017 1021 000B 0000 0000 0005 -53.5 5.40575 13934
2017 1021 000B 0000 0000 0005 -53.5 5.39348 14211
2017 1021 000B 0000 0000 0005 -53.5 5.34439 14236
2017 1021 000B 0000 0000 0005 -53.5 5.36893 14513
2017 1021 000B 0000 0000 0005 -53.5 5.38120 14537
2017 1021 000B 0000 0000 0005 -53.5 5.38734 14815
2017 1021 000B 0000 0000 0005 -53.5 5.40575 14840
2017 1021 000B 0000 0000 0005 -53.5 5.43029 15118
2017 1021 000B 0000 0000 0005 -53.5 5.37507 15143
2017 1021 000B 0000 0000 0005 -53.5 5.41188 15420
2017 1021 000B 0000 0000 0005 -53.5 5.45484 15444
2017 1021 000B 0000 0000 0005 -53.5 5.36280 15723
2017 1021 000B 0000 0000 0005 -53.5 5.34439 15747
2017 1021 000B 0000 0000 0005 -53.5 5.44256 16027
2017 1021 000B 0000 0000 0005 -53.5 5.35666 16052
2017 1021 000B 0000 0000 0005 -53.5 5.39348 16327
2017 1021 000B 0000 0000 0005 -53.5 5.34439 16353
2017 1021 000B 0000 0000 0005 -53.5 5.36280 16630
2017 1021 000B 0000 0000 0005 -53.5 5.41802 16657
2017 1021 000B 0000 0000 0005 -53.5 5.37507 16933
2017 1021 000B 0000 0000 0005 -53.5 5.41188 16959
2017 1021 000B 0000 0000 0005 -53.5 5.35052 17236
2017 1021 000B 0000 0000 0005 -53.5 5.31985 17262
2017 1021 000B 0000 0000 0005 -53.5 5.35666 17539
2017 1021 000B 0000 0000 0005 -53.5 5.33212 17564
2017 1021 000B 0000 0000 0005 -53.5 5.40575 17841
2017 1021 000B 0000 0000 0005 -53.5 5.40575 17868
2017 1021 000B 0000 0000 0005 -53.5 5.37507 18144
2017 1021 000B 0000 0000 0005 -53.5 5.39348 18169
2017 1021 000B 0000 0000 0005 -53.0 5.38120 18446
2017 1021 000B 0000 0000 0005 -53.5 5.34439 18471
2017 1021 000B 0000 0000 0005 -53.5 5.34439 18749
2017 1021 000B 0000 0000 0005 -53.5 5.32598 18774
2017 1021 000B 0000 0000 0005 -53.5 5.38120 19052
2017 1021 000B 0000 0000 0005 -53.5 5.38120 19075
2017 1021 000B 0000 0000 0005 -53.5 5.38734 19355
2017 1021 000B 0000 0000 0005 -53.5 5.33825 19380
2017 1021 000B 0000 0000 0005 -53.0 5.33212 19657
2017 1021 000B 0000 0000 0005 -53.5 5.35052 19681
2017 1021 000B 0000 0000 0005 -53.5 5.36280 19960
2017 1021 000B 0000 0000 0005 -53.5 5.41802 19984
2017 1021 000B 0000 0000 0005 -53.5 5.43029 20263
2017 1021 000B 0000 0000 0005 -53.5 5.33212 20286
2017 1021 000B 0000 0000 0005 -53.5 5.42416 20564
2017 1021 000B 0000 0000 0005 -53.5 5.33825 20588
2017 1021 000B 0000 0000 0005 -53.5 5.39348 20866
2017 1021 000B 0000 0000 0005 -53.5 5.39348 20890
2017 1021 000B 0000 0000 0005 -53.5 5.39961 21168
2017 1021 000B 0000 0000 0005 -53.0 5.34439 21193
2017 1021 000B 0000 0000 0005 -53.5 5.36280 21470
2017 1021 000B 0000 0000 0005 -53.5 5.38734 21496
2017 1021 000B 0000 0000 0005 -53.5 5.35052 21774
2017 1021 000B 0000 0000 0005 -53.5 5.35052 21798
2017 1021 000B 0000 0000 0005 -53.5 5.41188 22076
2017 1021 000B 0000 0000 0005 -53.5 5.36893 22101
2017 1021 000B 0000 0000 0005 -53.0 5.35666 22378
2017 1021 000B 0000 0000 0005 -53.5 5.34439 22402
2017 1021 000B 0000 0000 0005 -53.5 5.38734 22679
2017 1021 000B 0000 0000 0005 -53.5 5.39961 22706
2017 1021 000B 0000 0000 0005 -53.5 5.34439 22984
2017 1021 000B 0000 0000 0005 -53.5 5.31985 23007
2017 1021 000B 0000 0000 0005 -53.5 5.41188 23285
2017 1021 000B 0000 0000 0005 -53.5 5.35666 23308
2017 1021 000B 0000 0000 0005 -53.5 5.37507 23586
2017 1021 000B 0000 0000 0005 -53.5 5.46711 23610
2017 1021 000B 0000 0000 0005 -53.5 5.32598 23890
2017 1021 000B 0000 0000 0005 -53.5 5.39348 23913
2017 1021 000B 0000 0000 0005 -53.5 5.38734 24192
2017 1021 000B 0000 0000 0005 -53.5 5.31371 24217
2017 1021 000B 0000 0000 0005 -53.5 5.36893 24493
2017 1021 000B 0000 0000 0005 -53.5 5.29530 24519
2017 1021 000B 0000 0000 0005 -53.0 5.35666 24796
2017 1021 000B 0000 0000 0005 -53.5 5.41188 24820
2017 1021 000B 0000 0000 0005 -53.5 5.41188 25098
2017 1021 000B 0000 0000 0005 -53.5 5.35052 25122
2017 1021 000B 0000 0000 0005 -53.5 5.43029 25399
2017 1021 000B 0000 0000 0005 -53.5 5.39348 25424
2017 1021 000B 0000 0000 0005 -53.0 5.32598 25703
2017 1021 000B 0000 0000 0005 -53.5 5.39348 25729
2017 1021 000B 0000 0000 0005 -53.0 5.34439 26005
2017 1021 000B 0000 0000 0005 -53.5 5.34439 26029
2017 1021 000B 0000 0000 0005 -53.5 5.37507 26307
2017 1021 000B 0000 0000 0005 -53.5 5.31985 26332
2017 1021 000B 0000 0000 0005 -53.5 5.40575 26610
2017 1021 000B 0000 0000 0005 -53.5 5.39348 26635
2017 1021 000B 0000 0000 0005 -53.5 5.32598 26912
2017 1021 000B 0000 0000 0005 -53.5 5.33212 26937
2017 1021 000B 0000 0000 0005 -53.5 5.37507 27214
2017 1021 000B 0000 0000 0005 -53.5 5.39961 27240
2017 1021 000B 0000 0000 0005 -53.5 5.34439 27518
2017 1021 000B 0000 0000 0005 -53.5 5.36893 27542
2017 1021 000B 0000 0000 0005 -53.5 5.42416 27821
2017 1021 000B 0000 0000 0005 -53.5 5.33825 27846
2017 1021 000B 0000 0000 0005 -53.5 5.32598 28122
2017 1021 000B 0000 0000 0005 -53.5 5.36893 28148
2017 1021 000B 0000 0000 0005 -53.5 5.41802 28425
2017 1021 000B 0000 0000 0005 -53.5 5.36280 28450
2017 1021 000B 0000 0000 0005 -53.5 5.33825 28727
2017 1021 000B 0000 0000 0005 -53.5 5.36893 28752
2017 1021 000B 0000 0000 0005 -53.5 5.34439 29029
2017 1021 000B 0000 0000 0005 -53.5 5.38734 29055
2017 1021 000B 0000 0000 0005 -53.5 5.45484 29332
2017 1021 000B 0000 0000 0005 -53.5 5.27076 29358
2017 1021 000B 0000 0000 0005 -53.5 5.44870 29635
2017 1021 000B 0000 0000 0005 -53.5 5.34439 29660
2017 1021 000B 0000 0000 0005 -53.0 5.41188 29938
2017 1021 000B 0000 0000 0005 -53.5 5.35666 29963
2017 1021 000B 0000 0000 0005 -53.5 5.40575 30241
2017 1021 000B 0000 0000 0005 -53.5 5.31985 30267
2017 1021 000B 0000 0000 0005 -53.5 5.36893 30545
2017 1021 000B 0000 0000 0005 -53.5 5.38734 30568
2017 1021 000B 0000 0000 0005 -53.5 5.38734 30847
2017 1021 000B 0000 0000 0005 -53.5 5.41188 30871
2017 1021 000B 0000 0000 0005 -53.5 5.31985 31150
2017 1021 000B 0000 0000 0005 -53.5 5.33825 31176
2017 1021 000B 0000 0000 0005 -53.5 5.46097 31452
2017 1021 000B 0000 0000 0005 -53.0 5.33212 31476
2017 1021 000B 0000 0000 0005 -53.5 5.37507 31755
2017 1021 000B 0000 0000 0005 -53.5 5.42416 31780
2017 1021 000B 0000 0000 0005 -53.5 5.40575 32057
2017 1021 000B 0000 0000 0005 -53.5 5.33212 32081
2017 1021 000B 0000 0000 0005 -53.5 5.38120 32358
2017 1021 000B 0000 0000 0005 -53.5 5.33825 32383
2017 1021 000B 0000 0000 0005 -53.5 5.31985 32661
2017 1021 000B 0000 0000 0005 -53.5 5.35666 32685
2017 1021 000B 0000 0000 0005 -53.5 5.42416 32963
2017 1021 000B 0000 0000 0005 -53.5 5.36893 32989
2017 1021 000B 0000 0000 0005 -53.5 5.47324 33265
2017 1021 000B 0000 0000 0005 -53.5 5.36280 33292
2017 1021 000B 0000 0000 0005 -53.5 5.31371 33568
2017 1021 000B 0000 0000 0005 -53.5 5.35052 33592
2017 1021 000B 0000 0000 0005 -53.5 5.41802 33870
2017 1021 000B 0000 0000 0005 -53.5 5.30144 33895
2017 1021 000B 0000 0000 0005 -53.0 5.37507 34173
2017 1021 000B 0000 0000 0005 -53.5 5.39348 34196
2017 1021 000B 0000 0000 0005 -53.5 5.37507 34474
2017 1021 000B 0000 0000 0005 -53.5 5.32598 34498
2017 1021 000B 0000 0000 0005 -53.5 5.35052 34777
2017 1021 000B 0000 0000 0005 -53.5 5.36280 34802
2017 1021 000B 0000 0000 0005 -53.5 5.39348 35078
2017 1021 000B 0000 0000 0005 -53.5 5.42416 35104
2017 1021 000B 0000 0000 0005 -53.5 5.38734 35382
2017 1021 000B 0000 0000 0005 -53.5 5.39348 35405
2017 1021 000B 0000 0000 0005 -53.5 5.37507 35684
2017 1021 000B 0000 0000 0005 -53.5 5.34439 35709
2017 1021 000B 0000 0000 0005 -53.5 5.39961 35985
2017 1021 000B 0000 0000 0005 -53.5 5.37507 36011
2017 1021 000B 0000 0000 0005 -54.0 5.32598 36289
2017 1021 000B 0000 0000 0005 -53.5 5.36280 36314
2017 1021 000B 0000 0000 0005 -53.5 5.39961 36592
2017 1021 000B 0000 0000 0005 -54.0 5.39961 36617
2017 1021 000B 0000 0000 0005 -53.5 5.34439 36895
2017 1021 000B 0000 0000 0005 -53.5 5.34439 36917
2017 1021 000B 0000 0000 0005 -53.5 5.34439 37195
2017 1021 000B 0000 0000 0005 -54.0 5.42416 37220
2017 1021 000B 0000 0000 0005 -53.5 5.47324 37499
2017 1021 000B 0000 0000 0005 -53.5 5.41188 37523
2017 1021 000B 0000 0000 0005 -53.5 5.34439 37801
2017 1021 000B 0000 0000 0005 -54.0 5.33212 37825
2017 1021 000B 0000 0000 0005 -53.5 5.36893 38102
2017 1021 000B 0000 0000 0005 -54.0 5.31985 38127
2017 1021 000B 0000 0000 0005 -54.0 5.34439 38405
2017 1021 000B 0000 0000 0005 -53.5 5.41802 38430
2017 1021 000B 0000 0000 0005 -53.5 5.39348 38707
2017 1021 000B 0000 0000 0005 -53.5 5.43029 38732
2017 1021 000B 0000 0000 0005 -53.5 5.33212 39008
2017 1021 000B 0000 0000 0005 -54.0 5.36280 39034
2017 1021 000B 0000 0000 0005 -53.5 5.39961 39311
2017 1021 000B 0000 0000 0005 -53.5 5.33825 39335
2017 1021 000B 0000 0000 0005 -53.5 5.37507 39613
2017 1021 000B 0000 0000 0005 -54.0 5.30757 39639
2017 1021 000B 0000 0000 0005 -53.5 5.42416 39917
2017 1021 000B 0000 0000 0005 -53.5 5.33825 39940
2017 1021 000B 0000 0000 0005 -54.0 5.31371 40217
2017 1021 000B 0000 0000 0005 -53.5 5.36893 40241
2017 1021 000B 0000 0000 0005 -53.5 5.37507 40520
2017 1021 000B 0000 0000 0005 -53.5 5.39348 40544
2017 1021 000B 0000 0000 0005 -53.5 5.36280 40823
2017 1021 000B 0000 0000 0005 -54.0 5.34439 40847
2017 1021 000B 0000 0000 0005 -54.0 5.36280 41126
2017 1021 000B 0000 0000 0005 -53.5 5.34439 41150
2017 1021 000B 0000 0000 0005 -53.5 5.41188 41428
2017 1021 000B 0000 0000 0005 -53.5 5.39348 41454
2017 1021 000B 0000 0000 0005 -53.5 5.38734 41730
2017 1021 000B 0000 0000 0005 -53.5 5.36280 41754
2017 1021 000B 0000 0000 0005 -53.5 5.47938 42033
2017 1021 000B 0000 0000 0005 -54.0 5.31985 42057
2017 1021 000B 0000 0000 0005 -54.0 5.36280 42336
2017 1021 000B 0000 0000 0005 -53.5 5.31371 42359
2017 1021 000B 0000 0000 0005 -53.5 5.37507 42637
2017 1021 000B 0000 0000 0005 -54.0 5.35052 42664
2017 1021 000B 0000 0000 0005 -53.5 5.35052 42939
2017 1021 000B 0000 0000 0005 -53.5 5.41188 42965
2017 1021 000B 0000 0000 0005 -53.5 5.40575 43242
2017 1021 000B 0000 0000 0005 -53.5 5.35052 43267
2017 1021 000B 0000 0000 0005 -53.5 5.39961 43544
2017 1021 000B 0000 0000 0005 -53.5 5.31985 43570
2017 1021 000B 0000 0000 0005 -53.5 5.33825 43847
2017 1021 000B 0000 0000 0005 -53.5 5.41188 43871
2017 1021 000B 0000 0000 0005 -53.5 5.33212 44150
2017 1021 000B 0000 0000 0005 -53.5 5.39961 44174
2017 1021 000B 0000 0000 0005 -53.5 5.35666 44452
2017 1021 000B 0000 0000 0005 -53.5 5.34439 44478
2017 1021 000B 0000 0000 0005 -53.5 5.36280 44754
2017 1021 000B 0000 0000 0005 -53.5 5.35666 44778
2017 1021 000B 0000 0000 0005 -53.5 5.42416 45056
2017 1021 000B 0000 0000 0005 -53.5 5.30757 45081
2017 1021 000B 0000 0000 0005 -53.5 5.37507 45358
2017 1021 000B 0000 0000 0005 -53.5 5.38120 45384
2017 1021 000B 0000 0000 0005 -53.5 5.41188 45663
2017 1021 000B 0000 0000 0005 -53.5 5.31371 45686
2017 1021 000B 0000 0000 0005 -53.5 5.44870 45963
2017 1021 000B 0000 0000 0005 -53.5 5.38120 45990
2017 1021 000B 0000 0000 0005 -53.5 5.36893 46266
2017 1021 000B 0000 0000 0005 -54.0 5.33212 46291
2017 1021 000B 0000 0000 0005 -53.5 5.38734 46570
2017 1021 000B 0000 0000 0005 -53.5 5.38120 46594
2017 1021 000B 0000 0000 0005 -53.5 5.36893 46872
2017 1021 000B 0000 0000 0005 -53.5 5.45484 46896
2017 1021 000B 0000 0000 0005 -53.5 5.39348 47174
2017 1021 000B 0000 0000 0005 -53.5 5.35052 47200
2017 1021 000B 0000 0000 0005 -53.5 5.38120 47477
2017 1021 000B 0000 0000 0005 -53.5 5.39961 47502
2017 1021 000B 0000 0000 0005 -53.5 5.35666 47778
2017 1021 000B 0000 0000 0005 -53.5 5.33212 47803
2017 1021 000B 0000 0000 0005 -53.5 5.38120 48080
2017 1021 000B 0000 0000 0005 -53.5 5.35052 48106
2017 1021 000B 0000 0000 0005 -53.5 5.46097 48382
2017 1021 000B 0000 0000 0005 -53.5 5.47324 48407
2017 1021 000B 0000 0000 0005 -53.0 5.36893 48686
2017 1021 000B 0000 0000 0005 -53.0 5.39348 48710
2017 1021 000B 0000 0000 0005 -53.5 5.43643 48987
2017 1021 000B 0000 0000 0005 -53.5 5.41188 49014
2017 1021 000B 0000 0000 0005 -53.5 5.37507 49289
2017 1021 000B 0000 0000 0005 -53.0 5.41188 49315
2017 1021 000B 0000 0000 0005 -53.5 5.33825 49593
2017 1021 000B 0000 0000 0005 -53.5 5.36280 49617
2017 1021 000B 0000 0000 0005 -53.5 5.33825 49895
2017 1021 000B 0000 0000 0005 -53.5 5.40575 49918
2017 1021 000B 0000 0000 0005 -53.5 5.37507 50197
2017 1021 000B 0000 0000 0005 -54.0 5.38734 50220
2017 1021 000B 0000 0000 0005 -53.5 5.35052 50497
2017 1021 000B 0000 0000 0005 -53.5 5.30757 50522
2017 1021 000B 0000 0000 0005 -53.5 5.36280 50801
2017 1021 000B 0000 0000 0005 -53.5 5.32598 50824
2017 1021 000B 0000 0000 0005 -53.5 5.37507 51102
2017 1021 000B 0000 0000 0005 -53.5 5.36893 51129
