2017 1021 000B 0000 0000 0001 -58.5 1.45421 0
2017 1021 000B 0000 0000 0001 -57.5 3.42998 613
2017 1021 000B 0000 0000 0001 -56.0 3.40544 638
2017 1021 000B 0000 0000 0001 -58.5 1.26400 910
2017 1021 000B 0000 0000 0001 -57.5 4.50990 932
2017 1021 000B 0000 0000 0001 -57.0 6.16047 1206
2017 1021 000B 0000 0000 0001 -55.5 6.27705 1231
2017 1021 000B 0000 0000 0001 -53.5 1.30695 1509
2017 1021 000B 0000 0000 0001 -53.5 1.39899 1528
2017 1021 000B 0000 0000 0001 -53.5 2.33779 1804
2017 1021 000B 0000 0000 0001 -53.0 2.49118 1828
2017 1021 000B 0000 0000 0001 -53.5 3.46066 2106
2017 1021 000B 0000 0000 0001 -55.0 0.37736 2134
2017 1021 000B 0000 0000 0001 -59.5 4.95783 2428
2017 1021 000B 0000 0000 0001 -48.5 3.80427 2989
2017 1021 000B 0000 0000 0001 -49.0 3.89631 3023
2017 1021 000B 0000 0000 0001 -45.0 4.28901 3304
2017 1021 000B 0000 0000 0001 -44.5 4.33196 3329
2017 1021 000B 0000 0000 0001 -45.0 4.33196 3605
2017 1021 000B 0000 0000 0001 -43.5 4.23992 3627
2017 1021 000B 0000 0000 0001 -45.0 4.18470 3924
2017 1021 000B 0000 0000 0001 -49.5 3.69996 4225
2017 1021 000B 0000 0000 0001 -50.0 3.65701 4247
2017 1021 000B 0000 0000 0001 -61.0 5.33212 4559
