2017 1021 000B 0000 0000 0003 -50.0 5.40882 0
2017 1021 000B 0000 0000 0003 -49.0 5.54687 26
2017 1021 000B 0000 0000 0003 -47.5 6.12365 308
2017 1021 000B 0000 0000 0003 -47.5 6.06843 327
2017 1021 000B 0000 0000 0003 -46.0 0.33748 603
2017 1021 000B 0000 0000 0003 -46.5 0.39884 648
2017 1021 000B 0000 0000 0003 -45.0 0.73017 938
2017 1021 000B 0000 0000 0003 -45.0 0.77619 973
2017 1021 000B 0000 0000 0003 -44.5 0.78540 1249
2017 1021 000B 0000 0000 0003 -45.0 3.91472 1276
2017 1021 000B 0000 0000 0003 -46.5 0.39270 1556
2017 1021 000B 0000 0000 0003 -45.5 0.33134 1576
2017 1021 000B 0000 0000 0003 -47.0 5.73709 1851
2017 1021 000B 0000 0000 0003 -47.0 5.63891 1872
2017 1021 000B 0000 0000 0003 -48.0 4.59581 2159
2017 1021 000B 0000 0000 0003 -48.0 4.55285 2181
2017 1021 000B 0000 0000 0003 -52.0 0.18408 2481
2017 1021 000B 0000 0000 0003 -51.5 3.15386 2506
2017 1021 000B 0000 0000 0003 -54.0 1.85305 2808
2017 1021 000B 0000 0000 0003 -60.5 0.57678 3132
