2017 1021 000B 0000 0000 0001 -59.5 1.74260 0
2017 1021 000B 0000 0000 0001 -59.0 1.68738 24
2017 1021 000B 0000 0000 0001 -58.0 0.69336 674
2017 1021 000B 0000 0000 0001 -58.5 5.26462 981
2017 1021 000B 0000 0000 0001 -59.0 5.14804 1010
2017 1021 000B 0000 0000 0001 -57.0 4.16016 1309
2017 1021 000B 0000 0000 0001 -55.5 1.25173 1343
2017 1021 000B 0000 0000 0001 -54.0 2.24575 1625
2017 1021 000B 0000 0000 0001 -54.0 2.41755 1658
2017 1021 000B 0000 0000 0001 -54.5 0.32214 1933
2017 1021 000B 0000 0000 0001 -54.5 0.48474 1975
2017 1021 000B 0000 0000 0001 -55.5 4.73080 2262
2017 1021 000B 0000 0000 0001 -56.5 4.84738 2288
2017 1021 000B 0000 0000 0001 -52.5 4.26447 2854
2017 1021 000B 0000 0000 0001 -52.5 4.47309 2878
2017 1021 000B 0000 0000 0001 -45.5 5.13577 3155
2017 1021 000B 0000 0000 0001 -45.0 5.08054 3183
2017 1021 000B 0000 0000 0001 -44.5 5.07441 3460
2017 1021 000B 0000 0000 0001 -43.5 5.05600 3485
2017 1021 000B 0000 0000 0001 -45.5 4.86579 3758
2017 1021 000B 0000 0000 0001 -45.0 4.87192 3781
2017 1021 000B 0000 0000 0001 -50.0 4.32583 4117
2017 1021 000B 0000 0000 0001 -61.0 2.40528 4434
2017 1021 000B 0000 0000 0001 -61.0 2.49118 4459
