2017 1021 000B 0000 0000 0005 -58.5 0.02454 0
2017 1021 000B 0000 0000 0005 -57.5 3.83495 340
2017 1021 000B 0000 0000 0005 -56.0 3.89631 377
2017 1021 000B 0000 0000 0005 -56.0 4.63262 665
2017 1021 000B 0000 0000 0005 -56.0 4.66944 708
2017 1021 000B 0000 0000 0005 -55.0 5.57142 1014
2017 1021 000B 0000 0000 0005 -55.5 5.80458 1047
2017 1021 000B 0000 0000 0005 -54.0 0.15340 1337
2017 1021 000B 0000 0000 0005 -55.0 0.14113 1375
2017 1021 000B 0000 0000 0005 -53.5 0.70563 1660
2017 1021 000B 0000 0000 0005 -52.0 0.89584 1700
2017 1021 000B 0000 0000 0005 -52.5 1.41126 1998
2017 1021 000B 0000 0000 0005 -52.5 1.43581 2038
2017 1021 000B 0000 0000 0005 -52.5 1.94509 2327
2017 1021 000B 0000 0000 0005 -55.0 2.93911 2639
2017 1021 000B 0000 0000 0005 -54.0 6.00707 2676
2017 1021 000B 0000 0000 0005 -57.5 0.66268 2976
2017 1021 000B 0000 0000 0005 -57.5 0.76085 3011
2017 1021 000B 0000 0000 0005 -53.0 0.48474 3592
2017 1021 000B 0000 0000 0005 -53.0 3.63247 3645
2017 1021 000B 0000 0000 0005 -53.5 1.58920 3942
2017 1021 000B 0000 0000 0005 -53.0 1.77942 3978
2017 1021 000B 0000 0000 0005 -52.5 2.73662 4269
2017 1021 000B 0000 0000 0005 -51.0 5.92117 4313
2017 1021 000B 0000 0000 0005 -50.5 0.82835 4607
2017 1021 000B 0000 0000 0005 -50.5 4.09266 4645
2017 1021 000B 0000 0000 0005 -46.5 1.78555 4927
2017 1021 000B 0000 0000 0005 -48.0 5.04373 4956
2017 1021 000B 0000 0000 0005 -47.0 5.73709 5254
2017 1021 000B 0000 0000 0005 -47.0 5.81686 5296
2017 1021 000B 0000 0000 0005 -44.0 3.26431 5576
2017 1021 000B 0000 0000 0005 -43.5 3.35021 5599
2017 1021 000B 0000 0000 0005 -44.0 3.95153 5874
2017 1021 000B 0000 0000 0005 -42.5 3.73064 5896
2017 1021 000B 0000 0000 0005 -41.0 4.08039 6170
2017 1021 000B 0000 0000 0005 -40.5 4.17243 6191
2017 1021 000B 0000 0000 0005 -40.5 4.41173 6464
2017 1021 000B 0000 0000 0005 -39.0 4.62649 6486
2017 1021 000B 0000 0000 0005 -38.0 4.90260 6762
2017 1021 000B 0000 0000 0005 -38.0 4.89033 6785
2017 1021 000B 0000 0000 0005 -35.5 4.93942 7060
2017 1021 000B 0000 0000 0005 -36.0 4.97010 7081
2017 1021 000B 0000 0000 0005 -36.5 5.08668 7354
2017 1021 000B 0000 0000 0005 -36.5 5.04373 7379
2017 1021 000B 0000 0000 0005 -36.5 5.06214 7651
2017 1021 000B 0000 0000 0005 -36.5 4.98237 7673
2017 1021 000B 0000 0000 0005 -38.0 4.97010 7946
2017 1021 000B 0000 0000 0005 -37.5 4.90874 7967
2017 1021 000B 0000 0000 0005 -39.5 4.46695 8240
2017 1021 000B 0000 0000 0005 -39.5 4.72466 8262
2017 1021 000B 0000 0000 0005 -40.5 4.42400 8539
2017 1021 000B 0000 0000 0005 -41.5 4.38105 8560
2017 1021 000B 0000 0000 0005 -42.5 4.39946 8833
2017 1021 000B 0000 0000 0005 -43.5 4.13561 8854
2017 1021 000B 0000 0000 0005 -43.5 3.49748 9128
2017 1021 000B 0000 0000 0005 -43.5 3.63860 9152
2017 1021 000B 0000 0000 0005 -47.5 5.97025 9437
2017 1021 000B 0000 0000 0005 -47.5 5.78004 9475
2017 1021 000B 0000 0000 0005 -48.5 1.84691 9768
2017 1021 000B 0000 0000 0005 -49.0 4.83511 9825
2017 1021 000B 0000 0000 0005 -50.5 0.59518 10121
2017 1021 000B 0000 0000 0005 -51.5 0.48474 10165
2017 1021 000B 0000 0000 0005 -51.0 2.27643 10453
2017 1021 000B 0000 0000 0005 -50.5 5.21553 10489
