2017 1021 000B 0000 0000 0002 -54.5 4.41786 0
2017 1021 000B 0000 0000 0002 -55.0 4.46082 24
2017 1021 000B 0000 0000 0002 -55.0 4.50990 301
2017 1021 000B 0000 0000 0002 -55.0 4.49763 325
2017 1021 000B 0000 0000 0002 -54.5 4.52218 602
2017 1021 000B 0000 0000 0002 -55.0 4.54058 625
2017 1021 000B 0000 0000 0002 -55.0 4.57126 903
2017 1021 000B 0000 0000 0002 -54.5 4.57126 927
2017 1021 000B 0000 0000 0002 -55.0 4.56513 1206
2017 1021 000B 0000 0000 0002 -55.0 4.59581 1230
2017 1021 000B 0000 0000 0002 -55.0 4.61421 1507
2017 1021 000B 0000 0000 0002 -55.0 4.66944 1529
2017 1021 000B 0000 0000 0002 -55.0 4.70012 1803
2017 1021 000B 0000 0000 0002 -55.0 4.79216 1823
2017 1021 000B 0000 0000 0002 -55.5 4.94555 2097
2017 1021 000B 0000 0000 0002 -55.0 4.97623 2117
2017 1021 000B 0000 0000 0002 -58.5 5.48552 2390
2017 1021 000B 0000 0000 0002 -59.5 5.76163 2415
2017 1021 000B 0000 0000 0002 -57.0 0.03068 3606
2017 1021 000B 0000 0000 0002 -57.5 0.19021 3670
2017 1021 000B 0000 0000 0002 -57.5 0.98788 4004
2017 1021 000B 0000 0000 0002 -56.5 0.96334 4024
2017 1021 000B 0000 0000 0002 -58.0 5.95491 5758
2017 1021 000B 0000 0000 0002 -58.5 6.05616 5782
2017 1021 000B 0000 0000 0002 -58.5 0.26998 6065
2017 1021 000B 0000 0000 0002 -58.5 0.29452 6114
2017 1021 000B 0000 0000 0002 -54.5 4.96396 8162
2017 1021 000B 0000 0000 0002 -49.0 3.29499 8464
2017 1021 000B 0000 0000 0002 -48.5 3.18454 8490
2017 1021 000B 0000 0000 0002 -45.5 4.10493 8763
2017 1021 000B 0000 0000 0002 -45.0 4.16016 8787
2017 1021 000B 0000 0000 0002 -43.5 4.57126 9060
2017 1021 000B 0000 0000 0002 -43.5 4.60808 9085
2017 1021 000B 0000 0000 0002 -43.0 4.74307 9363
2017 1021 000B 0000 0000 0002 -42.5 4.77988 9385
2017 1021 000B 0000 0000 0002 -43.5 4.85352 9662
2017 1021 000B 0000 0000 0002 -44.0 4.84124 9685
2017 1021 000B 0000 0000 0002 -46.5 4.87806 9963
2017 1021 000B 0000 0000 0002 -46.5 4.87806 9987
2017 1021 000B 0000 0000 0002 -49.5 4.54672 10264
2017 1021 000B 0000 0000 0002 -50.0 4.50377 10285
2017 1021 000B 0000 0000 0002 -53.0 4.22152 10558
2017 1021 000B 0000 0000 0002 -53.0 4.14175 10578
2017 1021 000B 0000 0000 0002 -52.5 0.80994 10855
2017 1021 000B 0000 0000 0002 -52.5 0.81301 10877
2017 1021 000B 0000 0000 0002 -54.5 3.44225 11154
2017 1021 000B 0000 0000 0002 -55.5 3.41157 11178
2017 1021 000B 0000 0000 0002 -60.5 3.38703 11455
2017 1021 000B 0000 0000 0002 -60.5 3.38703 11480
2017 1021 000B 0000 0000 0002 -60.5 3.89631 11757
2017 1021 000B 0000 0000 0002 -60.0 3.66315 11779
