2017 1021 000B 0000 0000 0005 -63.5 5.64505 0
2017 1021 000B 0000 0000 0005 -60.5 3.30113 298
2017 1021 000B 0000 0000 0005 -60.0 3.54656 323
2017 1021 000B 0000 0000 0005 -58.0 0.12885 938
2017 1021 000B 0000 0000 0005 -56.5 1.49717 1237
2017 1021 000B 0000 0000 0005 -58.0 2.67526 1533
2017 1021 000B 0000 0000 0005 -57.5 4.19084 1805
2017 1021 000B 0000 0000 0005 -58.0 4.23992 1828
2017 1021 000B 0000 0000 0005 -56.0 0.25157 2693
2017 1021 000B 0000 0000 0005 -48.5 1.74874 2999
2017 1021 000B 0000 0000 0005 -48.0 5.09282 3061
2017 1021 000B 0000 0000 0005 -44.5 0.07363 3452
2017 1021 000B 0000 0000 0005 -42.0 0.98788 3738
2017 1021 000B 0000 0000 0005 -39.5 1.09833 3777
2017 1021 000B 0000 0000 0005 -38.0 4.70012 4070
2017 1021 000B 0000 0000 0005 -37.5 4.74307 4093
2017 1021 000B 0000 0000 0005 -35.5 4.86579 4366
2017 1021 000B 0000 0000 0005 -35.5 4.85352 4391
2017 1021 000B 0000 0000 0005 -36.5 4.68785 4664
2017 1021 000B 0000 0000 0005 -37.0 4.67557 4688
2017 1021 000B 0000 0000 0005 -40.0 1.22105 4978
2017 1021 000B 0000 0000 0005 -40.5 4.33196 5002
2017 1021 000B 0000 0000 0005 -49.0 4.52218 5724
2017 1021 000B 0000 0000 0005 -49.0 4.33810 5757
2017 1021 000B 0000 0000 0005 -51.0 5.85367 6037
2017 1021 000B 0000 0000 0005 -51.0 5.55915 6059
2017 1021 000B 0000 0000 0005 -54.5 1.08606 6340
