2017 1021 000B 0000 0000 0003 -54.5 5.93344 0
2017 1021 000B 0000 0000 0003 -52.5 2.82866 32
2017 1021 000B 0000 0000 0003 -47.5 4.31969 358
2017 1021 000B 0000 0000 0003 -47.5 4.46695 407
2017 1021 000B 0000 0000 0003 -45.5 5.07441 688
2017 1021 000B 0000 0000 0003 -46.0 5.16031 717
2017 1021 000B 0000 0000 0003 -45.5 5.62051 994
2017 1021 000B 0000 0000 0003 -45.5 5.62051 1018
2017 1021 000B 0000 0000 0003 -45.0 5.80152 1308
2017 1021 000B 0000 0000 0003 -45.0 5.80152 1359
2017 1021 000B 0000 0000 0003 -44.5 5.76777 1633
2017 1021 000B 0000 0000 0003 -45.0 5.74322 1659
2017 1021 000B 0000 0000 0003 -46.0 5.35052 1936
2017 1021 000B 0000 0000 0003 -46.0 5.36893 1962
2017 1021 000B 0000 0000 0003 -48.0 4.33196 2248
2017 1021 000B 0000 0000 0003 -47.5 4.26447 2268
2017 1021 000B 0000 0000 0003 -51.0 6.19728 2554
2017 1021 000B 0000 0000 0003 -51.0 6.02548 2583
2017 1021 000B 0000 0000 0003 -54.0 4.88419 2864
2017 1021 000B 0000 0000 0003 -53.5 1.62602 2888
2017 1021 000B 0000 0000 0003 -55.0 0.50315 3167
2017 1021 000B 0000 0000 0003 -59.0 0.43872 3190
2017 1021 000B 0000 0000 0003 -58.0 0.17794 3229
