2017 1021 000B 0000 0000 0002 -55.5 5.01919 0
2017 1021 000B 0000 0000 0002 -56.0 5.38120 342
2017 1021 000B 0000 0000 0002 -56.0 5.66959 398
2017 1021 000B 0000 0000 0002 -56.0 0.09817 686
2017 1021 000B 0000 0000 0002 -55.5 0.20249 721
2017 1021 000B 0000 0000 0002 -56.0 3.93313 1073
2017 1021 000B 0000 0000 0002 -55.0 4.22152 1176
2017 1021 000B 0000 0000 0002 -57.0 5.29530 1474
2017 1021 000B 0000 0000 0002 -57.5 5.28917 1506
2017 1021 000B 0000 0000 0002 -58.5 6.22183 1794
2017 1021 000B 0000 0000 0002 -58.0 0.01841 1834
2017 1021 000B 0000 0000 0002 -56.5 1.26400 2118
2017 1021 000B 0000 0000 0002 -56.0 1.12901 2157
2017 1021 000B 0000 0000 0002 -54.0 2.11076 2447
2017 1021 000B 0000 0000 0002 -54.0 2.09235 2503
2017 1021 000B 0000 0000 0002 -53.0 6.22796 2805
2017 1021 000B 0000 0000 0002 -52.0 0.21476 2848
2017 1021 000B 0000 0000 0002 -53.0 0.93880 3158
2017 1021 000B 0000 0000 0002 -53.0 0.95107 3204
2017 1021 000B 0000 0000 0002 -52.5 4.90260 3499
2017 1021 000B 0000 0000 0002 -53.5 1.96350 3549
2017 1021 000B 0000 0000 0002 -53.5 6.03775 3834
2017 1021 000B 0000 0000 0002 -52.5 6.09911 3875
2017 1021 000B 0000 0000 0002 -51.0 0.60746 4165
2017 1021 000B 0000 0000 0002 -50.0 2.09849 4477
2017 1021 000B 0000 0000 0002 -51.5 2.46051 4518
2017 1021 000B 0000 0000 0002 -47.5 2.96365 4792
2017 1021 000B 0000 0000 0002 -48.0 3.21522 4813
2017 1021 000B 0000 0000 0002 -46.5 3.73064 5088
2017 1021 000B 0000 0000 0002 -46.5 3.67542 5113
2017 1021 000B 0000 0000 0002 -44.5 4.41173 5388
2017 1021 000B 0000 0000 0002 -44.5 4.41173 5413
2017 1021 000B 0000 0000 0002 -43.0 4.70625 5687
2017 1021 000B 0000 0000 0002 -43.5 4.58353 5710
2017 1021 000B 0000 0000 0002 -42.0 4.92715 5984
2017 1021 000B 0000 0000 0002 -42.0 5.06214 6005
2017 1021 000B 0000 0000 0002 -40.5 5.29530 6279
2017 1021 000B 0000 0000 0002 -41.0 5.24008 6302
2017 1021 000B 0000 0000 0002 -39.0 5.48552 6578
2017 1021 000B 0000 0000 0002 -40.5 5.51619 6600
2017 1021 000B 0000 0000 0002 -40.0 5.71868 6877
2017 1021 000B 0000 0000 0002 -40.5 5.66346 6900
2017 1021 000B 0000 0000 0002 -40.5 5.82913 7174
2017 1021 000B 0000 0000 0002 -40.5 5.95185 7198
2017 1021 000B 0000 0000 0002 -42.5 6.03775 7472
2017 1021 000B 0000 0000 0002 -42.0 6.06229 7494
2017 1021 000B 0000 0000 0002 -44.0 6.11752 7765
2017 1021 000B 0000 0000 0002 -45.5 6.10524 7790
2017 1021 000B 0000 0000 0002 -47.5 0.39270 8066
2017 1021 000B 0000 0000 0002 -46.5 0.07977 8087
2017 1021 000B 0000 0000 0002 -49.5 0.38043 8380
2017 1021 000B 0000 0000 0002 -50.0 0.24544 8413
2017 1021 000B 0000 0000 0002 -52.5 0.29452 8696
2017 1021 000B 0000 0000 0002 -51.5 0.38043 8741
2017 1021 000B 0000 0000 0002 -53.5 0.53383 9039
2017 1021 000B 0000 0000 0002 -54.0 0.56450 9080
2017 1021 000B 0000 0000 0002 -54.0 0.65654 9113
2017 1021 000B 0000 0000 0002 -55.5 0.95720 9403
2017 1021 000B 0000 0000 0002 -54.0 0.77926 9445
2017 1021 000B 0000 0000 0002 -59.5 4.93942 10642
