2017 1021 000B 0000 0000 0002 -55.5 5.25849 0
2017 1021 000B 0000 0000 0002 -56.0 5.28303 27
2017 1021 000B 0000 0000 0002 -56.0 5.33825 303
2017 1021 000B 0000 0000 0002 -55.5 5.27076 328
2017 1021 000B 0000 0000 0002 -56.0 5.36280 605
2017 1021 000B 0000 0000 0002 -55.5 5.25235 631
2017 1021 000B 0000 0000 0002 -55.5 5.28917 920
2017 1021 000B 0000 0000 0002 -55.5 5.29530 944
2017 1021 000B 0000 0000 0002 -55.5 5.33825 1223
2017 1021 000B 0000 0000 0002 -55.5 5.35666 1247
2017 1021 000B 0000 0000 0002 -56.0 5.37507 1525
2017 1021 000B 0000 0000 0002 -55.5 5.33212 1550
2017 1021 000B 0000 0000 0002 -56.0 5.34439 1827
2017 1021 000B 0000 0000 0002 -55.5 5.36280 1852
2017 1021 000B 0000 0000 0002 -56.0 5.36280 2129
2017 1021 000B 0000 0000 0002 -55.5 5.31985 2155
2017 1021 000B 0000 0000 0002 -56.5 5.38120 2429
2017 1021 000B 0000 0000 0002 -56.5 5.43029 2451
2017 1021 000B 0000 0000 0002 -58.5 5.64505 3826
2017 1021 000B 0000 0000 0002 -57.0 1.88986 6142
2017 1021 000B 0000 0000 0002 -56.0 5.14190 6175
2017 1021 000B 0000 0000 0002 -56.0 2.52186 6475
2017 1021 000B 0000 0000 0002 -59.5 0.84676 6807
2017 1021 000B 0000 0000 0002 -60.0 4.11414 6837
2017 1021 000B 0000 0000 0002 -57.5 0.62586 7688
2017 1021 000B 0000 0000 0002 -58.0 0.79153 7711
2017 1021 000B 0000 0000 0002 -57.0 2.48505 7986
2017 1021 000B 0000 0000 0002 -57.5 2.91456 8030
2017 1021 000B 0000 0000 0002 -51.5 5.25235 8322
2017 1021 000B 0000 0000 0002 -51.0 5.41802 8346
2017 1021 000B 0000 0000 0002 -47.5 0.47247 8624
2017 1021 000B 0000 0000 0002 -47.0 0.60746 8647
2017 1021 000B 0000 0000 0002 -45.5 1.45421 8924
2017 1021 000B 0000 0000 0002 -45.5 1.59534 8947
2017 1021 000B 0000 0000 0002 -43.5 2.25188 9218
2017 1021 000B 0000 0000 0002 -44.0 2.27029 9238
2017 1021 000B 0000 0000 0002 -43.0 5.95491 9511
2017 1021 000B 0000 0000 0002 -42.0 2.89002 9536
2017 1021 000B 0000 0000 0002 -42.5 3.19682 9817
2017 1021 000B 0000 0000 0002 -42.0 3.22136 9842
2017 1021 000B 0000 0000 0002 -44.0 3.31340 10118
2017 1021 000B 0000 0000 0002 -43.5 3.31340 10140
2017 1021 000B 0000 0000 0002 -46.5 0.07363 10413
2017 1021 000B 0000 0000 0002 -46.5 3.20909 10435
2017 1021 000B 0000 0000 0002 -49.5 3.02501 10710
2017 1021 000B 0000 0000 0002 -49.5 2.99433 10732
2017 1021 000B 0000 0000 0002 -53.5 5.88742 11021
2017 1021 000B 0000 0000 0002 -54.0 5.85060 11044
2017 1021 000B 0000 0000 0002 -55.5 5.38734 11629
2017 1021 000B 0000 0000 0002 -55.5 2.17825 11655
2017 1021 000B 0000 0000 0002 -60.5 1.98804 11963
