2017 1021 000B 0000 0000 0002 -57.5 0.57064 0
2017 1021 000B 0000 0000 0002 -57.0 0.98788 1206
2017 1021 000B 0000 0000 0002 -55.0 0.94493 1246
2017 1021 000B 0000 0000 0002 -54.0 1.80396 1550
2017 1021 000B 0000 0000 0002 -53.0 2.11689 1601
2017 1021 000B 0000 0000 0002 -53.5 5.93957 1900
2017 1021 000B 0000 0000 0002 -51.5 6.26478 1940
2017 1021 000B 0000 0000 0002 -50.5 3.68769 2233
2017 1021 000B 0000 0000 0002 -49.5 3.69383 2256
2017 1021 000B 0000 0000 0002 -50.0 3.71837 2531
2017 1021 000B 0000 0000 0002 -49.5 4.48536 2556
2017 1021 000B 0000 0000 0002 -51.0 5.16645 2844
2017 1021 000B 0000 0000 0002 -51.5 5.12963 2882
2017 1021 000B 0000 0000 0002 -52.0 0.17181 3158
2017 1021 000B 0000 0000 0002 -50.5 0.17794 3195
2017 1021 000B 0000 0000 0002 -48.0 1.36831 3481
2017 1021 000B 0000 0000 0002 -49.5 1.05538 3506
2017 1021 000B 0000 0000 0002 -49.0 5.43029 3794
2017 1021 000B 0000 0000 0002 -48.5 5.62664 3837
2017 1021 000B 0000 0000 0002 -47.5 0.22703 4146
2017 1021 000B 0000 0000 0002 -46.0 3.78586 4185
2017 1021 000B 0000 0000 0002 -45.0 3.94540 4457
2017 1021 000B 0000 0000 0002 -44.0 4.03744 4478
2017 1021 000B 0000 0000 0002 -42.5 4.48536 4752
2017 1021 000B 0000 0000 0002 -44.0 4.46695 4778
2017 1021 000B 0000 0000 0002 -42.5 4.88419 5062
2017 1021 000B 0000 0000 0002 -41.5 4.90874 5082
2017 1021 000B 0000 0000 0002 -41.0 5.17258 5357
2017 1021 000B 0000 0000 0002 -41.0 4.92101 5384
2017 1021 000B 0000 0000 0002 -40.5 5.33825 5657
2017 1021 000B 0000 0000 0002 -40.5 5.33212 5677
2017 1021 000B 0000 0000 0002 -40.5 5.55915 5954
2017 1021 000B 0000 0000 0002 -39.0 5.50392 5977
2017 1021 000B 0000 0000 0002 -40.5 5.74322 6252
2017 1021 000B 0000 0000 0002 -41.0 5.74936 6273
2017 1021 000B 0000 0000 0002 -43.5 5.96412 6546
2017 1021 000B 0000 0000 0002 -43.0 5.97025 6568
2017 1021 000B 0000 0000 0002 -44.0 6.01934 6843
2017 1021 000B 0000 0000 0002 -44.0 6.02548 6865
2017 1021 000B 0000 0000 0002 -47.5 6.02548 7138
2017 1021 000B 0000 0000 0002 -48.0 6.10524 7179
2017 1021 000B 0000 0000 0002 -50.0 6.22183 7478
2017 1021 000B 0000 0000 0002 -51.0 0.00000 7531
2017 1021 000B 0000 0000 0002 -53.0 0.05522 7828
2017 1021 000B 0000 0000 0002 -53.5 0.03682 7868
2017 1021 000B 0000 0000 0002 -55.5 6.24637 8156
2017 1021 000B 0000 0000 0002 -55.5 6.12365 8187
