2017 1021 000B 0000 0000 0001 -57.0 1.16583 0
2017 1021 000B 0000 0000 0001 -54.0 2.09849 1724
2017 1021 000B 0000 0000 0001 -53.0 2.28256 1767
2017 1021 000B 0000 0000 0001 -53.0 3.27045 2057
2017 1021 000B 0000 0000 0001 -57.0 4.58353 2358
2017 1021 000B 0000 0000 0001 -58.0 4.75534 2376
2017 1021 000B 0000 0000 0001 -58.5 1.34684 2651
2017 1021 000B 0000 0000 0001 -57.5 4.84124 2686
2017 1021 000B 0000 0000 0001 -48.5 3.41157 2969
2017 1021 000B 0000 0000 0001 -48.0 3.53429 2990
2017 1021 000B 0000 0000 0001 -45.5 3.94540 3263
2017 1021 000B 0000 0000 0001 -45.0 3.95767 3286
2017 1021 000B 0000 0000 0001 -44.5 4.01903 3563
2017 1021 000B 0000 0000 0001 -44.5 4.04357 3587
2017 1021 000B 0000 0000 0001 -45.5 3.90858 3867
2017 1021 000B 0000 0000 0001 -45.5 3.90858 3887
2017 1021 000B 0000 0000 0001 -49.0 3.49748 4165
2017 1021 000B 0000 0000 0001 -49.5 3.43612 4185
2017 1021 000B 0000 0000 0001 -57.0 2.31324 4463
2017 1021 000B 0000 0000 0001 -57.5 2.25188 4483
2017 1021 000B 0000 0000 0001 -58.0 2.25188 5346
2017 1021 000B 0000 0000 0001 -58.0 1.79783 5372
