2017 1021 000B 0000 0000 0004 -60.5 0.06750 0
2017 1021 000B 0000 0000 0004 -60.5 0.22089 36
2017 1021 000B 0000 0000 0004 -59.5 0.28225 318
2017 1021 000B 0000 0000 0004 -60.0 0.30066 343
2017 1021 000B 0000 0000 0004 -55.5 1.20571 1193
2017 1021 000B 0000 0000 0004 -55.0 1.23946 1218
2017 1021 000B 0000 0000 0004 -49.5 4.92715 1515
2017 1021 000B 0000 0000 0004 -52.0 2.00645 1553
2017 1021 000B 0000 0000 0004 -52.0 4.56513 2709
2017 1021 000B 0000 0000 0004 -51.5 4.82284 2730
2017 1021 000B 0000 0000 0004 -51.5 5.66346 3008
2017 1021 000B 0000 0000 0004 -50.5 5.73709 3035
2017 1021 000B 0000 0000 0004 -52.5 0.92039 3311
2017 1021 000B 0000 0000 0004 -52.0 1.06151 3334
2017 1021 000B 0000 0000 0004 -52.0 3.90245 3610
2017 1021 000B 0000 0000 0004 -51.0 4.12334 3630
2017 1021 000B 0000 0000 0004 -47.0 5.76163 3902
2017 1021 000B 0000 0000 0004 -47.0 5.92117 3924
2017 1021 000B 0000 0000 0004 -44.0 0.49701 4197
2017 1021 000B 0000 0000 0004 -44.0 0.56450 4218
2017 1021 000B 0000 0000 0004 -42.0 4.25526 4491
2017 1021 000B 0000 0000 0004 -40.5 1.12901 4517
2017 1021 000B 0000 0000 0004 -39.0 1.46649 4792
2017 1021 000B 0000 0000 0004 -39.0 1.47262 4816
2017 1021 000B 0000 0000 0004 -37.5 1.61988 5093
2017 1021 000B 0000 0000 0004 -38.0 1.61375 5114
2017 1021 000B 0000 0000 0004 -38.5 1.47876 5388
2017 1021 000B 0000 0000 0004 -38.5 1.46035 5410
2017 1021 000B 0000 0000 0004 -40.5 0.96334 5681
2017 1021 000B 0000 0000 0004 -40.5 0.89584 5704
2017 1021 000B 0000 0000 0004 -43.5 0.00614 6003
2017 1021 000B 0000 0000 0004 -45.0 5.19099 6281
2017 1021 000B 0000 0000 0004 -48.5 0.66575 6570
2017 1021 000B 0000 0000 0004 -47.5 3.70610 6593
2017 1021 000B 0000 0000 0004 -50.5 2.41755 6864
2017 1021 000B 0000 0000 0004 -50.5 2.21507 6887
2017 1021 000B 0000 0000 0004 -57.0 0.63814 7167
2017 1021 000B 0000 0000 0004 -59.0 0.36202 7201
2017 1021 000B 0000 0000 0004 -56.5 2.07394 7774
2017 1021 000B 0000 0000 0004 -55.5 1.97577 7795
2017 1021 000B 0000 0000 0004 -57.0 4.35957 8076
2017 1021 000B 0000 0000 0004 -56.5 1.11060 8100
