2017 1021 000B 0000 0000 0005 -54.0 1.65977 0
2017 1021 000B 0000 0000 0005 -57.0 2.83480 306
2017 1021 000B 0000 0000 0005 -58.5 2.78571 330
2017 1021 000B 0000 0000 0005 -59.0 4.25219 608
2017 1021 000B 0000 0000 0005 -60.0 1.14128 646
2017 1021 000B 0000 0000 0005 -59.5 5.43643 1229
2017 1021 000B 0000 0000 0005 -61.0 5.60210 1247
2017 1021 000B 0000 0000 0005 -51.5 0.92346 1531
2017 1021 000B 0000 0000 0005 -49.5 0.92652 1559
2017 1021 000B 0000 0000 0005 -46.0 2.00031 1833
2017 1021 000B 0000 0000 0005 -46.0 2.06167 1850
2017 1021 000B 0000 0000 0005 -44.5 6.11138 2140
2017 1021 000B 0000 0000 0005 -43.5 3.06796 2161
2017 1021 000B 0000 0000 0005 -42.0 3.90858 2440
2017 1021 000B 0000 0000 0005 -41.0 3.97608 2462
2017 1021 000B 0000 0000 0005 -37.5 4.50990 2739
2017 1021 000B 0000 0000 0005 -37.0 4.52831 2761
2017 1021 000B 0000 0000 0005 -36.5 4.65103 3041
2017 1021 000B 0000 0000 0005 -35.5 4.55899 3065
2017 1021 000B 0000 0000 0005 -37.0 4.54672 3340
2017 1021 000B 0000 0000 0005 -36.0 4.50990 3372
2017 1021 000B 0000 0000 0005 -39.0 4.20924 3649
2017 1021 000B 0000 0000 0005 -39.5 4.21538 3670
2017 1021 000B 0000 0000 0005 -43.5 3.52816 3947
2017 1021 000B 0000 0000 0005 -43.5 3.43612 3973
2017 1021 000B 0000 0000 0005 -47.0 2.02485 4279
2017 1021 000B 0000 0000 0005 -50.5 0.35282 4555
2017 1021 000B 0000 0000 0005 -49.5 0.13499 4578
2017 1021 000B 0000 0000 0005 -52.0 4.93328 4853
2017 1021 000B 0000 0000 0005 -51.5 4.65717 4878
2017 1021 000B 0000 0000 0005 -56.5 3.36249 5155
2017 1021 000B 0000 0000 0005 -56.5 3.14159 5185
