2017 1021 000B 0000 0000 0005 -57.0 3.73678 0
2017 1021 000B 0000 0000 0005 -57.0 0.37429 705
2017 1021 000B 0000 0000 0005 -59.5 0.63200 752
2017 1021 000B 0000 0000 0005 -62.0 0.39270 1351
2017 1021 000B 0000 0000 0005 -59.5 3.70610 1384
2017 1021 000B 0000 0000 0005 -51.5 5.82299 1665
2017 1021 000B 0000 0000 0005 -51.0 5.95185 1687
2017 1021 000B 0000 0000 0005 -47.5 0.88971 1976
2017 1021 000B 0000 0000 0005 -46.0 1.05538 2016
2017 1021 000B 0000 0000 0005 -43.0 1.81623 2294
2017 1021 000B 0000 0000 0005 -42.5 1.87146 2317
2017 1021 000B 0000 0000 0005 -40.5 2.65072 2595
2017 1021 000B 0000 0000 0005 -40.5 2.65685 2616
2017 1021 000B 0000 0000 0005 -38.5 3.28885 2890
2017 1021 000B 0000 0000 0005 -38.5 3.35021 2915
2017 1021 000B 0000 0000 0005 -36.5 3.64474 3189
2017 1021 000B 0000 0000 0005 -36.5 3.66315 3211
2017 1021 000B 0000 0000 0005 -37.0 3.68462 3489
2017 1021 000B 0000 0000 0005 -36.5 3.66315 3515
2017 1021 000B 0000 0000 0005 -38.0 3.39317 3788
2017 1021 000B 0000 0000 0005 -38.5 3.37476 3809
2017 1021 000B 0000 0000 0005 -43.0 6.04695 4088
2017 1021 000B 0000 0000 0005 -41.0 6.04388 4119
2017 1021 000B 0000 0000 0005 -51.0 0.23317 4708
2017 1021 000B 0000 0000 0005 -50.5 0.06136 4733
2017 1021 000B 0000 0000 0005 -53.0 4.23379 5008
2017 1021 000B 0000 0000 0005 -55.0 0.82221 5068
2017 1021 000B 0000 0000 0005 -56.0 2.04940 5345
2017 1021 000B 0000 0000 0005 -55.5 2.09235 5365
2017 1021 000B 0000 0000 0005 -60.5 5.82299 6528
2017 1021 000B 0000 0000 0005 -61.5 5.61744 6548
2017 1021 000B 0000 0000 0005 -63.0 1.59534 6836
