2017 1021 000B 0000 0000 0002 -57.0 1.15969 0
2017 1021 000B 0000 0000 0002 -55.0 1.25173 39
2017 1021 000B 0000 0000 0002 -53.0 2.08008 347
2017 1021 000B 0000 0000 0002 -53.0 6.11138 688
2017 1021 000B 0000 0000 0002 -52.5 0.02454 723
2017 1021 000B 0000 0000 0002 -51.5 0.69336 1013
2017 1021 000B 0000 0000 0002 -50.5 0.68109 1056
2017 1021 000B 0000 0000 0002 -50.5 4.69398 1342
2017 1021 000B 0000 0000 0002 -50.5 4.73080 1380
2017 1021 000B 0000 0000 0002 -51.5 2.42983 1680
2017 1021 000B 0000 0000 0002 -51.5 2.57095 1717
2017 1021 000B 0000 0000 0002 -51.0 3.71837 2011
2017 1021 000B 0000 0000 0002 -51.0 3.84722 2043
2017 1021 000B 0000 0000 0002 -49.5 4.94555 2332
2017 1021 000B 0000 0000 0002 -49.0 1.91441 2386
2017 1021 000B 0000 0000 0002 -48.0 3.10478 2672
2017 1021 000B 0000 0000 0002 -46.5 2.90229 2700
2017 1021 000B 0000 0000 0002 -46.5 0.33748 2986
2017 1021 000B 0000 0000 0002 -44.5 3.58952 3011
2017 1021 000B 0000 0000 0002 -43.5 3.79200 3284
2017 1021 000B 0000 0000 0002 -43.5 4.22765 3305
2017 1021 000B 0000 0000 0002 -42.0 4.46695 3579
2017 1021 000B 0000 0000 0002 -42.5 4.23992 3603
2017 1021 000B 0000 0000 0002 -42.0 4.65717 3876
2017 1021 000B 0000 0000 0002 -41.0 4.63262 3898
2017 1021 000B 0000 0000 0002 -40.5 5.01305 4176
2017 1021 000B 0000 0000 0002 -40.5 4.99464 4200
2017 1021 000B 0000 0000 0002 -40.0 5.13577 4472
2017 1021 000B 0000 0000 0002 -39.0 5.15418 4493
2017 1021 000B 0000 0000 0002 -40.5 5.32598 4770
2017 1021 000B 0000 0000 0002 -41.0 5.33825 4791
2017 1021 000B 0000 0000 0002 -42.0 5.51619 5064
2017 1021 000B 0000 0000 0002 -42.5 5.55301 5088
2017 1021 000B 0000 0000 0002 -42.5 5.55915 5363
2017 1021 000B 0000 0000 0002 -43.5 5.62051 5384
2017 1021 000B 0000 0000 0002 -47.0 5.49779 5670
2017 1021 000B 0000 0000 0002 -45.5 5.58369 5714
2017 1021 000B 0000 0000 0002 -48.5 5.47324 5988
2017 1021 000B 0000 0000 0002 -50.0 5.47938 6021
2017 1021 000B 0000 0000 0002 -53.0 5.42416 6305
2017 1021 000B 0000 0000 0002 -53.0 5.51006 6348
