2017 1021 000B 0000 0000 0002 -55.5 1.00016 0
2017 1021 000B 0000 0000 0002 -55.5 1.32536 43
2017 1021 000B 0000 0000 0002 -53.0 1.93282 351
2017 1021 000B 0000 0000 0002 -53.5 2.17825 399
2017 1021 000B 0000 0000 0002 -53.0 6.15433 703
2017 1021 000B 0000 0000 0002 -53.0 0.60132 1031
2017 1021 000B 0000 0000 0002 -52.0 3.79814 1072
2017 1021 000B 0000 0000 0002 -51.5 1.48489 1370
2017 1021 000B 0000 0000 0002 -52.0 1.58307 1408
2017 1021 000B 0000 0000 0002 -51.0 5.59596 1700
2017 1021 000B 0000 0000 0002 -51.5 2.55868 1749
2017 1021 000B 0000 0000 0002 -51.0 3.60792 2035
2017 1021 000B 0000 0000 0002 -51.0 3.59565 2070
2017 1021 000B 0000 0000 0002 -48.0 1.27014 2353
2017 1021 000B 0000 0000 0002 -48.5 1.12901 2373
2017 1021 000B 0000 0000 0002 -48.5 5.65119 2654
2017 1021 000B 0000 0000 0002 -48.0 5.87821 2698
2017 1021 000B 0000 0000 0002 -47.0 0.22089 2997
2017 1021 000B 0000 0000 0002 -46.5 3.45452 3026
2017 1021 000B 0000 0000 0002 -45.0 4.02517 3300
2017 1021 000B 0000 0000 0002 -42.5 4.39946 3594
2017 1021 000B 0000 0000 0002 -43.0 4.44241 3615
2017 1021 000B 0000 0000 0002 -42.0 4.81056 3889
2017 1021 000B 0000 0000 0002 -42.0 4.72466 3909
2017 1021 000B 0000 0000 0002 -40.5 5.25849 4186
2017 1021 000B 0000 0000 0002 -40.5 4.89033 4206
2017 1021 000B 0000 0000 0002 -40.0 5.10509 4480
2017 1021 000B 0000 0000 0002 -39.5 5.20326 4503
2017 1021 000B 0000 0000 0002 -41.5 5.35052 4776
2017 1021 000B 0000 0000 0002 -41.0 5.33212 4797
2017 1021 000B 0000 0000 0002 -42.0 5.19713 5070
2017 1021 000B 0000 0000 0002 -42.0 5.43029 5094
2017 1021 000B 0000 0000 0002 -43.0 5.60210 5369
2017 1021 000B 0000 0000 0002 -44.0 5.57755 5390
2017 1021 000B 0000 0000 0002 -45.0 5.58369 5672
2017 1021 000B 0000 0000 0002 -46.5 2.41755 5701
2017 1021 000B 0000 0000 0002 -48.0 5.41802 5982
2017 1021 000B 0000 0000 0002 -49.5 2.47278 6009
2017 1021 000B 0000 0000 0002 -52.0 5.53460 6298
2017 1021 000B 0000 0000 0002 -52.0 5.60210 6335
