2017 1021 000B 0000 0000 0004 -57.5 0.07363 0
2017 1021 000B 0000 0000 0004 -59.5 0.16874 274
2017 1021 000B 0000 0000 0004 -59.5 0.20862 298
2017 1021 000B 0000 0000 0004 -60.5 4.68785 883
2017 1021 000B 0000 0000 0004 -58.5 4.69398 911
2017 1021 000B 0000 0000 0004 -54.5 4.75534 1189
2017 1021 000B 0000 0000 0004 -54.0 4.70625 1215
2017 1021 000B 0000 0000 0004 -52.5 5.30144 1492
2017 1021 000B 0000 0000 0004 -52.5 5.33212 1512
2017 1021 000B 0000 0000 0004 -53.5 6.18501 1784
2017 1021 000B 0000 0000 0004 -53.5 0.14113 1805
2017 1021 000B 0000 0000 0004 -55.0 1.23332 2083
2017 1021 000B 0000 0000 0004 -56.0 1.62602 2129
2017 1021 000B 0000 0000 0004 -55.5 3.46680 2415
2017 1021 000B 0000 0000 0004 -55.0 3.67542 2434
2017 1021 000B 0000 0000 0004 -51.5 5.06214 2709
2017 1021 000B 0000 0000 0004 -51.0 5.13577 2731
2017 1021 000B 0000 0000 0004 -51.0 6.27091 3004
2017 1021 000B 0000 0000 0004 -51.0 6.27705 3024
2017 1021 000B 0000 0000 0004 -53.5 4.74920 3304
2017 1021 000B 0000 0000 0004 -53.0 1.80396 3328
2017 1021 000B 0000 0000 0004 -53.0 4.96396 3602
2017 1021 000B 0000 0000 0004 -52.5 5.19099 3623
2017 1021 000B 0000 0000 0004 -47.5 0.94493 3907
2017 1021 000B 0000 0000 0004 -47.0 1.08606 3931
2017 1021 000B 0000 0000 0004 -43.5 1.81010 4208
2017 1021 000B 0000 0000 0004 -43.0 1.87759 4230
2017 1021 000B 0000 0000 0004 -41.0 2.36847 4506
2017 1021 000B 0000 0000 0004 -40.5 2.44210 4530
2017 1021 000B 0000 0000 0004 -38.0 2.64458 4808
2017 1021 000B 0000 0000 0004 -38.0 2.65072 4833
2017 1021 000B 0000 0000 0004 -37.0 2.63845 5109
2017 1021 000B 0000 0000 0004 -37.0 2.58936 5129
2017 1021 000B 0000 0000 0004 -38.5 2.19666 5406
2017 1021 000B 0000 0000 0004 -38.5 2.16598 5430
2017 1021 000B 0000 0000 0004 -41.5 1.50330 5706
2017 1021 000B 0000 0000 0004 -42.0 1.47876 5730
2017 1021 000B 0000 0000 0004 -44.0 0.40497 6006
2017 1021 000B 0000 0000 0004 -44.0 0.38043 6030
2017 1021 000B 0000 0000 0004 -46.0 5.45484 6303
2017 1021 000B 0000 0000 0004 -46.0 5.44256 6327
2017 1021 000B 0000 0000 0004 -47.5 4.22765 6608
2017 1021 000B 0000 0000 0004 -47.5 4.19697 6629
2017 1021 000B 0000 0000 0004 -50.5 2.68140 6904
2017 1021 000B 0000 0000 0004 -51.0 2.62004 6930
2017 1021 000B 0000 0000 0004 -56.0 0.88971 7206
2017 1021 000B 0000 0000 0004 -56.0 0.59518 7225
2017 1021 000B 0000 0000 0004 -55.5 4.79216 7504
2017 1021 000B 0000 0000 0004 -54.5 4.58353 7528
2017 1021 000B 0000 0000 0004 -56.0 3.47293 7805
2017 1021 000B 0000 0000 0004 -55.0 3.53429 7830
2017 1021 000B 0000 0000 0004 -58.0 2.43596 8104
2017 1021 000B 0000 0000 0004 -59.0 2.47278 8126
