2017 1021 000B 0000 0000 0002 -55.5 1.55546 0
2017 1021 000B 0000 0000 0002 -55.0 4.71239 26
2017 1021 000B 0000 0000 0002 -55.0 4.76761 301
2017 1021 000B 0000 0000 0002 -55.0 4.71852 325
2017 1021 000B 0000 0000 0002 -55.0 4.76761 603
2017 1021 000B 0000 0000 0002 -55.0 4.76761 628
2017 1021 000B 0000 0000 0002 -55.5 4.66944 904
2017 1021 000B 0000 0000 0002 -55.0 4.73080 928
2017 1021 000B 0000 0000 0002 -55.0 4.73080 1206
2017 1021 000B 0000 0000 0002 -55.0 4.71852 1231
2017 1021 000B 0000 0000 0002 -55.0 4.78602 1509
2017 1021 000B 0000 0000 0002 -55.0 4.76148 1533
2017 1021 000B 0000 0000 0002 -55.5 4.81670 1811
2017 1021 000B 0000 0000 0002 -55.0 4.74920 1835
2017 1021 000B 0000 0000 0002 -55.5 4.81670 2113
2017 1021 000B 0000 0000 0002 -55.5 4.77988 2138
2017 1021 000B 0000 0000 0002 -56.0 4.65717 2416
2017 1021 000B 0000 0000 0002 -55.5 4.65103 2439
2017 1021 000B 0000 0000 0002 -55.5 4.69398 2719
2017 1021 000B 0000 0000 0002 -55.5 4.68785 2742
2017 1021 000B 0000 0000 0002 -55.0 4.72466 3020
2017 1021 000B 0000 0000 0002 -55.0 4.71239 3046
2017 1021 000B 0000 0000 0002 -54.5 4.66330 3323
2017 1021 000B 0000 0000 0002 -54.5 4.72466 3347
2017 1021 000B 0000 0000 0002 -54.5 4.62649 3623
2017 1021 000B 0000 0000 0002 -54.5 4.62035 3647
2017 1021 000B 0000 0000 0002 -55.0 4.54058 3926
2017 1021 000B 0000 0000 0002 -54.5 4.61421 3952
2017 1021 000B 0000 0000 0002 -55.0 4.79216 4228
2017 1021 000B 0000 0000 0002 -55.0 4.84738 4255
2017 1021 000B 0000 0000 0002 -54.5 4.78602 4532
2017 1021 000B 0000 0000 0002 -54.0 4.71852 4558
2017 1021 000B 0000 0000 0002 -54.5 1.57693 4866
2017 1021 000B 0000 0000 0002 -54.5 4.77375 4890
2017 1021 000B 0000 0000 0002 -54.5 4.97010 5164
2017 1021 000B 0000 0000 0002 -54.5 4.96396 5185
2017 1021 000B 0000 0000 0002 -55.0 4.87192 5458
2017 1021 000B 0000 0000 0002 -55.0 4.95169 5480
2017 1021 000B 0000 0000 0002 -57.0 5.56528 5755
2017 1021 000B 0000 0000 0002 -57.0 5.70641 5782
2017 1021 000B 0000 0000 0002 -55.5 2.69060 6920
2017 1021 000B 0000 0000 0002 -57.5 5.94571 6956
2017 1021 000B 0000 0000 0002 -56.5 0.17794 7236
2017 1021 000B 0000 0000 0002 -56.5 0.42338 7258
2017 1021 000B 0000 0000 0002 -59.0 4.15095 7536
2017 1021 000B 0000 0000 0002 -54.5 5.19099 9304
2017 1021 000B 0000 0000 0002 -53.5 5.30144 9357
2017 1021 000B 0000 0000 0002 -56.0 0.15340 9671
2017 1021 000B 0000 0000 0002 -57.5 4.75534 10265
2017 1021 000B 0000 0000 0002 -54.5 0.14113 10583
2017 1021 000B 0000 0000 0002 -56.0 5.01305 10877
2017 1021 000B 0000 0000 0002 -56.0 2.36847 10956
2017 1021 000B 0000 0000 0002 -50.5 4.65103 11245
2017 1021 000B 0000 0000 0002 -50.0 4.78602 11265
2017 1021 000B 0000 0000 0002 -47.0 5.93344 11543
2017 1021 000B 0000 0000 0002 -47.0 6.00093 11565
2017 1021 000B 0000 0000 0002 -45.5 0.54610 11839
2017 1021 000B 0000 0000 0002 -45.5 0.59212 11868
2017 1021 000B 0000 0000 0002 -43.0 1.25786 12143
2017 1021 000B 0000 0000 0002 -43.0 1.24559 12164
2017 1021 000B 0000 0000 0002 -43.0 1.74874 12438
2017 1021 000B 0000 0000 0002 -43.0 1.80089 12466
2017 1021 000B 0000 0000 0002 -43.0 2.05553 12741
2017 1021 000B 0000 0000 0002 -42.0 2.06781 12763
2017 1021 000B 0000 0000 0002 -43.5 2.09849 13038
2017 1021 000B 0000 0000 0002 -43.5 2.07394 13058
2017 1021 000B 0000 0000 0002 -45.5 1.88986 13338
2017 1021 000B 0000 0000 0002 -46.0 5.05600 13375
2017 1021 000B 0000 0000 0002 -49.0 1.66284 13662
2017 1021 000B 0000 0000 0002 -49.5 1.68124 13686
2017 1021 000B 0000 0000 0002 -53.0 1.49717 13963
2017 1021 000B 0000 0000 0002 -53.0 1.54625 14026
2017 1021 000B 0000 0000 0002 -53.5 1.26400 14329
2017 1021 000B 0000 0000 0002 -54.5 1.23946 14375
2017 1021 000B 0000 0000 0002 -56.0 0.86517 14685
2017 1021 000B 0000 0000 0002 -56.0 0.82221 14714
2017 1021 000B 0000 0000 0002 -61.5 3.67235 14992
2017 1021 000B 0000 0000 0002 -60.0 0.69336 15017
2017 1021 000B 0000 0000 0002 -60.5 0.47247 15295
2017 1021 000B 0000 0000 0002 -62.0 0.44179 15332
