2017 1021 000B 0000 0000 0002 -56.0 1.90827 0
2017 1021 000B 0000 0000 0002 -55.0 2.09849 57
2017 1021 000B 0000 0000 0002 -53.0 6.03161 357
2017 1021 000B 0000 0000 0002 -54.5 6.00707 412
2017 1021 000B 0000 0000 0002 -50.5 4.44854 984
2017 1021 000B 0000 0000 0002 -51.5 4.38105 1024
2017 1021 000B 0000 0000 0002 -51.0 5.27689 1327
2017 1021 000B 0000 0000 0002 -51.0 5.33212 1377
2017 1021 000B 0000 0000 0002 -52.0 3.31953 1679
2017 1021 000B 0000 0000 0002 -51.5 0.28839 1714
2017 1021 000B 0000 0000 0002 -49.0 1.50330 1996
2017 1021 000B 0000 0000 0002 -50.0 1.64443 2034
2017 1021 000B 0000 0000 0002 -48.5 2.47278 2343
2017 1021 000B 0000 0000 0002 -48.5 2.62004 2392
2017 1021 000B 0000 0000 0002 -46.0 3.42998 2684
2017 1021 000B 0000 0000 0002 -45.0 3.37476 2708
2017 1021 000B 0000 0000 0002 -44.5 4.13561 2981
2017 1021 000B 0000 0000 0002 -43.5 4.22152 3003
2017 1021 000B 0000 0000 0002 -43.0 4.50990 3278
2017 1021 000B 0000 0000 0002 -43.5 4.47309 3300
2017 1021 000B 0000 0000 0002 -41.5 4.82897 3572
2017 1021 000B 0000 0000 0002 -42.0 4.49150 3593
2017 1021 000B 0000 0000 0002 -40.0 4.93328 3869
2017 1021 000B 0000 0000 0002 -40.5 5.10509 3893
2017 1021 000B 0000 0000 0002 -40.5 5.31985 4168
2017 1021 000B 0000 0000 0002 -40.5 5.32598 4187
2017 1021 000B 0000 0000 0002 -40.5 5.47324 4461
2017 1021 000B 0000 0000 0002 -39.5 5.51619 4483
2017 1021 000B 0000 0000 0002 -42.5 5.71868 4755
2017 1021 000B 0000 0000 0002 -40.5 5.60823 4781
2017 1021 000B 0000 0000 0002 -42.5 5.89049 5053
2017 1021 000B 0000 0000 0002 -43.5 5.83526 5073
2017 1021 000B 0000 0000 0002 -45.0 5.85981 5351
2017 1021 000B 0000 0000 0002 -44.0 5.68800 5371
2017 1021 000B 0000 0000 0002 -48.0 5.98866 5663
2017 1021 000B 0000 0000 0002 -49.0 2.84093 5711
2017 1021 000B 0000 0000 0002 -51.0 6.00707 5999
2017 1021 000B 0000 0000 0002 -51.0 6.11138 6041
2017 1021 000B 0000 0000 0002 -54.0 6.22183 6339
2017 1021 000B 0000 0000 0002 -54.0 6.02548 6376
2017 1021 000B 0000 0000 0002 -55.0 6.24637 6666
2017 1021 000B 0000 0000 0002 -56.5 0.09817 6736
2017 1021 000B 0000 0000 0002 -60.5 3.81654 8467
2017 1021 000B 0000 0000 0002 -60.0 3.36249 8557
