2017 1021 000B 0000 0000 0003 -48.5 0.47860 0
2017 1021 000B 0000 0000 0003 -48.0 0.60132 26
2017 1021 000B 0000 0000 0003 -47.0 4.25526 321
2017 1021 000B 0000 0000 0003 -46.0 1.14742 348
2017 1021 000B 0000 0000 0003 -43.5 1.09833 635
2017 1021 000B 0000 0000 0003 -45.0 1.55852 664
2017 1021 000B 0000 0000 0003 -45.0 1.44194 952
2017 1021 000B 0000 0000 0003 -45.0 1.46035 976
2017 1021 000B 0000 0000 0003 -46.5 0.76699 1285
2017 1021 000B 0000 0000 0003 -47.5 6.14819 1562
2017 1021 000B 0000 0000 0003 -47.0 6.00707 1583
2017 1021 000B 0000 0000 0003 -48.0 5.17872 1856
2017 1021 000B 0000 0000 0003 -47.5 5.11122 1878
2017 1021 000B 0000 0000 0003 -53.5 2.83480 2475
2017 1021 000B 0000 0000 0003 -54.0 2.65685 2497
2017 1021 000B 0000 0000 0003 -58.0 1.40513 2788
