2017 1021 000B 0000 0000 0005 -58.0 4.55285 0
2017 1021 000B 0000 0000 0005 -57.5 4.77988 58
2017 1021 000B 0000 0000 0005 -55.5 5.68800 344
2017 1021 000B 0000 0000 0005 -55.0 6.05002 379
2017 1021 000B 0000 0000 0005 -54.5 6.20342 668
2017 1021 000B 0000 0000 0005 -55.0 0.15953 704
2017 1021 000B 0000 0000 0005 -52.5 0.63200 1028
2017 1021 000B 0000 0000 0005 -51.5 3.82882 1070
2017 1021 000B 0000 0000 0005 -51.5 1.34377 1376
2017 1021 000B 0000 0000 0005 -52.0 1.84691 1677
2017 1021 000B 0000 0000 0005 -51.0 4.98237 1716
2017 1021 000B 0000 0000 0005 -53.0 5.63278 2018
2017 1021 000B 0000 0000 0005 -53.0 5.73095 2071
2017 1021 000B 0000 0000 0005 -54.5 0.29452 2368
2017 1021 000B 0000 0000 0005 -54.0 3.50975 2406
2017 1021 000B 0000 0000 0005 -55.0 4.67557 2695
2017 1021 000B 0000 0000 0005 -54.0 4.85965 2736
2017 1021 000B 0000 0000 0005 -54.5 5.95798 3033
2017 1021 000B 0000 0000 0005 -54.0 6.22796 3071
2017 1021 000B 0000 0000 0005 -51.5 0.85289 3368
2017 1021 000B 0000 0000 0005 -52.0 1.06765 3414
2017 1021 000B 0000 0000 0005 -51.0 5.14804 3717
2017 1021 000B 0000 0000 0005 -52.0 2.31324 3764
2017 1021 000B 0000 0000 0005 -52.0 0.57678 4054
2017 1021 000B 0000 0000 0005 -51.5 0.36816 4087
2017 1021 000B 0000 0000 0005 -49.5 4.77375 4378
2017 1021 000B 0000 0000 0005 -49.0 4.95169 4418
2017 1021 000B 0000 0000 0005 -48.0 5.81686 4728
2017 1021 000B 0000 0000 0005 -45.5 3.41157 5029
2017 1021 000B 0000 0000 0005 -45.5 3.12932 5054
2017 1021 000B 0000 0000 0005 -43.5 4.02517 5330
2017 1021 000B 0000 0000 0005 -43.5 4.06812 5351
2017 1021 000B 0000 0000 0005 -41.5 4.46695 5626
2017 1021 000B 0000 0000 0005 -41.5 4.54058 5648
2017 1021 000B 0000 0000 0005 -39.5 4.82897 5923
2017 1021 000B 0000 0000 0005 -39.5 4.85965 5946
2017 1021 000B 0000 0000 0005 -38.0 5.00078 6224
2017 1021 000B 0000 0000 0005 -38.5 5.01919 6244
2017 1021 000B 0000 0000 0005 -36.5 5.24008 6518
2017 1021 000B 0000 0000 0005 -36.0 5.34439 6538
2017 1021 000B 0000 0000 0005 -36.0 5.51006 6813
2017 1021 000B 0000 0000 0005 -37.0 5.51619 6833
2017 1021 000B 0000 0000 0005 -37.0 5.52847 7106
2017 1021 000B 0000 0000 0005 -36.0 5.51619 7131
2017 1021 000B 0000 0000 0005 -36.5 5.41188 7408
2017 1021 000B 0000 0000 0005 -38.0 5.43029 7428
2017 1021 000B 0000 0000 0005 -37.5 5.29530 7705
2017 1021 000B 0000 0000 0005 -38.0 5.29530 7726
2017 1021 000B 0000 0000 0005 -39.0 5.11122 7999
2017 1021 000B 0000 0000 0005 -39.5 5.01305 8021
2017 1021 000B 0000 0000 0005 -41.0 4.71239 8296
2017 1021 000B 0000 0000 0005 -41.0 4.79216 8315
2017 1021 000B 0000 0000 0005 -42.0 4.27060 8615
2017 1021 000B 0000 0000 0005 -44.5 3.87177 8891
2017 1021 000B 0000 0000 0005 -43.5 4.25219 8912
2017 1021 000B 0000 0000 0005 -47.5 6.16047 9195
2017 1021 000B 0000 0000 0005 -48.0 6.10524 9236
2017 1021 000B 0000 0000 0005 -49.0 5.06214 9520
2017 1021 000B 0000 0000 0005 -48.5 1.45421 9561
2017 1021 000B 0000 0000 0005 -47.0 0.53383 9853
2017 1021 000B 0000 0000 0005 -50.5 0.69336 9884
2017 1021 000B 0000 0000 0005 -49.5 5.65119 10178
2017 1021 000B 0000 0000 0005 -49.5 5.79231 10225
2017 1021 000B 0000 0000 0005 -51.0 4.47922 10529
2017 1021 000B 0000 0000 0005 -51.5 1.11060 10579
