2017 1021 000B 0000 0000 0005 -59.0 0.20249 0
2017 1021 000B 0000 0000 0005 -58.5 3.71837 33
2017 1021 000B 0000 0000 0005 -57.5 4.32583 323
2017 1021 000B 0000 0000 0005 -58.0 4.20924 356
2017 1021 000B 0000 0000 0005 -56.5 5.16645 648
2017 1021 000B 0000 0000 0005 -55.5 5.12350 680
2017 1021 000B 0000 0000 0005 -55.0 5.78618 968
2017 1021 000B 0000 0000 0005 -54.5 5.93957 1004
2017 1021 000B 0000 0000 0005 -53.5 0.15953 1295
2017 1021 000B 0000 0000 0005 -54.5 0.14113 1330
2017 1021 000B 0000 0000 0005 -53.0 0.60746 1619
2017 1021 000B 0000 0000 0005 -53.0 0.74245 1662
2017 1021 000B 0000 0000 0005 -53.0 0.95107 1950
2017 1021 000B 0000 0000 0005 -52.5 1.19651 1989
2017 1021 000B 0000 0000 0005 -53.0 1.61988 2288
2017 1021 000B 0000 0000 0005 -53.5 1.68124 2325
2017 1021 000B 0000 0000 0005 -53.5 2.17825 2615
2017 1021 000B 0000 0000 0005 -53.5 5.36280 2654
2017 1021 000B 0000 0000 0005 -53.5 0.31293 2993
2017 1021 000B 0000 0000 0005 -56.0 3.96994 3033
2017 1021 000B 0000 0000 0005 -56.0 5.06214 3323
2017 1021 000B 0000 0000 0005 -56.0 6.14206 3658
2017 1021 000B 0000 0000 0005 -55.0 0.06750 3695
2017 1021 000B 0000 0000 0005 -53.5 1.03697 3981
2017 1021 000B 0000 0000 0005 -53.0 1.16583 4017
2017 1021 000B 0000 0000 0005 -52.0 2.39301 4310
2017 1021 000B 0000 0000 0005 -51.5 5.57755 4345
2017 1021 000B 0000 0000 0005 -49.5 0.27612 4621
2017 1021 000B 0000 0000 0005 -50.5 0.47247 4651
2017 1021 000B 0000 0000 0005 -48.5 1.09833 4950
2017 1021 000B 0000 0000 0005 -48.0 1.38058 4996
2017 1021 000B 0000 0000 0005 -47.0 5.27689 5299
2017 1021 000B 0000 0000 0005 -47.0 5.41188 5333
2017 1021 000B 0000 0000 0005 -46.0 3.75518 5613
2017 1021 000B 0000 0000 0005 -46.0 0.00000 5650
2017 1021 000B 0000 0000 0005 -42.5 3.73678 5945
2017 1021 000B 0000 0000 0005 -42.5 3.73064 5967
2017 1021 000B 0000 0000 0005 -41.5 3.98221 6245
2017 1021 000B 0000 0000 0005 -40.5 4.17243 6265
2017 1021 000B 0000 0000 0005 -39.5 4.44854 6540
2017 1021 000B 0000 0000 0005 -40.0 4.31969 6560
2017 1021 000B 0000 0000 0005 -38.5 4.73693 6834
2017 1021 000B 0000 0000 0005 -38.5 4.76148 6856
2017 1021 000B 0000 0000 0005 -37.0 4.79829 7129
2017 1021 000B 0000 0000 0005 -38.0 4.84738 7152
2017 1021 000B 0000 0000 0005 -36.0 4.95169 7426
2017 1021 000B 0000 0000 0005 -36.5 4.93942 7448
2017 1021 000B 0000 0000 0005 -36.5 4.95169 7720
2017 1021 000B 0000 0000 0005 -36.5 4.90260 7740
2017 1021 000B 0000 0000 0005 -37.0 4.92101 8021
2017 1021 000B 0000 0000 0005 -37.5 4.92715 8044
2017 1021 000B 0000 0000 0005 -39.0 4.74920 8318
2017 1021 000B 0000 0000 0005 -38.0 4.70012 8338
2017 1021 000B 0000 0000 0005 -40.0 4.36264 8619
2017 1021 000B 0000 0000 0005 -40.5 4.41786 8640
2017 1021 000B 0000 0000 0005 -41.5 4.19084 8912
2017 1021 000B 0000 0000 0005 -42.0 4.06198 8933
2017 1021 000B 0000 0000 0005 -44.5 3.41771 9227
2017 1021 000B 0000 0000 0005 -44.0 2.91456 9501
2017 1021 000B 0000 0000 0005 -46.0 3.17227 9523
2017 1021 000B 0000 0000 0005 -47.5 2.41755 9812
2017 1021 000B 0000 0000 0005 -47.5 5.25235 9863
2017 1021 000B 0000 0000 0005 -49.0 1.23946 10167
2017 1021 000B 0000 0000 0005 -50.0 4.03744 10218
2017 1021 000B 0000 0000 0005 -51.5 0.02454 10507
2017 1021 000B 0000 0000 0005 -51.5 6.06229 10539
2017 1021 000B 0000 0000 0005 -51.0 1.80396 10831
2017 1021 000B 0000 0000 0005 -51.0 4.82284 10869
