2017 1021 000B 0000 0000 0004 -59.5 0.27612 0
2017 1021 000B 0000 0000 0004 -58.0 0.27612 25
2017 1021 000B 0000 0000 0004 -61.0 0.17794 312
2017 1021 000B 0000 0000 0004 -60.5 0.01227 365
2017 1021 000B 0000 0000 0004 -56.5 4.59581 966
2017 1021 000B 0000 0000 0004 -51.5 1.92361 2781
2017 1021 000B 0000 0000 0004 -50.5 5.22167 2808
2017 1021 000B 0000 0000 0004 -53.0 0.55223 3142
2017 1021 000B 0000 0000 0004 -53.5 3.06183 3434
2017 1021 000B 0000 0000 0004 -53.0 3.38703 3453
2017 1021 000B 0000 0000 0004 -48.5 5.55915 3728
2017 1021 000B 0000 0000 0004 -48.5 5.76163 3747
2017 1021 000B 0000 0000 0004 -44.5 0.41724 4019
2017 1021 000B 0000 0000 0004 -45.0 0.49087 4049
2017 1021 000B 0000 0000 0004 -42.5 4.26447 4326
2017 1021 000B 0000 0000 0004 -41.0 1.19037 4354
2017 1021 000B 0000 0000 0004 -39.5 1.03697 4629
2017 1021 000B 0000 0000 0004 -39.0 1.57080 4662
2017 1021 000B 0000 0000 0004 -38.0 1.68124 4935
2017 1021 000B 0000 0000 0004 -37.5 1.65056 4957
2017 1021 000B 0000 0000 0004 -38.5 1.54012 5229
2017 1021 000B 0000 0000 0004 -38.5 1.51557 5250
2017 1021 000B 0000 0000 0004 -40.0 1.08606 5523
2017 1021 000B 0000 0000 0004 -40.0 1.04924 5548
2017 1021 000B 0000 0000 0004 -43.0 0.29452 5821
2017 1021 000B 0000 0000 0004 -43.0 0.21476 5843
2017 1021 000B 0000 0000 0004 -45.5 5.43029 6116
2017 1021 000B 0000 0000 0004 -45.0 5.26462 6141
2017 1021 000B 0000 0000 0004 -47.5 4.00062 6419
2017 1021 000B 0000 0000 0004 -47.5 3.85950 6453
2017 1021 000B 0000 0000 0004 -50.5 2.42983 6734
2017 1021 000B 0000 0000 0004 -50.5 2.25802 6754
2017 1021 000B 0000 0000 0004 -56.5 5.40268 7613
2017 1021 000B 0000 0000 0004 -56.0 2.11689 7665
2017 1021 000B 0000 0000 0004 -51.5 1.26400 7955
2017 1021 000B 0000 0000 0004 -57.5 4.41480 7985
