2017 1021 000B 0000 0000 0005 -57.5 4.23379 0
2017 1021 000B 0000 0000 0005 -56.5 4.19084 33
2017 1021 000B 0000 0000 0005 -57.0 5.17872 330
2017 1021 000B 0000 0000 0005 -56.5 5.30144 375
2017 1021 000B 0000 0000 0005 -56.5 6.19728 659
2017 1021 000B 0000 0000 0005 -55.0 0.15340 1000
2017 1021 000B 0000 0000 0005 -55.0 0.28225 1038
2017 1021 000B 0000 0000 0005 -54.0 1.01243 1351
2017 1021 000B 0000 0000 0005 -54.0 1.09833 1396
2017 1021 000B 0000 0000 0005 -53.5 4.74307 1689
2017 1021 000B 0000 0000 0005 -54.0 4.91487 1741
2017 1021 000B 0000 0000 0005 -56.0 5.41188 2040
2017 1021 000B 0000 0000 0005 -55.5 2.69981 2080
2017 1021 000B 0000 0000 0005 -56.0 0.40497 2365
2017 1021 000B 0000 0000 0005 -57.5 0.42951 2402
2017 1021 000B 0000 0000 0005 -56.5 5.03759 2689
2017 1021 000B 0000 0000 0005 -55.5 5.35666 2725
2017 1021 000B 0000 0000 0005 -53.0 0.49701 3018
2017 1021 000B 0000 0000 0005 -54.5 0.18408 3066
2017 1021 000B 0000 0000 0005 -52.0 1.24559 3360
2017 1021 000B 0000 0000 0005 -53.0 1.32536 3400
2017 1021 000B 0000 0000 0005 -52.0 5.44256 3694
2017 1021 000B 0000 0000 0005 -51.5 5.84140 3745
2017 1021 000B 0000 0000 0005 -51.5 3.70610 4048
2017 1021 000B 0000 0000 0005 -51.5 0.77313 4089
2017 1021 000B 0000 0000 0005 -49.5 5.09282 4384
2017 1021 000B 0000 0000 0005 -49.5 5.22167 4423
2017 1021 000B 0000 0000 0005 -47.0 3.03728 4704
2017 1021 000B 0000 0000 0005 -47.5 6.22183 4742
2017 1021 000B 0000 0000 0005 -44.5 3.84109 5026
2017 1021 000B 0000 0000 0005 -45.0 3.52202 5049
2017 1021 000B 0000 0000 0005 -43.0 4.60808 5324
2017 1021 000B 0000 0000 0005 -43.5 4.26447 5347
2017 1021 000B 0000 0000 0005 -41.5 4.94555 5624
2017 1021 000B 0000 0000 0005 -40.0 5.08054 5651
2017 1021 000B 0000 0000 0005 -39.0 5.43643 5927
2017 1021 000B 0000 0000 0005 -39.0 5.46097 5951
2017 1021 000B 0000 0000 0005 -37.5 5.72482 6226
2017 1021 000B 0000 0000 0005 -37.0 5.72482 6246
2017 1021 000B 0000 0000 0005 -36.0 5.90276 6518
2017 1021 000B 0000 0000 0005 -36.0 5.91503 6540
2017 1021 000B 0000 0000 0005 -35.0 6.08684 6824
2017 1021 000B 0000 0000 0005 -34.5 6.09911 6846
2017 1021 000B 0000 0000 0005 -35.5 6.09911 7121
2017 1021 000B 0000 0000 0005 -35.0 6.04388 7141
2017 1021 000B 0000 0000 0005 -35.0 6.01320 7415
2017 1021 000B 0000 0000 0005 -36.0 5.96412 7436
2017 1021 000B 0000 0000 0005 -37.0 5.84753 7710
2017 1021 000B 0000 0000 0005 -38.5 5.93344 7733
2017 1021 000B 0000 0000 0005 -39.0 5.61437 8008
2017 1021 000B 0000 0000 0005 -39.0 5.68186 8028
2017 1021 000B 0000 0000 0005 -41.0 5.35666 8302
2017 1021 000B 0000 0000 0005 -40.0 5.42416 8324
2017 1021 000B 0000 0000 0005 -44.0 4.73080 8597
2017 1021 000B 0000 0000 0005 -43.5 4.98237 8618
2017 1021 000B 0000 0000 0005 -44.5 4.30128 8895
2017 1021 000B 0000 0000 0005 -45.0 4.01289 8916
2017 1021 000B 0000 0000 0005 -47.0 3.46680 9198
2017 1021 000B 0000 0000 0005 -49.0 0.44792 9234
2017 1021 000B 0000 0000 0005 -50.5 5.36280 9526
2017 1021 000B 0000 0000 0005 -50.5 5.13577 9562
2017 1021 000B 0000 0000 0005 -51.5 4.00676 9847
2017 1021 000B 0000 0000 0005 -49.5 0.72404 9877
2017 1021 000B 0000 0000 0005 -52.5 6.06843 10157
2017 1021 000B 0000 0000 0005 -52.5 2.71208 10196
