2017 1021 000B 0000 0000 0005 -59.0 4.04357 0
2017 1021 000B 0000 0000 0004 -57.5 6.25864 312
2017 1021 000B 0000 0000 0005 -58.5 4.28287 334
2017 1021 000B 0000 0000 0005 -56.5 4.92715 650
2017 1021 000B 0000 0000 0004 -57.5 0.40497 668
2017 1021 000B 0000 0000 0005 -56.5 4.94555 702
2017 1021 000B 0000 0000 0004 -56.0 0.53996 721
2017 1021 000B 0000 0000 0004 -56.0 0.65654 1008
2017 1021 000B 0000 0000 0005 -55.5 5.30144 1027
2017 1021 000B 0000 0000 0005 -55.0 5.51619 1060
2017 1021 000B 0000 0000 0004 -57.0 4.13561 1081
2017 1021 000B 0000 0000 0005 -54.5 5.76163 1364
2017 1021 000B 0000 0000 0004 -55.5 4.30742 1384
2017 1021 000B 0000 0000 0005 -55.0 6.09911 1418
2017 1021 000B 0000 0000 0004 -54.5 4.40559 1439
2017 1021 000B 0000 0000 0005 -54.5 6.20955 1729
2017 1021 000B 0000 0000 0004 -55.5 4.74920 1750
2017 1021 000B 0000 0000 0005 -53.5 0.06136 1783
2017 1021 000B 0000 0000 0004 -56.5 5.07441 1802
2017 1021 000B 0000 0000 0005 -53.0 0.55837 2094
2017 1021 000B 0000 0000 0005 -52.0 3.31953 2134
2017 1021 000B 0000 0000 0004 -56.0 6.04388 2414
2017 1021 000B 0000 0000 0005 -53.0 1.07379 2432
2017 1021 000B 0000 0000 0001 -59.5 5.84140 2452
2017 1021 000B 0000 0000 0005 -52.5 0.99402 2484
2017 1021 000B 0000 0000 0004 -54.0 6.22183 2517
2017 1021 000B 0000 0000 0005 -51.0 1.62602 2813
2017 1021 000B 0000 0000 0004 -54.0 0.79767 2892
2017 1021 000B 0000 0000 0005 -52.5 4.87806 2930
2017 1021 000B 0000 0000 0005 -53.0 2.23961 3217
2017 1021 000B 0000 0000 0004 -55.0 4.39946 3243
2017 1021 000B 0000 0000 0001 -57.0 0.96334 3261
2017 1021 000B 0000 0000 0004 -56.5 4.77375 3289
2017 1021 000B 0000 0000 0005 -53.0 5.54687 3309
2017 1021 000B 0000 0000 0005 -53.0 6.12365 3611
2017 1021 000B 0000 0000 0005 -53.0 6.17274 3700
2017 1021 000B 0000 0000 0004 -53.0 0.40497 3994
2017 1021 000B 0000 0000 0005 -53.5 0.73017 4023
2017 1021 000B 0000 0000 0004 -52.5 3.72451 4073
2017 1021 000B 0000 0000 0005 -53.5 0.83449 4102
2017 1021 000B 0000 0000 0005 -54.5 4.65103 4400
2017 1021 000B 0000 0000 0004 -52.5 4.63876 4419
2017 1021 000B 0000 0000 0001 -57.5 0.50928 4437
2017 1021 000B 0000 0000 0004 -53.0 4.85965 4468
2017 1021 000B 0000 0000 0005 -52.5 4.86579 4500
2017 1021 000B 0000 0000 0005 -54.0 5.52847 4795
2017 1021 000B 0000 0000 0004 -50.5 2.41142 4815
2017 1021 000B 0000 0000 0001 -57.0 1.58920 4834
2017 1021 000B 0000 0000 0004 -50.0 5.62051 4862
2017 1021 000B 0000 0000 0005 -54.0 5.78004 4883
2017 1021 000B 0000 0000 0005 -54.0 0.25771 5168
2017 1021 000B 0000 0000 0004 -49.5 6.21569 5187
2017 1021 000B 0000 0000 0001 -57.0 2.63845 5207
2017 1021 000B 0000 0000 0004 -49.0 0.07363 5240
2017 1021 000B 0000 0000 0005 -53.5 0.47247 5269
2017 1021 000B 0000 0000 0004 -46.0 0.63200 5558
2017 1021 000B 0000 0000 0005 -53.0 1.13515 5570
2017 1021 000B 0000 0000 0001 -55.5 0.41111 5589
2017 1021 000B 0000 0000 0004 -46.5 0.47860 5615
2017 1021 000B 0000 0000 0001 -55.0 0.50315 5627
2017 1021 000B 0000 0000 0005 -52.5 1.28241 5647
2017 1021 000B 0000 0000 0004 -45.5 1.06765 5926
2017 1021 000B 0000 0000 0001 -52.5 4.09266 5944
2017 1021 000B 0000 0000 0005 -51.0 5.35666 5974
2017 1021 000B 0000 0000 0004 -44.5 1.30082 6009
2017 1021 000B 0000 0000 0001 -52.0 4.35037 6025
2017 1021 000B 0000 0000 0005 -51.0 5.59596 6059
2017 1021 000B 0000 0000 0004 -43.0 1.54625 6344
2017 1021 000B 0000 0000 0001 -51.0 4.67557 6357
2017 1021 000B 0000 0000 0005 -52.0 0.26998 6377
2017 1021 000B 0000 0000 0004 -42.5 1.66897 6405
2017 1021 000B 0000 0000 0001 -50.0 4.97623 6426
2017 1021 000B 0000 0000 0005 -51.0 0.55837 6456
2017 1021 000B 0000 0000 0004 -43.0 2.12303 6746
2017 1021 000B 0000 0000 0001 -48.0 5.12963 6761
2017 1021 000B 0000 0000 0005 -50.0 4.57740 6794
2017 1021 000B 0000 0000 0004 -42.0 2.17212 6830
2017 1021 000B 0000 0000 0001 -48.0 5.36280 6850
2017 1021 000B 0000 0000 0005 -49.0 4.90874 6880
2017 1021 000B 0000 0000 0004 -41.5 2.44823 7165
2017 1021 000B 0000 0000 0005 -48.5 5.51006 7177
2017 1021 000B 0000 0000 0001 -47.5 5.53460 7196
2017 1021 000B 0000 0000 0004 -42.5 5.57755 7236
2017 1021 000B 0000 0000 0005 -48.0 5.74936 7256
2017 1021 000B 0000 0000 0001 -47.5 5.54074 7275
2017 1021 000B 0000 0000 0004 -40.0 2.83480 7551
2017 1021 000B 0000 0000 0005 -45.0 3.43612 7557
2017 1021 000B 0000 0000 0001 -46.5 5.76163 7572
2017 1021 000B 0000 0000 0004 -39.5 2.71208 7612
2017 1021 000B 0000 0000 0005 -45.5 3.23363 7617
2017 1021 000B 0000 0000 0001 -47.0 5.71254 7628
2017 1021 000B 0000 0000 0004 -39.0 2.90843 7910
2017 1021 000B 0000 0000 0001 -46.5 5.81072 7921
2017 1021 000B 0000 0000 0005 -45.0 0.60132 7940
2017 1021 000B 0000 0000 0005 -43.0 3.87177 7967
2017 1021 000B 0000 0000 0004 -40.0 3.00047 7972
2017 1021 000B 0000 0000 0001 -46.5 5.82299 7986
2017 1021 000B 0000 0000 0005 -43.0 4.04357 8264
2017 1021 000B 0000 0000 0004 -38.5 3.11091 8268
2017 1021 000B 0000 0000 0001 -44.5 5.75550 8274
2017 1021 000B 0000 0000 0004 -38.5 3.20295 8298
2017 1021 000B 0000 0000 0005 -42.0 4.46695 8303
2017 1021 000B 0000 0000 0001 -46.0 5.89662 8308
2017 1021 000B 0000 0000 0004 -37.5 3.45452 8582
2017 1021 000B 0000 0000 0001 -46.0 5.95185 8602
2017 1021 000B 0000 0000 0005 -42.0 1.43581 8632
2017 1021 000B 0000 0000 0004 -37.5 3.39930 8677
2017 1021 000B 0000 0000 0005 -41.5 4.75534 8681
2017 1021 000B 0000 0000 0001 -46.5 5.95798 8699
2017 1021 000B 0000 0000 0004 -36.0 3.62019 8988
2017 1021 000B 0000 0000 0005 -39.0 4.95783 8994
2017 1021 000B 0000 0000 0001 -45.5 5.81686 8999
2017 1021 000B 0000 0000 0002 -55.5 3.98221 9010
2017 1021 000B 0000 0000 0004 -36.0 3.51588 9037
2017 1021 000B 0000 0000 0005 -38.5 5.02532 9042
2017 1021 000B 0000 0000 0002 -55.5 1.24559 9054
2017 1021 000B 0000 0000 0001 -48.0 5.84753 9072
2017 1021 000B 0000 0000 0004 -36.5 3.84722 9352
2017 1021 000B 0000 0000 0005 -38.0 5.28303 9357
2017 1021 000B 0000 0000 0001 -48.0 5.63891 9372
2017 1021 000B 0000 0000 0002 -54.0 1.60761 9402
2017 1021 000B 0000 0000 0004 -36.5 3.76132 9440
2017 1021 000B 0000 0000 0005 -37.0 5.43643 9445
2017 1021 000B 0000 0000 0001 -49.0 5.69414 9458
2017 1021 000B 0000 0000 0002 -55.0 5.09282 9477
2017 1021 000B 0000 0000 0005 -37.0 5.64505 9753
2017 1021 000B 0000 0000 0004 -36.0 3.61406 9757
2017 1021 000B 0000 0000 0001 -51.0 5.37507 9771
2017 1021 000B 0000 0000 0005 -36.0 5.64505 9817
2017 1021 000B 0000 0000 0004 -36.5 3.48520 9822
2017 1021 000B 0000 0000 0002 -54.0 5.58369 9836
2017 1021 000B 0000 0000 0001 -51.0 5.23394 9854
2017 1021 000B 0000 0000 0004 -36.5 3.62633 9877
2017 1021 000B 0000 0000 0005 -36.0 5.73709 9882
2017 1021 000B 0000 0000 0001 -52.5 5.32598 9900
2017 1021 000B 0000 0000 0002 -53.5 5.83526 9920
2017 1021 000B 0000 0000 0004 -36.5 3.30113 10197
2017 1021 000B 0000 0000 0005 -35.5 5.95185 10202
2017 1021 000B 0000 0000 0003 -55.0 5.40575 10225
2017 1021 000B 0000 0000 0002 -53.5 0.15340 10244
2017 1021 000B 0000 0000 0001 -56.0 1.69351 10262
2017 1021 000B 0000 0000 0004 -37.0 3.58952 10285
2017 1021 000B 0000 0000 0005 -34.5 5.92730 10290
2017 1021 000B 0000 0000 0002 -54.0 0.28225 10299
2017 1021 000B 0000 0000 0003 -53.0 5.46711 10319
2017 1021 000B 0000 0000 0004 -38.0 3.28885 10599
2017 1021 000B 0000 0000 0005 -34.5 6.08070 10604
2017 1021 000B 0000 0000 0003 -52.5 5.94571 10615
2017 1021 000B 0000 0000 0002 -52.5 0.90812 10634
2017 1021 000B 0000 0000 0005 -34.5 6.20342 10661
2017 1021 000B 0000 0000 0004 -38.5 3.20295 10667
2017 1021 000B 0000 0000 0003 -50.5 6.07456 10691
2017 1021 000B 0000 0000 0004 -39.5 2.93297 10975
2017 1021 000B 0000 0000 0005 -34.0 6.05616 10980
2017 1021 000B 0000 0000 0002 -51.0 4.79829 10994
2017 1021 000B 0000 0000 0003 -50.5 0.22703 11024
2017 1021 000B 0000 0000 0004 -39.0 2.81639 11097
2017 1021 000B 0000 0000 0005 -34.0 6.06843 11101
2017 1021 000B 0000 0000 0003 -49.0 0.38656 11119
2017 1021 000B 0000 0000 0002 -52.0 5.08668 11149
2017 1021 000B 0000 0000 0005 -34.0 6.02548 11436
2017 1021 000B 0000 0000 0004 -39.5 2.39301 11441
2017 1021 000B 0000 0000 0001 -57.5 0.35588 11453
2017 1021 000B 0000 0000 0003 -49.5 0.95720 11471
2017 1021 000B 0000 0000 0002 -52.0 2.72435 11491
2017 1021 000B 0000 0000 0005 -34.5 5.98866 11515
2017 1021 000B 0000 0000 0004 -40.0 2.23961 11520
2017 1021 000B 0000 0000 0003 -49.0 1.00629 11531
2017 1021 000B 0000 0000 0004 -40.0 1.77328 11838
2017 1021 000B 0000 0000 0003 -46.5 1.25173 11842
2017 1021 000B 0000 0000 0005 -35.0 5.79845 11847
2017 1021 000B 0000 0000 0002 -51.5 0.58905 11857
2017 1021 000B 0000 0000 0001 -57.0 6.03775 11878
2017 1021 000B 0000 0000 0005 -36.0 5.95185 11903
2017 1021 000B 0000 0000 0004 -40.5 1.75487 11909
2017 1021 000B 0000 0000 0003 -48.0 1.39899 11919
2017 1021 000B 0000 0000 0002 -51.5 3.81654 11940
2017 1021 000B 0000 0000 0005 -37.0 5.57755 12235
2017 1021 000B 0000 0000 0004 -42.0 1.33763 12240
2017 1021 000B 0000 0000 0003 -47.0 1.75487 12257
2017 1021 000B 0000 0000 0002 -50.0 1.56466 12288
2017 1021 000B 0000 0000 0003 -45.5 1.70579 12323
2017 1021 000B 0000 0000 0005 -37.5 5.55301 12328
2017 1021 000B 0000 0000 0004 -41.5 1.21491 12333
2017 1021 000B 0000 0000 0002 -49.0 1.66284 12350
2017 1021 000B 0000 0000 0003 -45.5 2.19052 12640
2017 1021 000B 0000 0000 0005 -38.5 5.36280 12645
2017 1021 000B 0000 0000 0004 -42.0 0.75472 12650
2017 1021 000B 0000 0000 0001 -55.5 4.92715 12660
2017 1021 000B 0000 0000 0002 -48.5 5.44256 12680
2017 1021 000B 0000 0000 0003 -45.0 2.30097 12707
2017 1021 000B 0000 0000 0005 -39.5 5.30757 12711
2017 1021 000B 0000 0000 0004 -42.5 0.90812 12717
2017 1021 000B 0000 0000 0001 -55.5 4.51604 12726
2017 1021 000B 0000 0000 0002 -48.5 5.57755 12745
2017 1021 000B 0000 0000 0005 -40.5 5.08668 13026
2017 1021 000B 0000 0000 0003 -43.0 2.73049 13031
2017 1021 000B 0000 0000 0001 -59.0 4.18470 13042
2017 1021 000B 0000 0000 0002 -47.5 6.16047 13060
2017 1021 000B 0000 0000 0004 -45.5 0.30680 13078
2017 1021 000B 0000 0000 0005 -40.5 4.98237 13100
2017 1021 000B 0000 0000 0003 -44.0 2.67526 13105
2017 1021 000B 0000 0000 0002 -47.5 6.26478 13116
2017 1021 000B 0000 0000 0001 -56.0 3.71223 13137
2017 1021 000B 0000 0000 0005 -42.5 4.57126 13414
2017 1021 000B 0000 0000 0002 -45.0 3.62633 13418
2017 1021 000B 0000 0000 0001 -57.5 0.28225 13429
2017 1021 000B 0000 0000 0003 -44.5 6.14819 13448
2017 1021 000B 0000 0000 0004 -46.0 5.90889 13467
2017 1021 000B 0000 0000 0005 -43.0 4.73693 13489
2017 1021 000B 0000 0000 0003 -42.5 3.03115 13494
2017 1021 000B 0000 0000 0003 -42.0 3.29499 13813
2017 1021 000B 0000 0000 0002 -44.0 4.09880 13818
2017 1021 000B 0000 0000 0005 -45.5 0.96334 13828
2017 1021 000B 0000 0000 0004 -46.5 5.33825 13849
2017 1021 000B 0000 0000 0001 -58.0 5.94571 13869
2017 1021 000B 0000 0000 0002 -43.5 3.96994 13890
2017 1021 000B 0000 0000 0003 -41.5 3.20909 13895
2017 1021 000B 0000 0000 0004 -47.0 5.12350 13911
2017 1021 000B 0000 0000 0005 -46.0 0.85289 13941
2017 1021 000B 0000 0000 0002 -42.5 4.14788 14231
2017 1021 000B 0000 0000 0003 -41.0 3.38703 14235
2017 1021 000B 0000 0000 0004 -45.5 4.56513 14240
2017 1021 000B 0000 0000 0005 -48.0 0.14726 14256
2017 1021 000B 0000 0000 0002 -42.0 4.54058 14299
2017 1021 000B 0000 0000 0004 -48.5 4.53445 14312
2017 1021 000B 0000 0000 0003 -42.0 3.42998 14331
2017 1021 000B 0000 0000 0005 -48.5 6.16047 14352
2017 1021 000B 0000 0000 0003 -41.0 3.81041 14626
2017 1021 000B 0000 0000 0002 -41.0 4.80443 14630
2017 1021 000B 0000 0000 0004 -50.0 0.80381 14641
2017 1021 000B 0000 0000 0005 -49.0 5.45484 14660
2017 1021 000B 0000 0000 0002 -41.5 4.85352 14688
2017 1021 000B 0000 0000 0003 -41.0 3.65701 14693
2017 1021 000B 0000 0000 0005 -49.0 5.39961 14706
2017 1021 000B 0000 0000 0004 -50.5 0.63814 14728
2017 1021 000B 0000 0000 0003 -41.0 3.35021 15006
2017 1021 000B 0000 0000 0002 -40.0 5.02532 15011
2017 1021 000B 0000 0000 0004 -51.5 6.17887 15024
2017 1021 000B 0000 0000 0005 -50.0 4.46082 15043
2017 1021 000B 0000 0000 0002 -40.0 4.97010 15068
2017 1021 000B 0000 0000 0004 -50.5 2.81025 15073
2017 1021 000B 0000 0000 0005 -49.5 1.28241 15078
2017 1021 000B 0000 0000 0003 -40.5 3.45452 15083
2017 1021 000B 0000 0000 0002 -40.5 5.04373 15355
2017 1021 000B 0000 0000 0003 -42.0 3.53429 15359
2017 1021 000B 0000 0000 0005 -50.0 0.63814 15376
2017 1021 000B 0000 0000 0004 -52.5 2.21507 15412
2017 1021 000B 0000 0000 0003 -42.0 3.44225 15444
2017 1021 000B 0000 0000 0002 -39.5 5.14804 15448
2017 1021 000B 0000 0000 0005 -50.5 0.49701 15455
2017 1021 000B 0000 0000 0004 -52.5 2.00031 15468
2017 1021 000B 0000 0000 0003 -42.0 3.08637 15749
2017 1021 000B 0000 0000 0002 -40.5 5.37507 15754
2017 1021 000B 0000 0000 0004 -52.5 1.39285 15770
2017 1021 000B 0000 0000 0005 -51.0 2.77957 15788
2017 1021 000B 0000 0000 0003 -43.0 3.23977 15814
2017 1021 000B 0000 0000 0002 -40.0 5.35666 15819
2017 1021 000B 0000 0000 0004 -52.0 1.33763 15834
2017 1021 000B 0000 0000 0005 -51.0 5.79231 15854
2017 1021 000B 0000 0000 0002 -40.5 5.53460 16134
2017 1021 000B 0000 0000 0003 -43.5 3.17227 16139
2017 1021 000B 0000 0000 0004 -53.0 0.49087 16156
2017 1021 000B 0000 0000 0005 -51.0 2.11076 16175
2017 1021 000B 0000 0000 0003 -44.0 2.90229 16201
2017 1021 000B 0000 0000 0002 -40.0 5.57142 16206
2017 1021 000B 0000 0000 0005 -50.5 5.19099 16210
2017 1021 000B 0000 0000 0004 -52.0 0.38656 16232
2017 1021 000B 0000 0000 0003 -45.0 2.58322 16516
2017 1021 000B 0000 0000 0002 -41.5 5.70641 16521
2017 1021 000B 0000 0000 0005 -52.0 1.57693 16531
2017 1021 000B 0000 0000 0004 -52.0 5.97025 16552
2017 1021 000B 0000 0000 0002 -41.5 5.65119 16579
2017 1021 000B 0000 0000 0003 -45.0 2.62004 16586
2017 1021 000B 0000 0000 0004 -52.5 5.85981 16602
2017 1021 000B 0000 0000 0005 -52.0 1.57080 16621
2017 1021 000B 0000 0000 0002 -43.0 5.81072 16900
2017 1021 000B 0000 0000 0003 -45.0 2.28256 16910
2017 1021 000B 0000 0000 0004 -50.5 4.97623 16917
2017 1021 000B 0000 0000 0005 -53.0 0.93880 16937
2017 1021 000B 0000 0000 0002 -43.0 5.79231 16962
2017 1021 000B 0000 0000 0004 -51.5 5.28303 16973
2017 1021 000B 0000 0000 0003 -47.0 2.15371 16992
2017 1021 000B 0000 0000 0005 -53.5 0.69950 17014
2017 1021 000B 0000 0000 0004 -50.0 5.02532 17287
2017 1021 000B 0000 0000 0003 -46.5 1.90214 17292
2017 1021 000B 0000 0000 0002 -45.0 5.81072 17296
2017 1021 000B 0000 0000 0005 -55.0 0.03068 17328
2017 1021 000B 0000 0000 0001 -58.0 5.58369 17347
2017 1021 000B 0000 0000 0003 -46.5 1.37445 17373
2017 1021 000B 0000 0000 0002 -46.5 5.79845 17410
2017 1021 000B 0000 0000 0004 -51.5 4.70625 17439
2017 1021 000B 0000 0000 0003 -45.0 1.08606 17721
2017 1021 000B 0000 0000 0002 -49.0 5.84753 17739
2017 1021 000B 0000 0000 0004 -52.5 4.25833 17758
2017 1021 000B 0000 0000 0005 -57.0 5.24008 17776
2017 1021 000B 0000 0000 0003 -46.0 1.13515 17797
2017 1021 000B 0000 0000 0002 -48.5 5.65119 17803
2017 1021 000B 0000 0000 0004 -52.5 1.06765 17818
2017 1021 000B 0000 0000 0004 -51.0 4.68785 18096
2017 1021 000B 0000 0000 0002 -51.0 5.97025 18109
2017 1021 000B 0000 0000 0002 -52.0 5.83526 18168
2017 1021 000B 0000 0000 0004 -53.0 0.64427 18187
2017 1021 000B 0000 0000 0003 -51.0 0.42951 18206
2017 1021 000B 0000 0000 0003 -52.5 6.25864 18487
2017 1021 000B 0000 0000 0002 -54.0 5.65119 18506
2017 1021 000B 0000 0000 0004 -54.5 0.08590 18525
2017 1021 000B 0000 0000 0003 -53.0 6.14206 18554
2017 1021 000B 0000 0000 0002 -55.0 2.59550 18575
2017 1021 000B 0000 0000 0004 -55.0 5.91503 18860
2017 1021 000B 0000 0000 0003 -55.0 5.71254 18879
2017 1021 000B 0000 0000 0002 -56.5 5.68800 18899
2017 1021 000B 0000 0000 0003 -54.0 5.52847 18947
2017 1021 000B 0000 0000 0003 -57.5 4.92715 19284
2017 1021 000B 0000 0000 0004 -57.0 5.11122 19303
2017 1021 000B 0000 0000 0005 -59.0 1.18423 19333
2017 1021 000B 0000 0000 0003 -58.0 4.67557 19361
2017 1021 000B 0000 0000 0004 -56.5 4.74920 19380
2017 1021 000B 0000 0000 0003 -60.0 0.00614 21423
2017 1021 000B 0000 0000 0003 -59.5 6.06229 21457
2017 1021 000B 0000 0000 0002 -60.5 0.58905 22092
