2017 1021 000B 0000 0000 0002 -59.5 6.26478 0
2017 1021 000B 0000 0000 0002 -60.0 0.34975 31
2017 1021 000B 0000 0000 0002 -57.0 3.42385 356
2017 1021 000B 0000 0000 0002 -57.5 0.69336 674
2017 1021 000B 0000 0000 0001 -56.5 0.37429 1344
2017 1021 000B 0000 0000 0002 -55.5 1.84078 1372
2017 1021 000B 0000 0000 0001 -57.5 0.53383 1405
2017 1021 000B 0000 0000 0002 -55.0 2.03099 1425
2017 1021 000B 0000 0000 0002 -55.0 5.61437 1713
2017 1021 000B 0000 0000 0001 -53.5 1.13515 1743
2017 1021 000B 0000 0000 0002 -56.0 5.73709 1793
2017 1021 000B 0000 0000 0001 -55.5 1.16583 1812
2017 1021 000B 0000 0000 0001 -53.5 1.46649 2096
2017 1021 000B 0000 0000 0002 -56.0 0.04909 2117
2017 1021 000B 0000 0000 0002 -55.0 6.21569 2147
2017 1021 000B 0000 0000 0001 -53.5 1.56466 2168
2017 1021 000B 0000 0000 0002 -55.5 3.50361 2455
2017 1021 000B 0000 0000 0001 -52.5 1.85305 2473
2017 1021 000B 0000 0000 0001 -52.5 1.96963 2503
2017 1021 000B 0000 0000 0002 -55.5 3.81041 2522
2017 1021 000B 0000 0000 0001 -52.0 2.39915 2807
2017 1021 000B 0000 0000 0002 -55.0 4.27674 2830
2017 1021 000B 0000 0000 0002 -52.0 1.42353 2865
2017 1021 000B 0000 0000 0001 -51.0 5.66346 2897
2017 1021 000B 0000 0000 0001 -50.5 6.00093 3196
2017 1021 000B 0000 0000 0002 -52.5 5.06214 3226
2017 1021 000B 0000 0000 0001 -50.0 2.81639 3263
2017 1021 000B 0000 0000 0002 -54.5 5.15418 3278
2017 1021 000B 0000 0000 0001 -48.5 3.38089 3558
2017 1021 000B 0000 0000 0002 -54.0 5.79845 3572
2017 1021 000B 0000 0000 0002 -54.0 5.74936 3619
2017 1021 000B 0000 0000 0001 -51.0 0.38043 3637
2017 1021 000B 0000 0000 0001 -49.5 3.96994 3921
2017 1021 000B 0000 0000 0002 -52.5 0.14726 3940
2017 1021 000B 0000 0000 0002 -49.0 4.16016 4258
2017 1021 000B 0000 0000 0001 -47.5 4.36878 4264
2017 1021 000B 0000 0000 0002 -52.0 0.83449 4305
2017 1021 000B 0000 0000 0001 -49.5 4.46695 4334
2017 1021 000B 0000 0000 0001 -50.5 4.98237 4625
2017 1021 000B 0000 0000 0002 -52.0 1.31922 4645
2017 1021 000B 0000 0000 0001 -50.0 5.09895 4687
2017 1021 000B 0000 0000 0002 -51.0 1.41126 4717
2017 1021 000B 0000 0000 0002 -51.5 4.90260 5012
2017 1021 000B 0000 0000 0001 -50.5 5.84753 5045
2017 1021 000B 0000 0000 0003 -55.5 3.44839 5075
2017 1021 000B 0000 0000 0002 -50.0 5.16645 5114
2017 1021 000B 0000 0000 0001 -51.5 5.98866 5144
2017 1021 000B 0000 0000 0001 -51.0 0.27612 5434
2017 1021 000B 0000 0000 0003 -54.0 4.57126 5447
2017 1021 000B 0000 0000 0002 -50.0 5.68186 5477
2017 1021 000B 0000 0000 0001 -50.0 0.69950 5515
2017 1021 000B 0000 0000 0002 -51.5 5.68800 5530
2017 1021 000B 0000 0000 0003 -52.0 4.90260 5568
2017 1021 000B 0000 0000 0001 -52.0 1.75487 5915
2017 1021 000B 0000 0000 0003 -52.0 5.54687 5933
2017 1021 000B 0000 0000 0003 -52.5 5.62051 5973
2017 1021 000B 0000 0000 0001 -51.0 5.30144 6002
2017 1021 000B 0000 0000 0001 -51.5 2.88388 6293
2017 1021 000B 0000 0000 0002 -53.0 3.60792 6312
2017 1021 000B 0000 0000 0003 -51.0 6.15433 6331
2017 1021 000B 0000 0000 0001 -51.5 6.07456 6359
2017 1021 000B 0000 0000 0002 -53.0 0.61973 6378
2017 1021 000B 0000 0000 0003 -47.0 0.30066 6657
2017 1021 000B 0000 0000 0001 -48.0 3.93313 6663
2017 1021 000B 0000 0000 0002 -54.5 1.01856 6673
2017 1021 000B 0000 0000 0001 -49.5 0.66268 6712
2017 1021 000B 0000 0000 0002 -54.0 1.12287 6742
2017 1021 000B 0000 0000 0003 -48.5 0.67495 6771
2017 1021 000B 0000 0000 0003 -45.5 1.21491 7053
2017 1021 000B 0000 0000 0001 -48.5 4.89647 7070
2017 1021 000B 0000 0000 0003 -47.0 1.20264 7144
2017 1021 000B 0000 0000 0001 -48.5 5.04373 7174
2017 1021 000B 0000 0000 0003 -45.5 1.64443 7494
2017 1021 000B 0000 0000 0001 -47.0 5.80458 7536
2017 1021 000B 0000 0000 0003 -44.5 1.63216 7575
2017 1021 000B 0000 0000 0001 -46.0 5.74322 7580
2017 1021 000B 0000 0000 0003 -42.5 2.09849 7853
2017 1021 000B 0000 0000 0001 -45.5 0.19021 7858
2017 1021 000B 0000 0000 0002 -54.5 1.28241 7870
2017 1021 000B 0000 0000 0003 -44.0 2.09849 7897
2017 1021 000B 0000 0000 0001 -44.0 0.04909 7902
2017 1021 000B 0000 0000 0002 -53.5 1.42967 7912
2017 1021 000B 0000 0000 0003 -42.0 2.37460 8194
2017 1021 000B 0000 0000 0001 -45.0 0.70563 8211
2017 1021 000B 0000 0000 0002 -51.5 5.16031 8243
2017 1021 000B 0000 0000 0001 -44.5 0.84062 8283
2017 1021 000B 0000 0000 0003 -42.5 2.50346 8302
2017 1021 000B 0000 0000 0002 -52.5 5.14190 8323
2017 1021 000B 0000 0000 0003 -40.0 2.70594 8596
2017 1021 000B 0000 0000 0001 -42.5 1.20878 8601
2017 1021 000B 0000 0000 0002 -51.0 5.55301 8613
2017 1021 000B 0000 0000 0003 -41.5 2.65072 8640
2017 1021 000B 0000 0000 0001 -41.5 1.15969 8645
2017 1021 000B 0000 0000 0002 -51.0 5.49165 8656
2017 1021 000B 0000 0000 0001 -41.5 1.65670 8938
2017 1021 000B 0000 0000 0003 -39.5 3.12932 8943
2017 1021 000B 0000 0000 0002 -50.5 5.65732 8958
2017 1021 000B 0000 0000 0003 -40.5 0.00000 9022
2017 1021 000B 0000 0000 0001 -41.5 1.77328 9051
2017 1021 000B 0000 0000 0002 -49.5 5.79845 9084
2017 1021 000B 0000 0000 0001 -39.0 2.07394 9365
2017 1021 000B 0000 0000 0003 -39.0 3.36249 9369
2017 1021 000B 0000 0000 0002 -50.0 2.60163 9380
2017 1021 000B 0000 0000 0005 -55.0 0.24544 9400
2017 1021 000B 0000 0000 0001 -40.5 2.10462 9427
2017 1021 000B 0000 0000 0003 -38.5 3.42998 9432
2017 1021 000B 0000 0000 0002 -50.5 2.68753 9443
2017 1021 000B 0000 0000 0005 -56.0 0.66882 9465
2017 1021 000B 0000 0000 0003 -39.0 0.46633 9755
2017 1021 000B 0000 0000 0001 -39.5 5.63278 9774
2017 1021 000B 0000 0000 0002 -50.0 5.84753 9793
2017 1021 000B 0000 0000 0003 -39.0 0.53996 9823
2017 1021 000B 0000 0000 0001 -39.5 5.74322 9843
2017 1021 000B 0000 0000 0001 -38.0 2.85320 10121
2017 1021 000B 0000 0000 0003 -37.0 3.75518 10125
2017 1021 000B 0000 0000 0002 -51.0 5.60210 10138
2017 1021 000B 0000 0000 0005 -53.5 5.17258 10187
2017 1021 000B 0000 0000 0003 -38.0 0.66268 10217
2017 1021 000B 0000 0000 0001 -38.5 6.17887 10238
2017 1021 000B 0000 0000 0002 -51.0 5.56528 10260
2017 1021 000B 0000 0000 0003 -37.5 3.84722 10534
2017 1021 000B 0000 0000 0001 -36.5 3.23977 10539
2017 1021 000B 0000 0000 0005 -53.0 0.26384 10550
2017 1021 000B 0000 0000 0002 -50.5 2.15371 10569
2017 1021 000B 0000 0000 0003 -37.0 3.85336 10596
2017 1021 000B 0000 0000 0001 -36.0 3.27658 10601
2017 1021 000B 0000 0000 0002 -51.5 5.28917 10614
2017 1021 000B 0000 0000 0005 -51.0 0.44792 10634
2017 1021 000B 0000 0000 0001 -35.5 3.57724 10911
2017 1021 000B 0000 0000 0003 -37.5 3.74905 10915
2017 1021 000B 0000 0000 0005 -48.0 4.16016 10967
2017 1021 000B 0000 0000 0002 -52.0 4.75534 10999
2017 1021 000B 0000 0000 0003 -38.0 0.67495 11034
2017 1021 000B 0000 0000 0001 -36.5 0.57064 11055
2017 1021 000B 0000 0000 0005 -48.0 1.33150 11075
2017 1021 000B 0000 0000 0001 -34.5 3.89018 11349
2017 1021 000B 0000 0000 0003 -37.5 3.71223 11354
2017 1021 000B 0000 0000 0005 -46.0 4.77375 11370
2017 1021 000B 0000 0000 0003 -38.0 3.61406 11429
2017 1021 000B 0000 0000 0001 -35.0 3.96994 11434
2017 1021 000B 0000 0000 0005 -44.0 4.76761 11438
2017 1021 000B 0000 0000 0005 -43.0 4.99464 11710
2017 1021 000B 0000 0000 0001 -35.0 3.98221 11715
2017 1021 000B 0000 0000 0003 -38.0 3.50361 11719
2017 1021 000B 0000 0000 0004 -53.5 4.39332 11750
2017 1021 000B 0000 0000 0002 -55.0 0.42951 11771
2017 1021 000B 0000 0000 0001 -35.0 3.91472 11793
2017 1021 000B 0000 0000 0003 -38.5 3.62633 11798
2017 1021 000B 0000 0000 0005 -42.0 5.22167 11803
2017 1021 000B 0000 0000 0004 -54.5 4.92715 11815
2017 1021 000B 0000 0000 0001 -34.5 4.08039 12095
2017 1021 000B 0000 0000 0003 -38.5 3.15386 12099
2017 1021 000B 0000 0000 0005 -41.0 5.43643 12104
2017 1021 000B 0000 0000 0004 -55.0 4.67557 12128
2017 1021 000B 0000 0000 0005 -40.5 5.19099 12162
2017 1021 000B 0000 0000 0001 -34.5 4.04971 12166
2017 1021 000B 0000 0000 0003 -40.0 3.09251 12171
2017 1021 000B 0000 0000 0004 -54.0 5.00078 12181
2017 1021 000B 0000 0000 0001 -35.5 4.00062 12464
2017 1021 000B 0000 0000 0003 -39.0 2.76117 12469
2017 1021 000B 0000 0000 0005 -40.5 2.09849 12480
2017 1021 000B 0000 0000 0004 -54.5 5.45484 12502
2017 1021 000B 0000 0000 0001 -36.0 3.72451 12526
2017 1021 000B 0000 0000 0003 -40.0 2.76730 12531
2017 1021 000B 0000 0000 0005 -39.5 5.20326 12535
2017 1021 000B 0000 0000 0004 -55.5 5.47938 12547
2017 1021 000B 0000 0000 0001 -36.5 3.78586 12827
2017 1021 000B 0000 0000 0005 -38.0 5.20940 12832
2017 1021 000B 0000 0000 0003 -41.5 2.64458 12837
2017 1021 000B 0000 0000 0005 -38.0 5.19099 12867
2017 1021 000B 0000 0000 0001 -36.5 3.85950 12872
2017 1021 000B 0000 0000 0003 -41.0 2.40528 12877
2017 1021 000B 0000 0000 0001 -37.5 3.69996 13149
2017 1021 000B 0000 0000 0005 -38.0 5.05600 13154
2017 1021 000B 0000 0000 0003 -40.5 2.07394 13159
2017 1021 000B 0000 0000 0003 -42.0 2.06781 13195
2017 1021 000B 0000 0000 0001 -37.5 3.66928 13201
2017 1021 000B 0000 0000 0005 -38.0 5.14190 13205
2017 1021 000B 0000 0000 0005 -37.0 5.11736 13477
2017 1021 000B 0000 0000 0001 -39.0 3.69383 13481
2017 1021 000B 0000 0000 0003 -40.5 1.83464 13486
2017 1021 000B 0000 0000 0004 -55.5 4.17243 13501
2017 1021 000B 0000 0000 0005 -36.5 5.07441 13525
2017 1021 000B 0000 0000 0001 -39.5 3.68155 13529
2017 1021 000B 0000 0000 0003 -43.0 1.34990 13534
2017 1021 000B 0000 0000 0004 -56.0 1.30695 13546
2017 1021 000B 0000 0000 0001 -40.5 3.24590 13826
2017 1021 000B 0000 0000 0005 -38.5 4.95169 13832
2017 1021 000B 0000 0000 0004 -54.0 4.81670 13846
2017 1021 000B 0000 0000 0003 -45.0 1.12901 13865
2017 1021 000B 0000 0000 0001 -41.0 3.31953 13889
2017 1021 000B 0000 0000 0005 -37.0 5.04373 13893
2017 1021 000B 0000 0000 0003 -42.0 1.09833 13898
2017 1021 000B 0000 0000 0004 -53.0 5.14804 13915
2017 1021 000B 0000 0000 0005 -39.0 4.70012 14195
2017 1021 000B 0000 0000 0003 -44.5 0.50928 14199
2017 1021 000B 0000 0000 0001 -42.0 2.89002 14204
2017 1021 000B 0000 0000 0005 -38.5 4.76761 14249
2017 1021 000B 0000 0000 0001 -42.0 3.50361 14253
2017 1021 000B 0000 0000 0003 -45.0 0.14113 14258
2017 1021 000B 0000 0000 0005 -39.0 4.64489 14530
2017 1021 000B 0000 0000 0001 -42.0 2.64458 14536
2017 1021 000B 0000 0000 0003 -45.5 0.37429 14541
2017 1021 000B 0000 0000 0004 -52.5 0.33134 14557
2017 1021 000B 0000 0000 0005 -39.0 4.57740 14585
2017 1021 000B 0000 0000 0001 -41.0 2.42369 14592
2017 1021 000B 0000 0000 0003 -46.0 0.01227 14597
2017 1021 000B 0000 0000 0004 -51.5 0.44792 14612
2017 1021 000B 0000 0000 0005 -39.5 4.52831 14889
2017 1021 000B 0000 0000 0001 -45.0 2.26416 14898
2017 1021 000B 0000 0000 0004 -48.5 4.01289 14903
2017 1021 000B 0000 0000 0003 -48.5 5.76163 14915
2017 1021 000B 0000 0000 0005 -39.0 4.28901 14944
2017 1021 000B 0000 0000 0003 -48.0 5.73709 14956
2017 1021 000B 0000 0000 0004 -50.0 1.02470 14975
2017 1021 000B 0000 0000 0001 -46.0 5.12963 14994
2017 1021 000B 0000 0000 0005 -40.0 4.18470 15268
2017 1021 000B 0000 0000 0004 -48.0 1.23332 15283
2017 1021 000B 0000 0000 0001 -46.5 1.62602 15302
2017 1021 000B 0000 0000 0003 -49.0 1.92054 15322
2017 1021 000B 0000 0000 0005 -40.5 3.88404 15343
2017 1021 000B 0000 0000 0004 -48.0 1.22718 15359
2017 1021 000B 0000 0000 0001 -47.0 1.46649 15378
2017 1021 000B 0000 0000 0005 -41.5 3.49134 15660
2017 1021 000B 0000 0000 0001 -45.5 0.93880 15665
2017 1021 000B 0000 0000 0004 -46.0 4.58353 15683
2017 1021 000B 0000 0000 0005 -41.0 3.31953 15745
2017 1021 000B 0000 0000 0004 -46.5 4.58967 15770
2017 1021 000B 0000 0000 0001 -48.5 0.81608 15801
2017 1021 000B 0000 0000 0003 -48.5 4.17243 15833
2017 1021 000B 0000 0000 0004 -45.0 4.70625 15866
2017 1021 000B 0000 0000 0005 -43.0 3.55270 15871
2017 1021 000B 0000 0000 0001 -48.5 0.80994 15894
2017 1021 000B 0000 0000 0003 -52.0 0.18408 16185
2017 1021 000B 0000 0000 0004 -46.0 4.84124 16210
2017 1021 000B 0000 0000 0001 -50.5 0.02454 16229
2017 1021 000B 0000 0000 0003 -51.0 6.23410 16263
2017 1021 000B 0000 0000 0004 -46.0 4.89033 16292
2017 1021 000B 0000 0000 0004 -43.5 4.91487 16580
2017 1021 000B 0000 0000 0005 -45.0 2.41142 16586
2017 1021 000B 0000 0000 0003 -52.5 2.27029 16597
2017 1021 000B 0000 0000 0001 -51.0 5.31371 16617
2017 1021 000B 0000 0000 0005 -46.0 5.38734 16700
2017 1021 000B 0000 0000 0004 -45.0 4.97010 16719
2017 1021 000B 0000 0000 0003 -53.0 1.76715 16738
2017 1021 000B 0000 0000 0005 -46.5 1.65056 17022
2017 1021 000B 0000 0000 0004 -45.0 5.03146 17051
2017 1021 000B 0000 0000 0003 -51.5 1.25173 17081
2017 1021 000B 0000 0000 0005 -45.0 1.46035 17109
2017 1021 000B 0000 0000 0004 -44.0 5.07441 17114
2017 1021 000B 0000 0000 0005 -45.5 1.16583 17392
2017 1021 000B 0000 0000 0006 -55.5 4.27674 17403
2017 1021 000B 0000 0000 0003 -53.0 0.49087 17422
2017 1021 000B 0000 0000 0004 -46.5 4.97623 17442
2017 1021 000B 0000 0000 0005 -44.5 1.00629 17464
2017 1021 000B 0000 0000 0003 -52.5 0.57064 17474
2017 1021 000B 0000 0000 0006 -55.5 4.36264 17495
2017 1021 000B 0000 0000 0004 -47.0 4.92715 17783
2017 1021 000B 0000 0000 0005 -49.0 3.44839 17806
2017 1021 000B 0000 0000 0001 -56.0 6.04388 17825
2017 1021 000B 0000 0000 0004 -47.5 4.98851 17860
2017 1021 000B 0000 0000 0005 -49.5 3.37476 17879
2017 1021 000B 0000 0000 0005 -50.0 2.80412 18165
2017 1021 000B 0000 0000 0004 -49.5 4.92715 18187
2017 1021 000B 0000 0000 0006 -54.5 5.81072 18206
2017 1021 000B 0000 0000 0005 -50.0 5.89662 18236
2017 1021 000B 0000 0000 0004 -50.0 1.69351 18257
2017 1021 000B 0000 0000 0005 -51.0 1.90214 18544
2017 1021 000B 0000 0000 0003 -52.0 5.16645 18562
2017 1021 000B 0000 0000 0006 -54.0 0.17181 18581
2017 1021 000B 0000 0000 0005 -51.0 1.95736 18609
2017 1021 000B 0000 0000 0003 -52.0 5.11736 18630
2017 1021 000B 0000 0000 0006 -53.0 0.97561 18917
2017 1021 000B 0000 0000 0004 -56.5 1.25173 18936
2017 1021 000B 0000 0000 0006 -52.0 1.18423 18970
2017 1021 000B 0000 0000 0003 -54.0 4.22765 19305
2017 1021 000B 0000 0000 0006 -52.0 1.63829 19324
2017 1021 000B 0000 0000 0005 -52.0 0.68109 19343
2017 1021 000B 0000 0000 0006 -52.0 1.86532 19371
2017 1021 000B 0000 0000 0003 -53.5 0.77926 19393
2017 1021 000B 0000 0000 0001 -56.5 4.85352 19678
2017 1021 000B 0000 0000 0006 -51.5 2.53414 19698
2017 1021 000B 0000 0000 0005 -52.5 6.17274 19717
2017 1021 000B 0000 0000 0001 -56.5 4.55899 19745
2017 1021 000B 0000 0000 0006 -51.5 2.71821 19765
2017 1021 000B 0000 0000 0005 -54.0 5.54074 20054
2017 1021 000B 0000 0000 0006 -51.0 0.38043 20072
2017 1021 000B 0000 0000 0006 -51.0 0.38656 20111
2017 1021 000B 0000 0000 0005 -54.5 5.54074 20134
2017 1021 000B 0000 0000 0006 -50.0 4.21538 20418
2017 1021 000B 0000 0000 0005 -55.0 4.93942 20439
2017 1021 000B 0000 0000 0006 -49.5 4.25219 20488
2017 1021 000B 0000 0000 0005 -55.0 1.76715 20510
2017 1021 000B 0000 0000 0005 -56.0 4.28287 20793
2017 1021 000B 0000 0000 0006 -49.0 4.86579 20812
2017 1021 000B 0000 0000 0006 -48.0 4.98237 20862
2017 1021 000B 0000 0000 0006 -48.5 5.38734 21201
2017 1021 000B 0000 0000 0006 -48.0 5.50392 21246
2017 1021 000B 0000 0000 0006 -48.0 5.78618 21538
2017 1021 000B 0000 0000 0006 -48.5 5.85981 21578
2017 1021 000B 0000 0000 0006 -47.5 2.63231 21621
2017 1021 000B 0000 0000 0006 -48.0 6.09911 21906
2017 1021 000B 0000 0000 0006 -46.0 3.01887 21931
2017 1021 000B 0000 0000 0006 -45.5 2.94524 22219
2017 1021 000B 0000 0000 0006 -46.0 3.09251 22238
2017 1021 000B 0000 0000 0006 -45.5 3.05569 22510
2017 1021 000B 0000 0000 0006 -47.5 3.27045 22529
2017 1021 000B 0000 0000 0006 -47.5 3.33181 22801
2017 1021 000B 0000 0000 0006 -46.5 3.03728 22824
2017 1021 000B 0000 0000 0006 -47.5 3.37476 23099
2017 1021 000B 0000 0000 0006 -46.0 3.03115 23120
2017 1021 000B 0000 0000 0006 -47.5 2.68753 23393
2017 1021 000B 0000 0000 0006 -48.0 2.69367 23411
