2017 1021 000B 0000 0000 0002 -58.0 0.76085 0
2017 1021 000B 0000 0000 0002 -56.0 1.91441 879
2017 1021 000B 0000 0000 0002 -56.0 1.85305 948
2017 1021 000B 0000 0000 0002 -54.5 2.23348 1233
2017 1021 000B 0000 0000 0001 -56.0 0.83449 1254
2017 1021 000B 0000 0000 0002 -56.5 2.46051 1287
2017 1021 000B 0000 0000 0001 -56.0 0.98175 1305
2017 1021 000B 0000 0000 0001 -54.5 1.50944 1598
2017 1021 000B 0000 0000 0002 -56.0 6.01320 1617
2017 1021 000B 0000 0000 0001 -52.0 4.72466 1652
2017 1021 000B 0000 0000 0001 -51.5 5.09895 1995
2017 1021 000B 0000 0000 0002 -54.0 0.33748 2033
2017 1021 000B 0000 0000 0001 -52.0 5.27689 2075
2017 1021 000B 0000 0000 0002 -54.0 0.70563 2111
2017 1021 000B 0000 0000 0002 -54.0 4.10493 2404
2017 1021 000B 0000 0000 0001 -51.5 2.46664 2422
2017 1021 000B 0000 0000 0002 -52.5 1.22718 2468
2017 1021 000B 0000 0000 0001 -51.0 5.78618 2498
2017 1021 000B 0000 0000 0001 -50.5 6.08070 2800
2017 1021 000B 0000 0000 0002 -53.5 5.28917 2833
2017 1021 000B 0000 0000 0001 -48.5 3.12932 2867
2017 1021 000B 0000 0000 0002 -54.5 5.31985 2877
2017 1021 000B 0000 0000 0001 -49.0 3.25818 3159
2017 1021 000B 0000 0000 0002 -54.0 5.93344 3170
2017 1021 000B 0000 0000 0001 -50.5 0.40497 3207
2017 1021 000B 0000 0000 0002 -54.0 6.04388 3227
2017 1021 000B 0000 0000 0001 -49.5 4.06198 3505
2017 1021 000B 0000 0000 0002 -53.5 0.30066 3523
2017 1021 000B 0000 0000 0001 -47.5 4.04971 3559
2017 1021 000B 0000 0000 0002 -53.0 0.36202 3575
2017 1021 000B 0000 0000 0001 -48.0 4.47922 3874
2017 1021 000B 0000 0000 0002 -51.0 4.00062 3899
2017 1021 000B 0000 0000 0001 -48.0 4.59581 3932
2017 1021 000B 0000 0000 0002 -52.5 1.06765 3950
2017 1021 000B 0000 0000 0001 -50.0 5.19713 4240
2017 1021 000B 0000 0000 0002 -51.0 4.58967 4269
2017 1021 000B 0000 0000 0001 -48.0 5.17258 4307
2017 1021 000B 0000 0000 0002 -51.0 1.60761 4319
2017 1021 000B 0000 0000 0001 -50.0 5.74322 4602
2017 1021 000B 0000 0000 0002 -50.0 5.10509 4636
2017 1021 000B 0000 0000 0003 -55.5 0.73017 4666
2017 1021 000B 0000 0000 0002 -50.5 2.17825 4713
2017 1021 000B 0000 0000 0001 -52.0 0.03682 4732
2017 1021 000B 0000 0000 0003 -54.0 4.46695 5015
2017 1021 000B 0000 0000 0001 -52.0 0.61359 5068
2017 1021 000B 0000 0000 0003 -53.0 4.84124 5087
2017 1021 000B 0000 0000 0002 -51.5 5.81072 5106
2017 1021 000B 0000 0000 0001 -51.5 0.76085 5170
2017 1021 000B 0000 0000 0001 -52.0 1.83464 5464
2017 1021 000B 0000 0000 0003 -53.0 5.58983 5482
2017 1021 000B 0000 0000 0002 -52.0 0.19635 5503
2017 1021 000B 0000 0000 0001 -50.5 5.26462 5538
2017 1021 000B 0000 0000 0003 -53.0 5.78618 5568
2017 1021 000B 0000 0000 0003 -50.5 0.02454 5866
2017 1021 000B 0000 0000 0001 -51.5 6.17887 5885
2017 1021 000B 0000 0000 0003 -49.0 5.90889 5909
2017 1021 000B 0000 0000 0001 -50.5 0.29452 5930
2017 1021 000B 0000 0000 0003 -50.0 0.70563 6228
2017 1021 000B 0000 0000 0002 -54.5 4.36878 6248
2017 1021 000B 0000 0000 0001 -50.0 4.06812 6266
2017 1021 000B 0000 0000 0003 -46.5 0.86517 6288
2017 1021 000B 0000 0000 0002 -54.5 4.49150 6297
2017 1021 000B 0000 0000 0003 -46.0 1.31922 6579
2017 1021 000B 0000 0000 0001 -48.5 4.84738 6584
2017 1021 000B 0000 0000 0003 -46.0 1.21491 6631
2017 1021 000B 0000 0000 0001 -48.5 5.00691 6648
2017 1021 000B 0000 0000 0001 -48.0 5.71868 6962
2017 1021 000B 0000 0000 0003 -46.0 1.88986 6981
2017 1021 000B 0000 0000 0002 -57.5 0.70563 7001
2017 1021 000B 0000 0000 0003 -45.0 1.99418 7035
2017 1021 000B 0000 0000 0001 -47.5 6.05616 7065
2017 1021 000B 0000 0000 0001 -45.0 0.34361 7353
2017 1021 000B 0000 0000 0002 -53.5 1.66284 7367
2017 1021 000B 0000 0000 0003 -44.5 2.33165 7385
2017 1021 000B 0000 0000 0003 -43.0 2.36847 7412
2017 1021 000B 0000 0000 0001 -45.5 0.42338 7416
2017 1021 000B 0000 0000 0002 -53.5 5.00691 7431
2017 1021 000B 0000 0000 0001 -43.0 0.60746 7710
2017 1021 000B 0000 0000 0003 -41.5 2.60777 7716
2017 1021 000B 0000 0000 0002 -51.5 5.41802 7730
2017 1021 000B 0000 0000 0003 -41.5 2.82866 7753
2017 1021 000B 0000 0000 0001 -43.5 1.15355 7758
2017 1021 000B 0000 0000 0002 -50.0 5.43643 7774
2017 1021 000B 0000 0000 0001 -42.0 1.49717 8065
2017 1021 000B 0000 0000 0003 -41.0 3.12932 8069
2017 1021 000B 0000 0000 0002 -50.5 5.83526 8082
2017 1021 000B 0000 0000 0001 -42.0 1.69965 8128
2017 1021 000B 0000 0000 0003 -40.5 3.16614 8133
2017 1021 000B 0000 0000 0002 -50.5 5.97639 8145
2017 1021 000B 0000 0000 0001 -41.0 1.89600 8428
2017 1021 000B 0000 0000 0003 -39.5 3.38089 8432
2017 1021 000B 0000 0000 0002 -50.0 6.09911 8461
2017 1021 000B 0000 0000 0005 -57.5 5.97025 8500
2017 1021 000B 0000 0000 0003 -40.0 3.41157 8521
2017 1021 000B 0000 0000 0001 -42.0 1.97577 8527
2017 1021 000B 0000 0000 0002 -48.5 5.99480 8541
2017 1021 000B 0000 0000 0002 -46.5 5.81072 8849
2017 1021 000B 0000 0000 0003 -38.5 3.69996 8855
2017 1021 000B 0000 0000 0001 -40.5 2.27643 8860
2017 1021 000B 0000 0000 0001 -40.0 2.44210 8883
2017 1021 000B 0000 0000 0003 -38.0 3.87177 8887
2017 1021 000B 0000 0000 0002 -48.0 6.19728 8903
2017 1021 000B 0000 0000 0001 -39.5 2.80412 9193
2017 1021 000B 0000 0000 0003 -37.5 3.81654 9198
2017 1021 000B 0000 0000 0002 -50.0 2.87161 9209
2017 1021 000B 0000 0000 0005 -55.0 3.71223 9227
2017 1021 000B 0000 0000 0001 -40.0 2.77957 9260
2017 1021 000B 0000 0000 0003 -38.0 3.89631 9265
2017 1021 000B 0000 0000 0005 -55.0 1.18423 9278
2017 1021 000B 0000 0000 0002 -49.5 6.11752 9297
2017 1021 000B 0000 0000 0001 -38.5 3.09251 9577
2017 1021 000B 0000 0000 0003 -36.5 4.09880 9582
2017 1021 000B 0000 0000 0002 -49.5 6.03161 9597
2017 1021 000B 0000 0000 0001 -37.5 3.39930 9635
2017 1021 000B 0000 0000 0003 -37.0 4.08039 9640
2017 1021 000B 0000 0000 0002 -50.0 5.90276 9661
2017 1021 000B 0000 0000 0003 -36.0 4.19697 9945
2017 1021 000B 0000 0000 0001 -36.5 3.47907 9950
2017 1021 000B 0000 0000 0005 -53.5 0.07363 9964
2017 1021 000B 0000 0000 0002 -51.0 5.55301 9982
2017 1021 000B 0000 0000 0003 -36.5 4.22152 10006
2017 1021 000B 0000 0000 0001 -36.0 3.71223 10010
2017 1021 000B 0000 0000 0005 -53.5 0.20249 10022
2017 1021 000B 0000 0000 0002 -50.5 5.49779 10042
2017 1021 000B 0000 0000 0003 -36.0 4.26447 10320
2017 1021 000B 0000 0000 0001 -35.5 3.87790 10325
2017 1021 000B 0000 0000 0005 -51.0 1.21491 10337
2017 1021 000B 0000 0000 0002 -51.0 2.12303 10356
2017 1021 000B 0000 0000 0001 -36.0 0.80381 10397
2017 1021 000B 0000 0000 0005 -49.0 1.33763 10416
2017 1021 000B 0000 0000 0003 -37.5 1.08606 10434
2017 1021 000B 0000 0000 0001 -34.5 4.13561 10708
2017 1021 000B 0000 0000 0003 -37.0 4.16629 10712
2017 1021 000B 0000 0000 0001 -34.5 4.25219 10750
2017 1021 000B 0000 0000 0003 -37.0 4.11720 10755
2017 1021 000B 0000 0000 0002 -52.5 1.65056 10766
2017 1021 000B 0000 0000 0005 -47.0 5.09895 10785
2017 1021 000B 0000 0000 0004 -56.5 4.46695 10835
2017 1021 000B 0000 0000 0001 -33.5 4.22152 10857
2017 1021 000B 0000 0000 0003 -37.0 4.12948 10862
2017 1021 000B 0000 0000 0005 -45.5 5.17872 10877
2017 1021 000B 0000 0000 0002 -52.5 1.46035 10913
2017 1021 000B 0000 0000 0003 -38.5 3.98221 11201
2017 1021 000B 0000 0000 0001 -34.0 4.38719 11206
2017 1021 000B 0000 0000 0004 -54.0 4.76148 11229
2017 1021 000B 0000 0000 0002 -55.0 0.83449 11248
2017 1021 000B 0000 0000 0001 -33.5 4.41786 11271
2017 1021 000B 0000 0000 0003 -38.5 3.70610 11277
2017 1021 000B 0000 0000 0004 -54.0 4.62649 11290
2017 1021 000B 0000 0000 0002 -55.0 0.60132 11309
2017 1021 000B 0000 0000 0005 -43.5 2.28870 11327
2017 1021 000B 0000 0000 0001 -34.0 4.42400 11600
2017 1021 000B 0000 0000 0003 -39.0 3.68155 11605
2017 1021 000B 0000 0000 0005 -41.0 5.46711 11610
2017 1021 000B 0000 0000 0005 -40.5 5.62051 11634
2017 1021 000B 0000 0000 0003 -39.5 3.55270 11638
2017 1021 000B 0000 0000 0001 -34.0 4.39332 11643
2017 1021 000B 0000 0000 0001 -34.5 4.41786 11918
2017 1021 000B 0000 0000 0003 -41.5 3.30113 11923
2017 1021 000B 0000 0000 0005 -40.5 5.55915 11928
2017 1021 000B 0000 0000 0003 -39.5 3.37476 11954
2017 1021 000B 0000 0000 0001 -34.5 4.39332 11959
2017 1021 000B 0000 0000 0005 -40.0 2.36847 11970
2017 1021 000B 0000 0000 0001 -35.5 4.27060 12250
2017 1021 000B 0000 0000 0003 -41.5 2.84093 12255
2017 1021 000B 0000 0000 0005 -37.5 5.49165 12260
2017 1021 000B 0000 0000 0001 -35.5 4.26447 12314
2017 1021 000B 0000 0000 0003 -41.0 2.89616 12319
2017 1021 000B 0000 0000 0005 -38.5 5.58369 12323
2017 1021 000B 0000 0000 0005 -37.5 5.51619 12595
2017 1021 000B 0000 0000 0003 -42.0 2.45437 12600
2017 1021 000B 0000 0000 0001 -37.0 4.04971 12605
2017 1021 000B 0000 0000 0004 -55.5 0.89584 12617
2017 1021 000B 0000 0000 0005 -37.5 5.36893 12918
2017 1021 000B 0000 0000 0001 -38.5 4.08039 12923
2017 1021 000B 0000 0000 0003 -42.5 2.06167 12928
2017 1021 000B 0000 0000 0005 -38.0 5.45484 12955
2017 1021 000B 0000 0000 0003 -41.5 2.01258 12960
2017 1021 000B 0000 0000 0001 -39.0 4.01903 12964
2017 1021 000B 0000 0000 0001 -39.5 3.82268 13237
2017 1021 000B 0000 0000 0005 -37.0 5.30144 13241
2017 1021 000B 0000 0000 0003 -44.0 1.36831 13246
2017 1021 000B 0000 0000 0004 -56.0 5.38120 13258
2017 1021 000B 0000 0000 0003 -43.0 1.73647 13288
2017 1021 000B 0000 0000 0001 -40.5 3.92085 13292
2017 1021 000B 0000 0000 0005 -36.5 5.32598 13297
2017 1021 000B 0000 0000 0004 -56.0 5.27689 13311
2017 1021 000B 0000 0000 0005 -37.0 5.11122 13589
2017 1021 000B 0000 0000 0001 -41.0 3.30726 13594
2017 1021 000B 0000 0000 0003 -45.0 1.25786 13598
2017 1021 000B 0000 0000 0005 -36.5 5.12350 13622
2017 1021 000B 0000 0000 0001 -43.0 0.38043 13635
2017 1021 000B 0000 0000 0003 -46.0 1.07379 13653
2017 1021 000B 0000 0000 0001 -42.0 3.50361 13933
2017 1021 000B 0000 0000 0005 -37.5 4.98851 13938
2017 1021 000B 0000 0000 0003 -47.0 0.58905 13950
2017 1021 000B 0000 0000 0004 -53.0 0.69336 13971
2017 1021 000B 0000 0000 0005 -37.5 4.91487 13996
2017 1021 000B 0000 0000 0003 -45.5 0.18408 14002
2017 1021 000B 0000 0000 0001 -43.5 3.22136 14007
2017 1021 000B 0000 0000 0004 -50.5 4.14788 14021
2017 1021 000B 0000 0000 0005 -39.0 4.73693 14317
2017 1021 000B 0000 0000 0003 -48.0 6.26478 14330
2017 1021 000B 0000 0000 0004 -50.5 1.38058 14350
2017 1021 000B 0000 0000 0001 -45.0 2.45437 14386
2017 1021 000B 0000 0000 0005 -40.5 1.56466 14416
2017 1021 000B 0000 0000 0003 -48.0 6.14819 14447
2017 1021 000B 0000 0000 0001 -46.5 5.22781 14738
2017 1021 000B 0000 0000 0004 -48.0 4.81056 14757
2017 1021 000B 0000 0000 0003 -49.5 5.46711 14776
2017 1021 000B 0000 0000 0001 -46.5 1.95122 14809
2017 1021 000B 0000 0000 0004 -48.0 4.88419 14841
2017 1021 000B 0000 0000 0001 -44.0 1.25173 15127
2017 1021 000B 0000 0000 0005 -43.0 3.98835 15132
2017 1021 000B 0000 0000 0003 -50.0 4.70012 15145
2017 1021 000B 0000 0000 0004 -46.5 5.10509 15164
2017 1021 000B 0000 0000 0005 -43.0 4.23379 15199
2017 1021 000B 0000 0000 0001 -48.0 1.28241 15214
2017 1021 000B 0000 0000 0004 -46.0 5.15418 15244
2017 1021 000B 0000 0000 0003 -50.0 4.55899 15275
2017 1021 000B 0000 0000 0005 -43.5 3.60179 15556
2017 1021 000B 0000 0000 0004 -44.0 5.16645 15561
2017 1021 000B 0000 0000 0003 -52.0 0.73017 15580
2017 1021 000B 0000 0000 0005 -42.5 3.28885 15608
2017 1021 000B 0000 0000 0004 -45.0 5.39348 15614
2017 1021 000B 0000 0000 0001 -50.0 0.54610 15625
2017 1021 000B 0000 0000 0003 -53.5 3.68155 15645
2017 1021 000B 0000 0000 0001 -49.5 6.19728 15941
2017 1021 000B 0000 0000 0004 -44.5 5.42416 15971
2017 1021 000B 0000 0000 0003 -52.0 2.60163 16009
2017 1021 000B 0000 0000 0004 -44.5 5.15418 16041
2017 1021 000B 0000 0000 0001 -51.5 5.80458 16052
2017 1021 000B 0000 0000 0004 -44.5 5.46097 16332
2017 1021 000B 0000 0000 0005 -46.5 5.36893 16347
2017 1021 000B 0000 0000 0001 -51.0 5.19099 16377
2017 1021 000B 0000 0000 0003 -52.0 1.77328 16408
2017 1021 000B 0000 0000 0004 -45.0 5.51006 16442
2017 1021 000B 0000 0000 0001 -51.5 4.84124 16462
2017 1021 000B 0000 0000 0005 -46.5 5.09282 16480
2017 1021 000B 0000 0000 0004 -45.5 5.63278 16754
2017 1021 000B 0000 0000 0003 -51.5 1.12287 16768
2017 1021 000B 0000 0000 0001 -53.5 4.30742 16788
2017 1021 000B 0000 0000 0006 -55.5 1.34990 16809
2017 1021 000B 0000 0000 0005 -46.0 1.51557 16831
2017 1021 000B 0000 0000 0004 -44.5 5.75550 16836
2017 1021 000B 0000 0000 0003 -51.5 1.18423 16850
2017 1021 000B 0000 0000 0001 -53.5 4.22152 16869
2017 1021 000B 0000 0000 0004 -46.5 5.58369 17157
2017 1021 000B 0000 0000 0005 -48.0 3.98835 17176
2017 1021 000B 0000 0000 0003 -52.5 0.57678 17194
2017 1021 000B 0000 0000 0005 -48.0 0.96334 17228
2017 1021 000B 0000 0000 0004 -47.0 5.46711 17259
2017 1021 000B 0000 0000 0005 -49.5 3.29499 17557
2017 1021 000B 0000 0000 0004 -49.0 5.49779 17578
2017 1021 000B 0000 0000 0001 -57.0 6.00093 17597
2017 1021 000B 0000 0000 0004 -49.5 5.51619 17626
2017 1021 000B 0000 0000 0005 -50.0 6.27091 17645
2017 1021 000B 0000 0000 0005 -50.5 5.72482 17931
2017 1021 000B 0000 0000 0006 -53.5 0.19635 17950
2017 1021 000B 0000 0000 0004 -51.5 5.39961 17972
2017 1021 000B 0000 0000 0006 -54.0 0.44792 18000
2017 1021 000B 0000 0000 0005 -50.0 2.25802 18021
2017 1021 000B 0000 0000 0005 -50.5 1.87146 18305
2017 1021 000B 0000 0000 0006 -52.5 0.92652 18347
2017 1021 000B 0000 0000 0005 -50.5 1.71192 18378
2017 1021 000B 0000 0000 0003 -52.5 4.55899 18667
2017 1021 000B 0000 0000 0006 -51.0 1.50330 18700
2017 1021 000B 0000 0000 0006 -52.0 1.84078 18744
2017 1021 000B 0000 0000 0005 -51.0 1.04311 18763
2017 1021 000B 0000 0000 0003 -54.0 4.54058 18782
2017 1021 000B 0000 0000 0003 -54.5 3.90858 19065
2017 1021 000B 0000 0000 0005 -51.0 0.44792 19084
2017 1021 000B 0000 0000 0001 -57.0 5.21553 19102
2017 1021 000B 0000 0000 0003 -55.5 3.84109 19131
2017 1021 000B 0000 0000 0005 -51.5 0.46019 19151
2017 1021 000B 0000 0000 0003 -57.0 3.39930 19437
2017 1021 000B 0000 0000 0005 -53.0 0.01227 19456
2017 1021 000B 0000 0000 0006 -52.0 0.16567 19474
2017 1021 000B 0000 0000 0005 -53.0 6.08684 19504
2017 1021 000B 0000 0000 0003 -56.0 0.06750 19551
2017 1021 000B 0000 0000 0006 -50.0 1.06151 19829
2017 1021 000B 0000 0000 0005 -53.5 5.52233 19841
2017 1021 000B 0000 0000 0001 -57.0 0.84676 19860
2017 1021 000B 0000 0000 0006 -50.0 1.28854 19887
2017 1021 000B 0000 0000 0005 -52.0 2.13530 19914
2017 1021 000B 0000 0000 0005 -56.0 4.61421 20297
2017 1021 000B 0000 0000 0006 -49.5 5.15418 20316
2017 1021 000B 0000 0000 0006 -49.0 5.73709 20641
2017 1021 000B 0000 0000 0005 -58.0 0.45406 20661
2017 1021 000B 0000 0000 0005 -58.5 0.49701 20710
2017 1021 000B 0000 0000 0006 -49.0 5.83526 20729
2017 1021 000B 0000 0000 0006 -48.0 6.22183 21021
2017 1021 000B 0000 0000 0006 -48.0 3.06796 21048
2017 1021 000B 0000 0000 0006 -47.5 3.44839 21320
2017 1021 000B 0000 0000 0006 -46.0 3.47907 21339
2017 1021 000B 0000 0000 0006 -46.5 3.69996 21611
2017 1021 000B 0000 0000 0005 -58.0 4.06198 21623
2017 1021 000B 0000 0000 0006 -47.0 3.46066 21650
2017 1021 000B 0000 0000 0006 -45.5 3.60792 21953
2017 1021 000B 0000 0000 0006 -47.0 3.63860 21974
2017 1021 000B 0000 0000 0006 -46.0 3.73064 22247
2017 1021 000B 0000 0000 0005 -59.0 0.28839 22258
2017 1021 000B 0000 0000 0006 -45.5 3.50361 22286
2017 1021 000B 0000 0000 0005 -58.0 6.24637 22308
2017 1021 000B 0000 0000 0006 -46.5 3.50361 22584
2017 1021 000B 0000 0000 0006 -47.0 3.55884 22606
2017 1021 000B 0000 0000 0006 -48.5 3.46066 22880
2017 1021 000B 0000 0000 0006 -49.0 0.15340 22912
