2017 1021 000B 0000 0000 0002 -65.0 1.86532 0
2017 1021 000B 0000 0000 0002 -66.0 1.88986 36
2017 1021 000B 0000 0000 0002 -66.5 1.80396 623
2017 1021 000B 0000 0000 0002 -58.5 0.31293 2485
2017 1021 000B 0000 0000 0002 -56.0 4.27674 3135
2017 1021 000B 0000 0000 0002 -57.0 0.91425 3174
2017 1021 000B 0000 0000 0002 -56.0 4.34423 3484
2017 1021 000B 0000 0000 0002 -55.0 1.52171 3534
2017 1021 000B 0000 0000 0002 -56.0 1.65670 3822
2017 1021 000B 0000 0000 0001 -58.0 5.97639 3841
2017 1021 000B 0000 0000 0002 -55.5 2.10462 4167
2017 1021 000B 0000 0000 0001 -57.0 0.58905 4188
2017 1021 000B 0000 0000 0002 -54.0 5.26462 4240
2017 1021 000B 0000 0000 0001 -54.0 0.61359 4272
2017 1021 000B 0000 0000 0001 -52.0 0.71177 4566
2017 1021 000B 0000 0000 0002 -54.5 6.06229 4598
2017 1021 000B 0000 0000 0001 -52.0 1.18423 4641
2017 1021 000B 0000 0000 0002 -55.0 5.95798 4673
2017 1021 000B 0000 0000 0002 -55.5 0.08590 4970
2017 1021 000B 0000 0000 0001 -52.5 1.56466 4989
2017 1021 000B 0000 0000 0001 -53.0 1.47876 5023
2017 1021 000B 0000 0000 0002 -54.0 3.38089 5045
2017 1021 000B 0000 0000 0002 -55.0 3.96994 5330
2017 1021 000B 0000 0000 0001 -52.5 1.96963 5349
2017 1021 000B 0000 0000 0001 -50.5 5.28303 5385
2017 1021 000B 0000 0000 0002 -54.0 0.71177 5415
2017 1021 000B 0000 0000 0001 -50.5 5.65732 5716
2017 1021 000B 0000 0000 0002 -54.0 1.49717 5749
2017 1021 000B 0000 0000 0001 -50.5 5.60823 5794
2017 1021 000B 0000 0000 0002 -53.5 1.52784 5827
2017 1021 000B 0000 0000 0001 -48.5 3.54043 6114
2017 1021 000B 0000 0000 0002 -53.0 5.31371 6133
2017 1021 000B 0000 0000 0001 -50.5 0.03682 6183
2017 1021 000B 0000 0000 0002 -54.0 5.58369 6215
2017 1021 000B 0000 0000 0001 -51.0 3.77973 6500
2017 1021 000B 0000 0000 0002 -53.0 6.05002 6517
2017 1021 000B 0000 0000 0002 -53.5 5.99480 6571
2017 1021 000B 0000 0000 0001 -51.5 0.46633 6590
2017 1021 000B 0000 0000 0001 -50.0 1.15969 6881
2017 1021 000B 0000 0000 0002 -53.0 0.47247 6913
2017 1021 000B 0000 0000 0002 -51.0 3.53429 6955
2017 1021 000B 0000 0000 0001 -50.5 1.02470 6973
2017 1021 000B 0000 0000 0001 -51.0 4.56513 7274
2017 1021 000B 0000 0000 0002 -52.0 1.01856 7293
2017 1021 000B 0000 0000 0003 -56.0 2.17212 7314
2017 1021 000B 0000 0000 0002 -48.0 4.08039 7337
2017 1021 000B 0000 0000 0001 -50.5 4.74307 7356
2017 1021 000B 0000 0000 0002 -49.5 4.35651 7652
2017 1021 000B 0000 0000 0001 -51.0 5.35052 7670
2017 1021 000B 0000 0000 0003 -54.0 0.11658 7700
2017 1021 000B 0000 0000 0002 -51.0 1.52171 7743
2017 1021 000B 0000 0000 0001 -51.5 5.55301 7761
2017 1021 000B 0000 0000 0003 -54.5 0.11045 7780
2017 1021 000B 0000 0000 0002 -50.5 5.22781 8068
2017 1021 000B 0000 0000 0001 -51.5 0.04909 8098
2017 1021 000B 0000 0000 0003 -53.0 3.96994 8129
2017 1021 000B 0000 0000 0001 -48.5 6.19115 8157
2017 1021 000B 0000 0000 0002 -51.0 2.06781 8170
2017 1021 000B 0000 0000 0002 -51.0 5.58369 8465
2017 1021 000B 0000 0000 0003 -50.5 4.76761 8508
2017 1021 000B 0000 0000 0001 -51.5 1.15969 8538
2017 1021 000B 0000 0000 0002 -50.5 5.75550 8582
2017 1021 000B 0000 0000 0003 -51.5 4.87192 8612
2017 1021 000B 0000 0000 0001 -51.5 5.24008 8914
2017 1021 000B 0000 0000 0003 -50.5 5.46711 8943
2017 1021 000B 0000 0000 0002 -52.0 0.15953 8973
2017 1021 000B 0000 0000 0001 -51.0 5.61437 9018
2017 1021 000B 0000 0000 0003 -49.5 5.58983 9047
2017 1021 000B 0000 0000 0003 -48.5 6.06843 9336
2017 1021 000B 0000 0000 0001 -50.5 2.98206 9341
2017 1021 000B 0000 0000 0002 -53.5 0.56450 9362
2017 1021 000B 0000 0000 0002 -52.5 0.40497 9409
2017 1021 000B 0000 0000 0001 -50.0 0.43565 9444
2017 1021 000B 0000 0000 0003 -48.5 0.16567 9474
2017 1021 000B 0000 0000 0003 -46.5 6.10524 9756
2017 1021 000B 0000 0000 0001 -49.0 1.10447 9785
2017 1021 000B 0000 0000 0001 -49.0 1.27627 9849
2017 1021 000B 0000 0000 0003 -47.5 0.66268 9868
2017 1021 000B 0000 0000 0001 -47.5 4.79216 10146
2017 1021 000B 0000 0000 0003 -45.5 1.23332 10151
2017 1021 000B 0000 0000 0003 -44.0 1.08606 10174
2017 1021 000B 0000 0000 0001 -47.0 5.15418 10191
2017 1021 000B 0000 0000 0003 -44.5 1.40513 10484
2017 1021 000B 0000 0000 0001 -47.0 5.71868 10502
2017 1021 000B 0000 0000 0003 -43.0 1.36831 10538
2017 1021 000B 0000 0000 0001 -46.5 5.88435 10560
2017 1021 000B 0000 0000 0001 -43.5 6.26478 10844
2017 1021 000B 0000 0000 0003 -42.0 1.83464 10850
2017 1021 000B 0000 0000 0002 -53.0 0.90812 10864
2017 1021 000B 0000 0000 0001 -45.0 0.10431 10904
2017 1021 000B 0000 0000 0003 -42.5 1.90827 10908
2017 1021 000B 0000 0000 0002 -53.5 1.28854 10926
2017 1021 000B 0000 0000 0003 -41.0 2.20893 11220
2017 1021 000B 0000 0000 0001 -43.0 0.50315 11226
2017 1021 000B 0000 0000 0002 -51.0 4.90260 11248
2017 1021 000B 0000 0000 0003 -42.5 2.17825 11281
2017 1021 000B 0000 0000 0002 -51.5 4.76761 11300
2017 1021 000B 0000 0000 0003 -40.5 2.48505 11603
2017 1021 000B 0000 0000 0001 -42.5 1.04924 11666
2017 1021 000B 0000 0000 0003 -39.5 2.63845 11694
2017 1021 000B 0000 0000 0003 -39.0 2.69981 11969
2017 1021 000B 0000 0000 0001 -41.0 1.47876 11974
2017 1021 000B 0000 0000 0003 -39.5 2.82866 12059
2017 1021 000B 0000 0000 0001 -41.0 1.56466 12064
2017 1021 000B 0000 0000 0002 -50.0 5.28917 12080
2017 1021 000B 0000 0000 0001 -39.5 1.54012 12130
2017 1021 000B 0000 0000 0003 -38.5 2.93297 12135
2017 1021 000B 0000 0000 0002 -51.0 2.14757 12150
2017 1021 000B 0000 0000 0001 -38.5 1.92054 12427
2017 1021 000B 0000 0000 0003 -39.0 2.79798 12432
2017 1021 000B 0000 0000 0002 -49.5 5.35666 12448
2017 1021 000B 0000 0000 0005 -55.0 0.73631 12522
2017 1021 000B 0000 0000 0001 -38.5 2.10462 12551
2017 1021 000B 0000 0000 0003 -38.5 2.97592 12555
2017 1021 000B 0000 0000 0002 -49.0 5.38734 12571
2017 1021 000B 0000 0000 0003 -38.0 3.18454 12861
2017 1021 000B 0000 0000 0001 -39.0 2.30097 12866
2017 1021 000B 0000 0000 0002 -51.0 5.12963 12878
2017 1021 000B 0000 0000 0005 -54.5 4.69398 12898
2017 1021 000B 0000 0000 0003 -37.5 3.26431 12924
2017 1021 000B 0000 0000 0001 -38.0 2.31324 12929
2017 1021 000B 0000 0000 0002 -51.0 1.96350 12944
2017 1021 000B 0000 0000 0005 -53.5 4.85965 12990
2017 1021 000B 0000 0000 0003 -38.0 3.16614 13263
2017 1021 000B 0000 0000 0001 -37.0 2.71208 13268
2017 1021 000B 0000 0000 0002 -50.0 4.85965 13337
2017 1021 000B 0000 0000 0005 -51.5 5.97025 13366
2017 1021 000B 0000 0000 0001 -36.5 2.75503 13395
2017 1021 000B 0000 0000 0003 -37.5 3.33181 13399
2017 1021 000B 0000 0000 0002 -51.5 4.80443 13417
2017 1021 000B 0000 0000 0001 -37.0 3.03115 13706
2017 1021 000B 0000 0000 0003 -37.5 3.20909 13711
2017 1021 000B 0000 0000 0005 -47.0 3.55884 13717
2017 1021 000B 0000 0000 0002 -52.0 1.00016 13729
2017 1021 000B 0000 0000 0003 -38.0 3.22750 13756
2017 1021 000B 0000 0000 0001 -36.0 2.84707 13761
2017 1021 000B 0000 0000 0002 -53.0 1.11674 13772
2017 1021 000B 0000 0000 0005 -49.5 0.58905 13790
2017 1021 000B 0000 0000 0003 -39.0 0.08590 14078
2017 1021 000B 0000 0000 0001 -37.5 0.07363 14097
2017 1021 000B 0000 0000 0002 -54.0 0.69950 14116
2017 1021 000B 0000 0000 0003 -38.0 3.09251 14137
2017 1021 000B 0000 0000 0001 -36.0 3.25818 14142
2017 1021 000B 0000 0000 0001 -36.0 3.29499 14414
2017 1021 000B 0000 0000 0003 -38.5 3.11091 14419
2017 1021 000B 0000 0000 0005 -45.0 1.32536 14437
2017 1021 000B 0000 0000 0003 -38.0 2.96365 14481
2017 1021 000B 0000 0000 0001 -36.0 3.36249 14486
2017 1021 000B 0000 0000 0005 -45.0 1.30695 14499
2017 1021 000B 0000 0000 0005 -41.5 4.79829 14779
2017 1021 000B 0000 0000 0003 -39.0 2.76117 14784
2017 1021 000B 0000 0000 0001 -36.0 3.43612 14789
2017 1021 000B 0000 0000 0001 -36.0 3.42385 14818
2017 1021 000B 0000 0000 0003 -40.5 5.85367 14831
2017 1021 000B 0000 0000 0005 -43.5 1.51557 14850
2017 1021 000B 0000 0000 0001 -36.5 3.40544 15128
2017 1021 000B 0000 0000 0005 -41.5 4.74307 15132
2017 1021 000B 0000 0000 0003 -39.5 2.42983 15137
2017 1021 000B 0000 0000 0003 -38.5 2.27029 15157
2017 1021 000B 0000 0000 0001 -36.0 3.35021 15162
2017 1021 000B 0000 0000 0005 -42.0 1.49717 15177
2017 1021 000B 0000 0000 0001 -36.5 3.36249 15453
2017 1021 000B 0000 0000 0005 -41.0 4.73080 15459
2017 1021 000B 0000 0000 0003 -40.5 2.21507 15463
2017 1021 000B 0000 0000 0001 -37.0 3.32567 15497
2017 1021 000B 0000 0000 0003 -40.0 2.05553 15503
2017 1021 000B 0000 0000 0005 -40.0 4.54058 15508
2017 1021 000B 0000 0000 0003 -42.0 1.61375 15785
2017 1021 000B 0000 0000 0001 -38.0 3.29499 15790
2017 1021 000B 0000 0000 0005 -40.5 1.58920 15804
2017 1021 000B 0000 0000 0001 -37.5 3.23363 15843
2017 1021 000B 0000 0000 0005 -39.5 4.71852 15849
2017 1021 000B 0000 0000 0003 -42.5 1.67511 15853
2017 1021 000B 0000 0000 0005 -39.5 4.58353 16125
2017 1021 000B 0000 0000 0001 -38.5 3.04955 16129
2017 1021 000B 0000 0000 0003 -42.5 1.33150 16134
2017 1021 000B 0000 0000 0001 -40.0 3.12932 16171
2017 1021 000B 0000 0000 0005 -40.0 1.47876 16185
2017 1021 000B 0000 0000 0003 -43.0 1.34377 16214
2017 1021 000B 0000 0000 0005 -38.5 4.39946 16505
2017 1021 000B 0000 0000 0003 -42.5 1.09219 16510
2017 1021 000B 0000 0000 0001 -40.0 2.90229 16514
2017 1021 000B 0000 0000 0004 -56.0 0.84062 16525
2017 1021 000B 0000 0000 0003 -43.5 0.31907 16554
2017 1021 000B 0000 0000 0005 -38.5 4.50990 16560
2017 1021 000B 0000 0000 0001 -39.0 2.57709 16565
2017 1021 000B 0000 0000 0004 -55.5 0.92039 16578
2017 1021 000B 0000 0000 0003 -43.0 0.36816 16858
2017 1021 000B 0000 0000 0001 -41.0 2.49118 16862
2017 1021 000B 0000 0000 0005 -39.5 3.91472 16867
2017 1021 000B 0000 0000 0003 -42.5 0.34975 16891
2017 1021 000B 0000 0000 0001 -41.0 2.32551 16896
2017 1021 000B 0000 0000 0005 -39.0 4.55899 16900
2017 1021 000B 0000 0000 0005 -38.0 3.98835 17175
2017 1021 000B 0000 0000 0001 -41.5 2.21507 17182
2017 1021 000B 0000 0000 0003 -43.5 0.35588 17187
2017 1021 000B 0000 0000 0004 -53.5 5.12350 17200
2017 1021 000B 0000 0000 0005 -39.0 4.09880 17227
2017 1021 000B 0000 0000 0001 -43.5 5.29530 17262
2017 1021 000B 0000 0000 0003 -46.0 5.90276 17292
2017 1021 000B 0000 0000 0005 -39.5 3.91472 17616
2017 1021 000B 0000 0000 0003 -46.0 5.65119 17640
2017 1021 000B 0000 0000 0001 -44.5 1.62602 17672
2017 1021 000B 0000 0000 0004 -49.5 3.15386 17704
2017 1021 000B 0000 0000 0005 -40.0 3.68769 17732
2017 1021 000B 0000 0000 0001 -39.5 1.49103 17738
2017 1021 000B 0000 0000 0003 -47.0 5.35052 17754
2017 1021 000B 0000 0000 0005 -41.0 3.53429 18034
2017 1021 000B 0000 0000 0001 -46.0 1.18423 18046
2017 1021 000B 0000 0000 0003 -48.0 4.82897 18066
2017 1021 000B 0000 0000 0004 -49.5 0.13499 18086
2017 1021 000B 0000 0000 0005 -41.5 3.44839 18108
2017 1021 000B 0000 0000 0001 -45.5 0.99402 18116
2017 1021 000B 0000 0000 0003 -47.5 4.76148 18133
2017 1021 000B 0000 0000 0005 -42.0 3.05569 18428
2017 1021 000B 0000 0000 0001 -46.5 0.31293 18437
2017 1021 000B 0000 0000 0004 -46.5 3.87177 18442
2017 1021 000B 0000 0000 0003 -49.5 1.02470 18461
2017 1021 000B 0000 0000 0004 -45.5 3.41771 18488
2017 1021 000B 0000 0000 0003 -48.5 4.09880 18504
2017 1021 000B 0000 0000 0005 -43.5 6.11138 18534
2017 1021 000B 0000 0000 0001 -47.0 0.46633 18564
2017 1021 000B 0000 0000 0004 -45.0 3.96381 18845
2017 1021 000B 0000 0000 0005 -42.5 2.55254 18853
2017 1021 000B 0000 0000 0001 -49.0 6.15433 18870
2017 1021 000B 0000 0000 0004 -43.0 3.81041 18892
2017 1021 000B 0000 0000 0005 -42.5 2.27643 18896
2017 1021 000B 0000 0000 0004 -46.0 4.01289 19170
2017 1021 000B 0000 0000 0005 -45.0 2.20280 19218
2017 1021 000B 0000 0000 0005 -45.5 5.18486 19274
2017 1021 000B 0000 0000 0004 -47.0 0.89584 19293
2017 1021 000B 0000 0000 0004 -45.5 3.67542 19577
2017 1021 000B 0000 0000 0005 -46.0 4.76148 19594
2017 1021 000B 0000 0000 0003 -54.0 1.47876 19627
2017 1021 000B 0000 0000 0001 -52.0 4.55285 19646
2017 1021 000B 0000 0000 0004 -46.5 4.15402 19679
2017 1021 000B 0000 0000 0005 -46.5 1.46035 19708
2017 1021 000B 0000 0000 0003 -51.5 1.12287 19753
2017 1021 000B 0000 0000 0004 -46.0 3.73064 20033
2017 1021 000B 0000 0000 0005 -45.0 1.03084 20038
2017 1021 000B 0000 0000 0001 -54.0 0.68722 20051
2017 1021 000B 0000 0000 0003 -52.0 0.34975 20072
2017 1021 000B 0000 0000 0006 -55.5 6.02548 20092
2017 1021 000B 0000 0000 0001 -53.5 0.29452 20128
2017 1021 000B 0000 0000 0003 -53.0 0.25771 20149
2017 1021 000B 0000 0000 0005 -48.0 3.80427 20172
2017 1021 000B 0000 0000 0004 -46.0 3.94540 20447
2017 1021 000B 0000 0000 0005 -48.5 3.23363 20458
2017 1021 000B 0000 0000 0003 -53.5 6.01320 20481
2017 1021 000B 0000 0000 0006 -54.5 0.50928 20500
2017 1021 000B 0000 0000 0004 -47.0 3.78586 20522
2017 1021 000B 0000 0000 0005 -48.5 0.14113 20534
2017 1021 000B 0000 0000 0003 -54.0 6.05002 20553
2017 1021 000B 0000 0000 0004 -45.5 3.95153 20834
2017 1021 000B 0000 0000 0005 -49.0 2.60777 20849
2017 1021 000B 0000 0000 0003 -53.5 5.51619 20870
2017 1021 000B 0000 0000 0006 -54.5 1.33763 20892
2017 1021 000B 0000 0000 0004 -48.0 3.86563 20931
2017 1021 000B 0000 0000 0005 -50.0 5.47324 20961
2017 1021 000B 0000 0000 0004 -51.5 0.29452 21262
2017 1021 000B 0000 0000 0001 -57.5 0.69336 21282
2017 1021 000B 0000 0000 0005 -50.5 1.53398 21305
2017 1021 000B 0000 0000 0001 -57.0 0.61359 21333
2017 1021 000B 0000 0000 0004 -52.5 0.31293 21352
2017 1021 000B 0000 0000 0005 -49.5 4.10493 21642
2017 1021 000B 0000 0000 0003 -52.0 3.89631 21721
2017 1021 000B 0000 0000 0005 -52.0 0.80994 21755
2017 1021 000B 0000 0000 0006 -53.0 0.32520 22045
2017 1021 000B 0000 0000 0004 -58.5 5.89049 22065
2017 1021 000B 0000 0000 0003 -53.5 0.57064 22090
2017 1021 000B 0000 0000 0006 -48.0 3.24590 22111
2017 1021 000B 0000 0000 0006 -51.0 1.19037 22422
2017 1021 000B 0000 0000 0001 -55.0 1.38672 22451
2017 1021 000B 0000 0000 0005 -51.0 5.71254 22494
2017 1021 000B 0000 0000 0006 -51.0 1.31309 22567
2017 1021 000B 0000 0000 0001 -56.5 0.39884 22887
2017 1021 000B 0000 0000 0006 -51.0 2.21507 22913
2017 1021 000B 0000 0000 0003 -56.5 2.15371 22932
2017 1021 000B 0000 0000 0001 -57.0 0.31293 22959
2017 1021 000B 0000 0000 0006 -51.0 2.25802 22978
2017 1021 000B 0000 0000 0005 -53.5 0.98175 23285
2017 1021 000B 0000 0000 0006 -51.0 6.17274 23315
2017 1021 000B 0000 0000 0005 -55.0 3.92085 23359
2017 1021 000B 0000 0000 0006 -50.5 6.25251 23378
2017 1021 000B 0000 0000 0006 -48.5 0.08590 23657
2017 1021 000B 0000 0000 0005 -56.5 0.64427 23678
2017 1021 000B 0000 0000 0001 -58.5 5.36280 23697
2017 1021 000B 0000 0000 0006 -48.0 0.71790 23721
2017 1021 000B 0000 0000 0005 -56.0 0.46633 23741
2017 1021 000B 0000 0000 0006 -46.5 1.25786 24018
2017 1021 000B 0000 0000 0005 -60.0 5.95798 24031
2017 1021 000B 0000 0000 0006 -46.5 1.35604 24058
2017 1021 000B 0000 0000 0006 -45.5 1.30082 24331
2017 1021 000B 0000 0000 0006 -46.0 1.11060 24350
2017 1021 000B 0000 0000 0006 -48.0 1.29468 24622
2017 1021 000B 0000 0000 0006 -47.0 1.07379 24644
2017 1021 000B 0000 0000 0006 -48.0 4.70625 24927
2017 1021 000B 0000 0000 0006 -46.5 1.58920 24955
2017 1021 000B 0000 0000 0006 -48.0 4.66330 25246
2017 1021 000B 0000 0000 0006 -48.5 4.70012 25284
2017 1021 000B 0000 0000 0006 -48.5 4.60808 25575
2017 1021 000B 0000 0000 0006 -47.0 1.42967 25599
2017 1021 000B 0000 0000 0006 -47.5 1.27014 25872
