2017 1021 000B 0000 0000 0005 -58.5 0.15340 0
2017 1021 000B 0000 0000 0005 -59.5 0.83449 320
2017 1021 000B 0000 0000 0005 -59.0 1.01243 628
2017 1021 000B 0000 0000 0005 -57.5 0.73017 663
2017 1021 000B 0000 0000 0005 -58.5 1.60148 953
2017 1021 000B 0000 0000 0005 -58.0 1.60761 1008
2017 1021 000B 0000 0000 0005 -58.0 2.23961 1616
2017 1021 000B 0000 0000 0005 -57.5 2.46051 1670
2017 1021 000B 0000 0000 0004 -55.0 0.21476 1960
2017 1021 000B 0000 0000 0005 -57.0 6.16660 1981
2017 1021 000B 0000 0000 0004 -56.0 0.08590 2011
2017 1021 000B 0000 0000 0005 -56.5 2.95751 2031
2017 1021 000B 0000 0000 0004 -55.0 0.50315 2319
2017 1021 000B 0000 0000 0005 -57.5 3.58338 2339
2017 1021 000B 0000 0000 0004 -54.0 0.80994 2374
2017 1021 000B 0000 0000 0005 -57.0 0.42338 2393
2017 1021 000B 0000 0000 0004 -52.5 1.19651 2683
2017 1021 000B 0000 0000 0004 -53.0 1.24559 2759
2017 1021 000B 0000 0000 0005 -56.5 4.75534 3071
2017 1021 000B 0000 0000 0004 -52.0 1.76101 3115
2017 1021 000B 0000 0000 0005 -56.5 4.79216 3134
2017 1021 000B 0000 0000 0004 -51.5 5.35052 3418
2017 1021 000B 0000 0000 0005 -57.0 5.47938 3437
2017 1021 000B 0000 0000 0005 -57.5 5.44870 3469
2017 1021 000B 0000 0000 0004 -51.5 2.49118 3488
2017 1021 000B 0000 0000 0004 -50.5 2.76730 3778
2017 1021 000B 0000 0000 0005 -57.0 6.11138 3851
2017 1021 000B 0000 0000 0004 -51.5 5.96412 3870
2017 1021 000B 0000 0000 0004 -52.0 2.96365 3908
2017 1021 000B 0000 0000 0005 -54.0 0.46019 3957
2017 1021 000B 0000 0000 0004 -50.0 3.40544 4269
2017 1021 000B 0000 0000 0005 -54.5 3.90245 4298
2017 1021 000B 0000 0000 0004 -48.0 3.65087 4330
2017 1021 000B 0000 0000 0005 -55.5 4.03744 4348
2017 1021 000B 0000 0000 0004 -51.5 3.97608 4643
2017 1021 000B 0000 0000 0005 -56.0 1.49717 4664
2017 1021 000B 0000 0000 0004 -51.0 4.14788 4714
2017 1021 000B 0000 0000 0005 -54.5 1.82237 4747
2017 1021 000B 0000 0000 0004 -51.0 4.71852 5031
2017 1021 000B 0000 0000 0005 -53.5 5.65119 5054
2017 1021 000B 0000 0000 0005 -56.0 2.27643 5092
2017 1021 000B 0000 0000 0004 -52.0 4.83511 5113
2017 1021 000B 0000 0000 0004 -51.5 5.53460 5402
2017 1021 000B 0000 0000 0005 -54.0 0.09204 5431
2017 1021 000B 0000 0000 0003 -56.0 0.41724 5462
2017 1021 000B 0000 0000 0005 -55.0 6.25251 5502
2017 1021 000B 0000 0000 0004 -52.5 5.71868 5532
2017 1021 000B 0000 0000 0004 -53.0 0.20249 5829
2017 1021 000B 0000 0000 0005 -56.0 0.84676 5850
2017 1021 000B 0000 0000 0003 -54.5 4.40559 5868
2017 1021 000B 0000 0000 0004 -48.5 0.17794 5890
2017 1021 000B 0000 0000 0005 -55.5 0.93266 5902
2017 1021 000B 0000 0000 0003 -52.5 5.14804 6198
2017 1021 000B 0000 0000 0004 -53.0 1.20264 6263
2017 1021 000B 0000 0000 0004 -52.5 1.31922 6312
2017 1021 000B 0000 0000 0003 -53.5 5.51619 6333
2017 1021 000B 0000 0000 0003 -51.0 5.92730 6612
2017 1021 000B 0000 0000 0005 -53.0 0.07363 6630
2017 1021 000B 0000 0000 0004 -50.5 2.39915 6663
2017 1021 000B 0000 0000 0003 -47.0 5.95798 6702
2017 1021 000B 0000 0000 0004 -52.5 5.81072 6721
2017 1021 000B 0000 0000 0005 -53.5 0.30680 6741
2017 1021 000B 0000 0000 0003 -48.5 0.04909 7022
2017 1021 000B 0000 0000 0004 -49.0 3.11705 7026
2017 1021 000B 0000 0000 0003 -50.0 0.50928 7063
2017 1021 000B 0000 0000 0005 -51.5 1.03697 7084
2017 1021 000B 0000 0000 0003 -46.5 0.73017 7364
2017 1021 000B 0000 0000 0004 -50.5 1.20264 7384
2017 1021 000B 0000 0000 0005 -50.0 4.96396 7404
2017 1021 000B 0000 0000 0003 -47.0 1.00629 7432
2017 1021 000B 0000 0000 0004 -50.5 4.45468 7443
2017 1021 000B 0000 0000 0005 -50.0 5.19713 7463
2017 1021 000B 0000 0000 0005 -48.5 5.72482 7754
2017 1021 000B 0000 0000 0003 -46.5 1.42967 7787
2017 1021 000B 0000 0000 0004 -48.0 5.32598 7817
2017 1021 000B 0000 0000 0003 -44.5 1.69351 7848
2017 1021 000B 0000 0000 0005 -48.0 6.01320 7865
2017 1021 000B 0000 0000 0003 -45.0 2.09235 8154
2017 1021 000B 0000 0000 0004 -45.5 6.03775 8159
2017 1021 000B 0000 0000 0005 -45.5 6.17274 8169
2017 1021 000B 0000 0000 0005 -44.5 5.82913 8191
2017 1021 000B 0000 0000 0004 -48.0 6.17887 8198
2017 1021 000B 0000 0000 0003 -43.0 2.04940 8203
2017 1021 000B 0000 0000 0003 -43.0 2.31324 8476
2017 1021 000B 0000 0000 0005 -44.5 0.20249 8481
2017 1021 000B 0000 0000 0004 -45.0 0.11045 8485
2017 1021 000B 0000 0000 0005 -44.5 6.27705 8511
2017 1021 000B 0000 0000 0004 -46.0 0.80994 8516
2017 1021 000B 0000 0000 0003 -42.5 2.39915 8521
2017 1021 000B 0000 0000 0003 -41.5 2.71208 8795
2017 1021 000B 0000 0000 0004 -44.0 0.86517 8799
2017 1021 000B 0000 0000 0005 -44.0 0.30066 8804
2017 1021 000B 0000 0000 0003 -42.0 2.78571 8831
2017 1021 000B 0000 0000 0004 -45.0 1.03697 8842
2017 1021 000B 0000 0000 0005 -44.5 0.31907 8862
2017 1021 000B 0000 0000 0003 -42.0 3.05569 9154
2017 1021 000B 0000 0000 0005 -42.0 0.09204 9159
2017 1021 000B 0000 0000 0004 -41.0 1.57693 9164
2017 1021 000B 0000 0000 0003 -42.0 3.16000 9190
2017 1021 000B 0000 0000 0004 -43.5 1.55852 9195
2017 1021 000B 0000 0000 0005 -42.5 0.34361 9200
2017 1021 000B 0000 0000 0004 -41.0 1.87759 9475
2017 1021 000B 0000 0000 0003 -40.0 3.31340 9480
2017 1021 000B 0000 0000 0005 -42.0 0.26384 9485
2017 1021 000B 0000 0000 0002 -52.0 0.42338 9518
2017 1021 000B 0000 0000 0005 -41.0 0.45406 9551
2017 1021 000B 0000 0000 0003 -40.0 3.23363 9556
2017 1021 000B 0000 0000 0004 -41.0 2.09235 9560
2017 1021 000B 0000 0000 0002 -51.5 0.80381 9578
2017 1021 000B 0000 0000 0003 -39.0 3.63860 9870
2017 1021 000B 0000 0000 0004 -41.0 2.35006 9876
2017 1021 000B 0000 0000 0005 -41.5 0.36202 9881
2017 1021 000B 0000 0000 0002 -51.5 1.31309 9898
2017 1021 000B 0000 0000 0003 -39.0 3.62019 9934
2017 1021 000B 0000 0000 0004 -40.5 2.45437 9939
2017 1021 000B 0000 0000 0005 -42.5 0.56450 9944
2017 1021 000B 0000 0000 0002 -53.5 4.60808 9958
2017 1021 000B 0000 0000 0005 -41.0 0.26998 10235
2017 1021 000B 0000 0000 0003 -39.0 3.77973 10240
2017 1021 000B 0000 0000 0004 -38.5 2.78571 10245
2017 1021 000B 0000 0000 0002 -51.0 5.43029 10265
2017 1021 000B 0000 0000 0003 -38.0 3.74905 10296
2017 1021 000B 0000 0000 0004 -38.5 2.89616 10302
2017 1021 000B 0000 0000 0005 -42.0 0.23317 10307
2017 1021 000B 0000 0000 0002 -52.0 5.63278 10316
2017 1021 000B 0000 0000 0005 -44.0 0.67495 10599
2017 1021 000B 0000 0000 0004 -38.0 3.09251 10604
2017 1021 000B 0000 0000 0003 -38.0 4.12948 10608
2017 1021 000B 0000 0000 0002 -51.5 0.29452 10624
2017 1021 000B 0000 0000 0005 -43.0 0.07977 10652
2017 1021 000B 0000 0000 0004 -38.0 3.25204 10656
2017 1021 000B 0000 0000 0003 -38.0 4.07425 10662
2017 1021 000B 0000 0000 0002 -46.0 3.53429 10667
2017 1021 000B 0000 0000 0004 -36.5 3.43612 10939
2017 1021 000B 0000 0000 0003 -37.5 4.09880 10944
2017 1021 000B 0000 0000 0005 -42.5 6.21569 10949
2017 1021 000B 0000 0000 0002 -47.5 4.47309 10954
2017 1021 000B 0000 0000 0003 -37.5 4.13561 10973
2017 1021 000B 0000 0000 0004 -36.5 3.46680 10978
2017 1021 000B 0000 0000 0005 -44.5 6.24023 10996
2017 1021 000B 0000 0000 0002 -48.0 4.30128 11025
2017 1021 000B 0000 0000 0003 -37.0 4.29515 11313
2017 1021 000B 0000 0000 0004 -36.0 3.59565 11318
2017 1021 000B 0000 0000 0002 -44.0 4.70625 11322
2017 1021 000B 0000 0000 0005 -45.5 2.81639 11333
2017 1021 000B 0000 0000 0002 -44.0 4.90874 11361
2017 1021 000B 0000 0000 0004 -35.5 3.68769 11366
2017 1021 000B 0000 0000 0003 -37.0 4.17243 11371
2017 1021 000B 0000 0000 0005 -45.5 5.97639 11381
2017 1021 000B 0000 0000 0004 -35.0 3.99449 11663
2017 1021 000B 0000 0000 0003 -38.0 4.00676 11668
2017 1021 000B 0000 0000 0002 -44.0 5.16645 11684
2017 1021 000B 0000 0000 0005 -46.5 5.60210 11715
2017 1021 000B 0000 0000 0004 -34.5 4.09880 12036
2017 1021 000B 0000 0000 0005 -45.5 5.23394 12041
2017 1021 000B 0000 0000 0003 -38.5 3.93926 12046
2017 1021 000B 0000 0000 0002 -41.5 2.23348 12057
2017 1021 000B 0000 0000 0004 -34.5 4.06198 12091
2017 1021 000B 0000 0000 0003 -39.0 3.95153 12096
2017 1021 000B 0000 0000 0002 -40.0 5.49165 12101
2017 1021 000B 0000 0000 0005 -48.0 2.00031 12113
2017 1021 000B 0000 0000 0004 -34.5 4.25833 12393
2017 1021 000B 0000 0000 0003 -39.5 3.73678 12398
2017 1021 000B 0000 0000 0002 -39.0 5.51006 12403
2017 1021 000B 0000 0000 0005 -48.5 1.58920 12413
2017 1021 000B 0000 0000 0001 -57.5 4.81056 12435
2017 1021 000B 0000 0000 0004 -34.0 3.93313 12460
2017 1021 000B 0000 0000 0002 -38.5 5.49779 12465
2017 1021 000B 0000 0000 0003 -40.0 3.77359 12470
2017 1021 000B 0000 0000 0005 -48.5 4.49150 12484
2017 1021 000B 0000 0000 0002 -37.5 5.60210 12776
2017 1021 000B 0000 0000 0004 -35.5 4.17243 12780
2017 1021 000B 0000 0000 0003 -41.0 3.43612 12788
2017 1021 000B 0000 0000 0005 -50.5 0.76085 12800
2017 1021 000B 0000 0000 0004 -35.5 4.14175 12828
2017 1021 000B 0000 0000 0002 -37.0 5.60823 12833
2017 1021 000B 0000 0000 0003 -40.5 3.06183 12838
2017 1021 000B 0000 0000 0005 -51.5 0.71790 12850
2017 1021 000B 0000 0000 0004 -37.0 4.01903 13130
2017 1021 000B 0000 0000 0002 -36.0 5.70027 13135
2017 1021 000B 0000 0000 0003 -41.0 2.92070 13140
2017 1021 000B 0000 0000 0005 -52.5 0.09817 13152
2017 1021 000B 0000 0000 0003 -40.0 2.80412 13185
2017 1021 000B 0000 0000 0002 -36.5 5.76777 13203
2017 1021 000B 0000 0000 0004 -38.0 0.88357 13232
2017 1021 000B 0000 0000 0005 -52.0 6.20342 13288
2017 1021 000B 0000 0000 0003 -43.0 2.42369 13569
2017 1021 000B 0000 0000 0002 -35.5 5.80458 13574
2017 1021 000B 0000 0000 0004 -39.0 3.87790 13579
2017 1021 000B 0000 0000 0005 -53.0 5.45484 13603
2017 1021 000B 0000 0000 0002 -35.0 5.73709 13627
2017 1021 000B 0000 0000 0003 -44.0 2.38687 13632
2017 1021 000B 0000 0000 0004 -39.5 3.70610 13637
2017 1021 000B 0000 0000 0002 -35.5 5.73095 13943
2017 1021 000B 0000 0000 0004 -40.5 3.71837 13948
2017 1021 000B 0000 0000 0005 -56.0 4.33810 13959
2017 1021 000B 0000 0000 0003 -45.0 1.82237 13979
2017 1021 000B 0000 0000 0002 -35.0 5.82913 14005
2017 1021 000B 0000 0000 0004 -41.0 3.59565 14010
2017 1021 000B 0000 0000 0003 -43.5 1.84078 14015
2017 1021 000B 0000 0000 0002 -36.0 5.68186 14315
2017 1021 000B 0000 0000 0004 -43.0 3.16614 14321
2017 1021 000B 0000 0000 0003 -44.0 1.53398 14326
2017 1021 000B 0000 0000 0003 -43.0 1.33150 14383
2017 1021 000B 0000 0000 0002 -37.0 5.66959 14389
2017 1021 000B 0000 0000 0004 -43.0 3.03115 14394
2017 1021 000B 0000 0000 0003 -45.0 0.74858 14668
2017 1021 000B 0000 0000 0002 -37.0 5.65119 14673
2017 1021 000B 0000 0000 0004 -43.5 2.66913 14678
2017 1021 000B 0000 0000 0002 -37.0 5.51006 14737
2017 1021 000B 0000 0000 0003 -46.0 0.78540 14744
2017 1021 000B 0000 0000 0004 -45.0 5.82913 14759
2017 1021 000B 0000 0000 0002 -38.5 5.38120 15051
2017 1021 000B 0000 0000 0003 -45.0 6.24637 15057
2017 1021 000B 0000 0000 0004 -46.0 2.08008 15070
2017 1021 000B 0000 0000 0001 -52.0 4.43014 15103
2017 1021 000B 0000 0000 0004 -44.0 2.06781 15126
2017 1021 000B 0000 0000 0002 -37.5 5.35052 15131
2017 1021 000B 0000 0000 0003 -48.5 0.02454 15146
2017 1021 000B 0000 0000 0002 -38.5 5.20940 15423
2017 1021 000B 0000 0000 0004 -45.5 1.39285 15435
2017 1021 000B 0000 0000 0003 -49.0 5.82299 15447
2017 1021 000B 0000 0000 0001 -50.0 4.87806 15467
2017 1021 000B 0000 0000 0005 -58.0 1.07379 15485
2017 1021 000B 0000 0000 0002 -39.5 5.12350 15506
2017 1021 000B 0000 0000 0004 -43.5 2.51573 15517
2017 1021 000B 0000 0000 0002 -40.5 4.89033 15837
2017 1021 000B 0000 0000 0004 -49.0 0.74245 15853
2017 1021 000B 0000 0000 0001 -47.5 5.24008 15872
2017 1021 000B 0000 0000 0003 -50.0 5.01919 15891
2017 1021 000B 0000 0000 0002 -43.5 4.87806 15914
2017 1021 000B 0000 0000 0004 -47.0 0.55837 15932
2017 1021 000B 0000 0000 0001 -46.0 5.22781 15937
2017 1021 000B 0000 0000 0004 -48.0 5.87208 16212
2017 1021 000B 0000 0000 0002 -43.0 4.63876 16218
2017 1021 000B 0000 0000 0003 -48.5 4.14788 16223
2017 1021 000B 0000 0000 0001 -46.0 5.41188 16244
2017 1021 000B 0000 0000 0001 -46.0 5.29530 16276
2017 1021 000B 0000 0000 0002 -43.0 4.31355 16281
2017 1021 000B 0000 0000 0004 -50.0 5.98253 16294
2017 1021 000B 0000 0000 0003 -50.5 4.14788 16315
2017 1021 000B 0000 0000 0002 -45.0 3.74291 16594
2017 1021 000B 0000 0000 0001 -45.0 5.58983 16599
2017 1021 000B 0000 0000 0004 -50.0 5.24621 16615
2017 1021 000B 0000 0000 0003 -52.0 0.55837 16635
2017 1021 000B 0000 0000 0002 -45.0 4.03130 16662
2017 1021 000B 0000 0000 0001 -43.0 5.57142 16666
2017 1021 000B 0000 0000 0003 -52.5 0.24544 16678
2017 1021 000B 0000 0000 0004 -49.5 4.95783 16697
2017 1021 000B 0000 0000 0002 -44.5 3.16614 16978
2017 1021 000B 0000 0000 0001 -44.0 5.59596 16984
2017 1021 000B 0000 0000 0004 -49.5 4.44854 17027
2017 1021 000B 0000 0000 0003 -52.0 2.40528 17059
2017 1021 000B 0000 0000 0001 -44.0 5.29530 17088
2017 1021 000B 0000 0000 0002 -48.0 0.19635 17103
2017 1021 000B 0000 0000 0004 -51.0 1.16583 17123
2017 1021 000B 0000 0000 0001 -44.0 5.58369 17401
2017 1021 000B 0000 0000 0002 -48.5 5.79231 17413
2017 1021 000B 0000 0000 0004 -52.5 0.37429 17431
2017 1021 000B 0000 0000 0002 -49.5 5.14804 17758
2017 1021 000B 0000 0000 0001 -45.5 5.46711 17779
2017 1021 000B 0000 0000 0003 -54.0 0.74858 17797
2017 1021 000B 0000 0000 0001 -43.5 5.56528 17820
2017 1021 000B 0000 0000 0002 -50.5 1.83464 17838
2017 1021 000B 0000 0000 0001 -47.0 5.55301 18138
2017 1021 000B 0000 0000 0004 -52.0 1.90827 18157
2017 1021 000B 0000 0000 0003 -53.0 0.34361 18176
2017 1021 000B 0000 0000 0001 -47.0 5.48552 18206
2017 1021 000B 0000 0000 0004 -52.0 1.71192 18225
2017 1021 000B 0000 0000 0001 -48.5 5.35666 18512
2017 1021 000B 0000 0000 0006 -53.0 5.25849 18530
2017 1021 000B 0000 0000 0004 -52.5 1.24559 18555
2017 1021 000B 0000 0000 0001 -49.0 5.38734 18583
2017 1021 000B 0000 0000 0006 -54.0 5.08054 18603
2017 1021 000B 0000 0000 0006 -53.0 5.76777 18892
2017 1021 000B 0000 0000 0001 -50.5 5.23394 18922
2017 1021 000B 0000 0000 0003 -52.0 5.56528 18971
2017 1021 000B 0000 0000 0006 -53.0 5.82913 19006
2017 1021 000B 0000 0000 0001 -51.5 5.20326 19026
2017 1021 000B 0000 0000 0001 -54.0 4.93328 19378
2017 1021 000B 0000 0000 0003 -52.5 4.92715 19399
2017 1021 000B 0000 0000 0006 -54.0 0.46019 19419
2017 1021 000B 0000 0000 0003 -52.0 4.70625 19454
2017 1021 000B 0000 0000 0006 -51.0 1.23946 19848
2017 1021 000B 0000 0000 0003 -52.5 4.03130 19927
2017 1021 000B 0000 0000 0006 -52.5 1.44808 19964
2017 1021 000B 0000 0000 0006 -52.5 2.02485 20249
2017 1021 000B 0000 0000 0003 -57.5 3.54656 20268
2017 1021 000B 0000 0000 0006 -51.0 5.38120 20316
2017 1021 000B 0000 0000 0006 -51.0 6.06843 20619
2017 1021 000B 0000 0000 0006 -51.0 0.03068 20661
2017 1021 000B 0000 0000 0006 -51.0 3.72451 20960
2017 1021 000B 0000 0000 0004 -58.0 2.25188 20980
2017 1021 000B 0000 0000 0006 -47.5 1.65670 21332
2017 1021 000B 0000 0000 0006 -49.0 1.33150 21353
2017 1021 000B 0000 0000 0006 -48.0 1.85918 21625
2017 1021 000B 0000 0000 0006 -46.5 1.47262 21644
2017 1021 000B 0000 0000 0006 -49.5 2.13530 21920
2017 1021 000B 0000 0000 0006 -48.0 5.59596 22222
2017 1021 000B 0000 0000 0006 -47.5 5.66959 22264
2017 1021 000B 0000 0000 0006 -46.5 2.67526 22553
2017 1021 000B 0000 0000 0006 -47.5 2.82252 22573
2017 1021 000B 0000 0000 0006 -46.0 2.89616 22845
2017 1021 000B 0000 0000 0006 -45.5 2.89002 22869
2017 1021 000B 0000 0000 0006 -47.5 2.90229 23142
2017 1021 000B 0000 0000 0006 -46.5 3.01887 23164
2017 1021 000B 0000 0000 0006 -46.5 2.71208 23437
2017 1021 000B 0000 0000 0006 -46.0 2.86548 23459
2017 1021 000B 0000 0000 0006 -48.0 2.90843 23733
2017 1021 000B 0000 0000 0006 -48.0 5.94571 23773
2017 1021 000B 0000 0000 0006 -49.5 5.65119 24066
2017 1021 000B 0000 0000 0006 -49.5 5.55915 24101
