2017 1021 000B 0000 0000 0005 -58.5 0.68722 0
2017 1021 000B 0000 0000 0005 -58.0 0.77313 80
2017 1021 000B 0000 0000 0005 -57.5 1.90214 753
2017 1021 000B 0000 0000 0005 -57.0 0.32520 1695
2017 1021 000B 0000 0000 0004 -54.0 0.24544 1715
2017 1021 000B 0000 0000 0004 -54.0 0.13499 1753
2017 1021 000B 0000 0000 0004 -54.5 0.82835 2052
2017 1021 000B 0000 0000 0005 -57.0 0.65654 2071
2017 1021 000B 0000 0000 0004 -53.0 1.05538 2111
2017 1021 000B 0000 0000 0005 -55.5 1.09219 2145
2017 1021 000B 0000 0000 0004 -51.5 1.47262 2442
2017 1021 000B 0000 0000 0004 -51.0 1.33763 2530
2017 1021 000B 0000 0000 0004 -51.0 1.90827 2835
2017 1021 000B 0000 0000 0004 -51.5 2.14757 2962
2017 1021 000B 0000 0000 0004 -52.5 5.70027 3297
2017 1021 000B 0000 0000 0004 -50.0 0.14113 3589
2017 1021 000B 0000 0000 0005 -55.5 0.23317 3621
2017 1021 000B 0000 0000 0004 -50.5 0.14726 3666
2017 1021 000B 0000 0000 0005 -55.0 0.22703 3700
2017 1021 000B 0000 0000 0004 -52.0 3.83495 3994
2017 1021 000B 0000 0000 0005 -56.0 0.80381 4006
2017 1021 000B 0000 0000 0004 -51.5 0.54610 4041
2017 1021 000B 0000 0000 0005 -56.0 1.15969 4060
2017 1021 000B 0000 0000 0004 -51.0 4.30128 4349
2017 1021 000B 0000 0000 0004 -51.5 4.38105 4422
2017 1021 000B 0000 0000 0004 -51.5 4.94555 4725
2017 1021 000B 0000 0000 0005 -55.0 5.62664 4803
2017 1021 000B 0000 0000 0004 -52.0 5.21553 4839
2017 1021 000B 0000 0000 0003 -54.0 0.00614 5133
2017 1021 000B 0000 0000 0004 -52.0 5.92730 5165
2017 1021 000B 0000 0000 0005 -54.0 0.14113 5195
2017 1021 000B 0000 0000 0004 -52.0 6.01934 5230
2017 1021 000B 0000 0000 0003 -55.0 0.55223 5251
2017 1021 000B 0000 0000 0004 -49.0 0.61973 5532
2017 1021 000B 0000 0000 0003 -53.0 4.31355 5560
2017 1021 000B 0000 0000 0005 -54.0 1.25173 5593
2017 1021 000B 0000 0000 0004 -51.5 0.89584 5645
2017 1021 000B 0000 0000 0003 -52.5 4.54058 5677
2017 1021 000B 0000 0000 0005 -54.5 4.51604 5706
2017 1021 000B 0000 0000 0005 -53.0 5.39348 6009
2017 1021 000B 0000 0000 0003 -51.0 5.33825 6052
2017 1021 000B 0000 0000 0004 -50.0 1.88373 6082
2017 1021 000B 0000 0000 0003 -51.5 5.44870 6123
2017 1021 000B 0000 0000 0005 -53.0 5.70027 6142
2017 1021 000B 0000 0000 0003 -50.0 6.09297 6418
2017 1021 000B 0000 0000 0004 -50.5 6.00093 6442
2017 1021 000B 0000 0000 0004 -49.5 2.81639 6480
2017 1021 000B 0000 0000 0003 -50.5 6.01320 6494
2017 1021 000B 0000 0000 0005 -53.0 0.38656 6514
2017 1021 000B 0000 0000 0003 -46.0 0.44179 6797
2017 1021 000B 0000 0000 0005 -51.5 4.20311 6811
2017 1021 000B 0000 0000 0004 -51.0 0.61359 6829
2017 1021 000B 0000 0000 0003 -49.0 0.33748 6868
2017 1021 000B 0000 0000 0005 -50.5 1.34990 6887
2017 1021 000B 0000 0000 0004 -47.5 4.27674 7167
2017 1021 000B 0000 0000 0003 -45.5 0.88357 7172
2017 1021 000B 0000 0000 0005 -49.5 5.01919 7184
2017 1021 000B 0000 0000 0004 -48.5 4.54672 7223
2017 1021 000B 0000 0000 0003 -47.0 0.97561 7252
2017 1021 000B 0000 0000 0005 -49.0 5.17872 7281
2017 1021 000B 0000 0000 0003 -43.5 1.27627 7563
2017 1021 000B 0000 0000 0004 -47.5 5.39961 7589
2017 1021 000B 0000 0000 0005 -47.5 5.57755 7619
2017 1021 000B 0000 0000 0003 -43.0 1.34377 7651
2017 1021 000B 0000 0000 0005 -47.5 5.61437 7671
2017 1021 000B 0000 0000 0004 -48.5 5.59596 7690
2017 1021 000B 0000 0000 0003 -43.5 1.76715 7967
2017 1021 000B 0000 0000 0005 -44.0 5.89049 7972
2017 1021 000B 0000 0000 0004 -46.0 0.31907 7993
2017 1021 000B 0000 0000 0005 -46.0 6.14206 7998
2017 1021 000B 0000 0000 0003 -42.5 1.88986 8003
2017 1021 000B 0000 0000 0003 -42.0 2.10462 8278
2017 1021 000B 0000 0000 0005 -44.0 5.90889 8282
2017 1021 000B 0000 0000 0004 -45.5 0.36202 8297
2017 1021 000B 0000 0000 0004 -44.0 0.55223 8336
2017 1021 000B 0000 0000 0003 -43.0 2.28870 8341
2017 1021 000B 0000 0000 0005 -44.5 6.10524 8631
2017 1021 000B 0000 0000 0004 -44.5 0.95107 8662
2017 1021 000B 0000 0000 0003 -42.0 2.47891 8691
2017 1021 000B 0000 0000 0005 -44.0 6.25864 8719
2017 1021 000B 0000 0000 0004 -44.5 1.15969 8724
2017 1021 000B 0000 0000 0004 -43.0 1.30695 8999
2017 1021 000B 0000 0000 0003 -41.5 5.88435 9014
2017 1021 000B 0000 0000 0005 -44.0 6.22183 9045
2017 1021 000B 0000 0000 0004 -41.0 1.57080 9103
2017 1021 000B 0000 0000 0005 -42.5 6.19115 9108
2017 1021 000B 0000 0000 0003 -40.0 2.76730 9113
2017 1021 000B 0000 0000 0005 -43.0 5.96412 9385
2017 1021 000B 0000 0000 0003 -40.5 3.03728 9390
2017 1021 000B 0000 0000 0004 -40.0 1.68124 9394
2017 1021 000B 0000 0000 0002 -54.0 3.65701 9408
2017 1021 000B 0000 0000 0003 -40.0 2.87775 9433
2017 1021 000B 0000 0000 0005 -42.5 0.19021 9441
2017 1021 000B 0000 0000 0004 -40.5 1.89600 9446
2017 1021 000B 0000 0000 0002 -53.0 4.09266 9459
2017 1021 000B 0000 0000 0005 -44.0 6.27705 9738
2017 1021 000B 0000 0000 0003 -39.5 3.31340 9744
2017 1021 000B 0000 0000 0004 -40.0 2.08621 9748
2017 1021 000B 0000 0000 0002 -52.5 4.65717 9761
2017 1021 000B 0000 0000 0005 -40.5 6.03775 9786
2017 1021 000B 0000 0000 0003 -39.5 3.25818 9791
2017 1021 000B 0000 0000 0004 -39.0 2.12917 9796
2017 1021 000B 0000 0000 0002 -53.0 4.76148 9806
2017 1021 000B 0000 0000 0004 -39.5 2.39301 10087
2017 1021 000B 0000 0000 0003 -39.5 3.37476 10094
2017 1021 000B 0000 0000 0005 -42.0 5.87208 10099
2017 1021 000B 0000 0000 0002 -52.0 5.65119 10109
2017 1021 000B 0000 0000 0004 -40.0 2.38687 10138
2017 1021 000B 0000 0000 0005 -43.5 5.83526 10142
2017 1021 000B 0000 0000 0003 -39.0 3.31953 10147
2017 1021 000B 0000 0000 0002 -51.0 5.91503 10161
2017 1021 000B 0000 0000 0004 -37.5 2.54027 10457
2017 1021 000B 0000 0000 0003 -38.5 3.44225 10463
2017 1021 000B 0000 0000 0005 -44.5 5.73095 10481
2017 1021 000B 0000 0000 0004 -37.0 2.90843 10518
2017 1021 000B 0000 0000 0003 -38.5 3.63247 10523
2017 1021 000B 0000 0000 0005 -45.0 2.50959 10536
2017 1021 000B 0000 0000 0002 -49.5 0.44792 10555
2017 1021 000B 0000 0000 0002 -44.5 3.98221 10840
2017 1021 000B 0000 0000 0004 -37.5 2.90843 10845
2017 1021 000B 0000 0000 0003 -38.5 3.55884 10850
2017 1021 000B 0000 0000 0005 -45.5 2.28256 10864
2017 1021 000B 0000 0000 0003 -38.5 3.42998 10894
2017 1021 000B 0000 0000 0004 -37.5 2.93911 10899
2017 1021 000B 0000 0000 0002 -46.5 0.98175 10920
2017 1021 000B 0000 0000 0005 -45.5 2.24575 10950
2017 1021 000B 0000 0000 0005 -46.5 1.90827 11242
2017 1021 000B 0000 0000 0002 -44.0 1.31309 11261
2017 1021 000B 0000 0000 0004 -37.5 6.26478 11279
2017 1021 000B 0000 0000 0005 -44.0 5.09895 11301
2017 1021 000B 0000 0000 0002 -43.0 4.52218 11305
2017 1021 000B 0000 0000 0003 -40.0 3.59565 11577
2017 1021 000B 0000 0000 0004 -36.5 3.21522 11582
2017 1021 000B 0000 0000 0002 -42.0 4.57740 11598
2017 1021 000B 0000 0000 0005 -47.0 4.58967 11628
2017 1021 000B 0000 0000 0002 -42.5 4.66944 11664
2017 1021 000B 0000 0000 0004 -36.5 3.24590 11669
2017 1021 000B 0000 0000 0003 -39.0 2.96365 11674
2017 1021 000B 0000 0000 0005 -48.0 1.34377 11690
2017 1021 000B 0000 0000 0002 -39.0 4.79216 11966
2017 1021 000B 0000 0000 0002 -39.5 4.86579 11987
2017 1021 000B 0000 0000 0004 -37.0 3.25204 11993
2017 1021 000B 0000 0000 0003 -40.0 2.76730 11998
2017 1021 000B 0000 0000 0005 -49.0 0.98788 12012
2017 1021 000B 0000 0000 0003 -40.0 3.02501 12036
2017 1021 000B 0000 0000 0002 -40.0 4.80443 12040
2017 1021 000B 0000 0000 0004 -37.0 3.31953 12045
2017 1021 000B 0000 0000 0005 -49.5 0.93266 12057
2017 1021 000B 0000 0000 0002 -39.0 4.92715 12337
2017 1021 000B 0000 0000 0004 -37.0 3.30113 12342
2017 1021 000B 0000 0000 0003 -41.0 2.90843 12347
2017 1021 000B 0000 0000 0005 -51.0 0.27612 12359
2017 1021 000B 0000 0000 0002 -37.0 4.90260 12386
2017 1021 000B 0000 0000 0004 -37.5 3.08023 12391
2017 1021 000B 0000 0000 0003 -41.5 2.74276 12397
2017 1021 000B 0000 0000 0005 -50.5 0.11658 12410
2017 1021 000B 0000 0000 0002 -37.5 5.03146 12692
2017 1021 000B 0000 0000 0004 -38.5 3.30726 12697
2017 1021 000B 0000 0000 0003 -43.0 2.16598 12708
2017 1021 000B 0000 0000 0005 -53.0 5.67573 12726
2017 1021 000B 0000 0000 0004 -38.5 3.21522 12753
2017 1021 000B 0000 0000 0002 -38.0 4.84124 12758
2017 1021 000B 0000 0000 0003 -42.5 2.00031 12763
2017 1021 000B 0000 0000 0005 -53.0 5.57142 12776
2017 1021 000B 0000 0000 0004 -39.5 3.01887 13055
2017 1021 000B 0000 0000 0003 -40.5 1.63829 13060
2017 1021 000B 0000 0000 0002 -36.0 5.03146 13065
2017 1021 000B 0000 0000 0005 -53.0 5.05600 13076
2017 1021 000B 0000 0000 0003 -43.5 1.71192 13104
2017 1021 000B 0000 0000 0002 -37.0 4.97623 13109
2017 1021 000B 0000 0000 0004 -40.0 3.05569 13114
2017 1021 000B 0000 0000 0005 -53.0 4.71239 13145
2017 1021 000B 0000 0000 0003 -44.0 0.64427 13422
2017 1021 000B 0000 0000 0002 -37.0 4.98237 13426
2017 1021 000B 0000 0000 0004 -41.0 2.84093 13431
2017 1021 000B 0000 0000 0005 -55.5 4.21538 13446
2017 1021 000B 0000 0000 0004 -39.5 2.84707 13471
2017 1021 000B 0000 0000 0002 -37.0 4.83511 13476
2017 1021 000B 0000 0000 0003 -43.5 1.24559 13481
2017 1021 000B 0000 0000 0002 -38.0 4.88419 13799
2017 1021 000B 0000 0000 0004 -41.0 2.51573 13810
2017 1021 000B 0000 0000 0003 -44.5 0.35588 13815
2017 1021 000B 0000 0000 0005 -55.5 0.22703 13829
2017 1021 000B 0000 0000 0004 -43.5 1.90827 14162
2017 1021 000B 0000 0000 0002 -38.0 4.78602 14166
2017 1021 000B 0000 0000 0003 -46.5 0.12885 14177
2017 1021 000B 0000 0000 0005 -57.5 2.41755 14225
2017 1021 000B 0000 0000 0002 -38.0 4.70625 14267
2017 1021 000B 0000 0000 0003 -44.5 6.19728 14272
2017 1021 000B 0000 0000 0004 -41.5 1.74260 14276
2017 1021 000B 0000 0000 0002 -39.5 4.65103 14554
2017 1021 000B 0000 0000 0004 -44.5 1.57080 14562
2017 1021 000B 0000 0000 0003 -46.5 5.31371 14568
2017 1021 000B 0000 0000 0001 -53.0 0.15340 14599
2017 1021 000B 0000 0000 0004 -44.5 1.44808 14623
2017 1021 000B 0000 0000 0002 -39.5 4.66330 14627
2017 1021 000B 0000 0000 0003 -45.0 5.48552 14632
2017 1021 000B 0000 0000 0001 -54.0 0.22703 14643
2017 1021 000B 0000 0000 0002 -39.5 4.36878 14925
2017 1021 000B 0000 0000 0003 -47.5 5.24621 14936
2017 1021 000B 0000 0000 0004 -47.0 0.77313 14957
2017 1021 000B 0000 0000 0001 -51.5 0.41111 14980
2017 1021 000B 0000 0000 0004 -45.0 0.82835 15001
2017 1021 000B 0000 0000 0002 -41.0 4.38105 15006
2017 1021 000B 0000 0000 0003 -48.0 5.14804 15021
2017 1021 000B 0000 0000 0001 -48.5 3.64474 15297
2017 1021 000B 0000 0000 0002 -42.5 4.01289 15301
2017 1021 000B 0000 0000 0003 -48.5 1.54012 15320
2017 1021 000B 0000 0000 0004 -48.0 0.11658 15341
2017 1021 000B 0000 0000 0002 -43.0 0.87130 15379
2017 1021 000B 0000 0000 0003 -49.5 1.34377 15397
2017 1021 000B 0000 0000 0001 -48.5 4.16629 15416
2017 1021 000B 0000 0000 0004 -49.5 5.67573 15696
2017 1021 000B 0000 0000 0001 -47.5 4.26447 15715
2017 1021 000B 0000 0000 0002 -44.5 0.46633 15733
2017 1021 000B 0000 0000 0001 -46.5 4.29515 15756
2017 1021 000B 0000 0000 0001 -46.0 4.43627 16066
2017 1021 000B 0000 0000 0002 -45.0 3.52816 16071
2017 1021 000B 0000 0000 0003 -50.5 0.00614 16087
2017 1021 000B 0000 0000 0004 -49.0 4.58353 16120
2017 1021 000B 0000 0000 0001 -45.5 4.39332 16157
2017 1021 000B 0000 0000 0004 -50.0 1.42967 16168
2017 1021 000B 0000 0000 0002 -46.5 6.22796 16188
2017 1021 000B 0000 0000 0003 -51.5 5.82299 16208
2017 1021 000B 0000 0000 0001 -45.5 4.58353 16483
2017 1021 000B 0000 0000 0004 -50.5 0.74858 16496
2017 1021 000B 0000 0000 0002 -47.0 5.71254 16515
2017 1021 000B 0000 0000 0003 -52.5 1.94509 16541
2017 1021 000B 0000 0000 0001 -46.5 4.58353 16569
2017 1021 000B 0000 0000 0002 -47.5 5.60210 16587
2017 1021 000B 0000 0000 0004 -52.0 0.68109 16607
2017 1021 000B 0000 0000 0004 -51.0 0.00000 16891
2017 1021 000B 0000 0000 0003 -53.5 1.00016 16910
2017 1021 000B 0000 0000 0002 -48.5 5.00691 16931
2017 1021 000B 0000 0000 0004 -51.0 6.09911 16961
2017 1021 000B 0000 0000 0003 -53.0 0.90198 16980
2017 1021 000B 0000 0000 0002 -50.0 4.48536 17265
2017 1021 000B 0000 0000 0004 -51.5 5.27689 17284
2017 1021 000B 0000 0000 0001 -47.0 4.50377 17302
2017 1021 000B 0000 0000 0002 -50.0 4.37491 17330
2017 1021 000B 0000 0000 0004 -51.0 5.16645 17349
2017 1021 000B 0000 0000 0001 -47.5 1.29468 17638
2017 1021 000B 0000 0000 0004 -52.0 1.45421 17656
2017 1021 000B 0000 0000 0001 -47.5 4.84738 17971
2017 1021 000B 0000 0000 0002 -51.0 6.19728 17995
2017 1021 000B 0000 0000 0001 -49.5 4.07425 18039
2017 1021 000B 0000 0000 0002 -52.5 6.05616 18059
2017 1021 000B 0000 0000 0003 -51.5 4.99464 18342
2017 1021 000B 0000 0000 0002 -53.5 5.34439 18362
2017 1021 000B 0000 0000 0001 -50.5 0.84676 18384
2017 1021 000B 0000 0000 0002 -53.0 5.31371 18430
2017 1021 000B 0000 0000 0003 -53.0 4.57126 18564
2017 1021 000B 0000 0000 0001 -53.5 0.55837 18852
2017 1021 000B 0000 0000 0001 -55.0 0.43565 18883
2017 1021 000B 0000 0000 0006 -52.5 0.71790 19471
2017 1021 000B 0000 0000 0003 -54.5 6.27705 19544
2017 1021 000B 0000 0000 0004 -56.0 0.01227 19859
2017 1021 000B 0000 0000 0006 -52.5 1.64443 19878
2017 1021 000B 0000 0000 0004 -56.5 0.09817 19927
2017 1021 000B 0000 0000 0006 -52.0 1.68738 19946
2017 1021 000B 0000 0000 0006 -50.5 5.50392 20250
2017 1021 000B 0000 0000 0006 -50.0 5.63278 20309
2017 1021 000B 0000 0000 0006 -52.0 2.97592 20604
2017 1021 000B 0000 0000 0006 -50.5 0.09817 20643
2017 1021 000B 0000 0000 0006 -49.5 0.49087 20951
2017 1021 000B 0000 0000 0006 -48.0 0.85903 20981
2017 1021 000B 0000 0000 0006 -48.0 0.66882 21257
2017 1021 000B 0000 0000 0006 -49.0 0.76085 21280
2017 1021 000B 0000 0000 0006 -49.0 4.26447 21560
2017 1021 000B 0000 0000 0006 -47.0 1.07992 21589
2017 1021 000B 0000 0000 0006 -49.0 4.37491 21872
2017 1021 000B 0000 0000 0006 -47.5 1.14128 21900
2017 1021 000B 0000 0000 0006 -48.5 4.60808 22182
2017 1021 000B 0000 0000 0006 -45.5 1.61375 22211
2017 1021 000B 0000 0000 0006 -49.0 1.57080 22485
2017 1021 000B 0000 0000 0006 -48.0 1.42967 22503
2017 1021 000B 0000 0000 0006 -48.5 4.57740 22788
2017 1021 000B 0000 0000 0006 -49.0 4.63876 22819
2017 1021 000B 0000 0000 0006 -49.0 4.49763 23110
2017 1021 000B 0000 0000 0006 -48.5 1.33763 23138
2017 1021 000B 0000 0000 0006 -47.5 1.04311 23413
