2017 1021 000B 0000 0000 0004 -55.5 3.28885 0
2017 1021 000B 0000 0000 0004 -54.5 3.46066 47
2017 1021 000B 0000 0000 0005 -55.5 1.39285 368
2017 1021 000B 0000 0000 0004 -55.0 3.89018 401
2017 1021 000B 0000 0000 0004 -56.0 3.93313 444
2017 1021 000B 0000 0000 0005 -56.0 4.81670 463
2017 1021 000B 0000 0000 0005 -55.0 5.29530 749
2017 1021 000B 0000 0000 0004 -56.0 4.58353 769
2017 1021 000B 0000 0000 0004 -54.5 4.59581 805
2017 1021 000B 0000 0000 0005 -54.5 5.25849 824
2017 1021 000B 0000 0000 0005 -54.5 5.68186 1106
2017 1021 000B 0000 0000 0004 -56.0 5.09895 1127
2017 1021 000B 0000 0000 0005 -52.0 6.03161 1194
2017 1021 000B 0000 0000 0004 -54.0 5.03146 1231
2017 1021 000B 0000 0000 0005 -51.5 0.32520 1808
2017 1021 000B 0000 0000 0004 -54.5 6.14819 1839
2017 1021 000B 0000 0000 0004 -55.5 0.01841 1883
2017 1021 000B 0000 0000 0005 -52.5 0.71177 1902
2017 1021 000B 0000 0000 0005 -52.0 0.91425 2184
2017 1021 000B 0000 0000 0004 -55.0 0.36202 2203
2017 1021 000B 0000 0000 0001 -59.5 6.09297 2223
2017 1021 000B 0000 0000 0005 -51.5 4.36264 2255
2017 1021 000B 0000 0000 0004 -54.0 0.62586 2288
2017 1021 000B 0000 0000 0005 -51.5 1.60148 2581
2017 1021 000B 0000 0000 0004 -56.5 1.14128 2600
2017 1021 000B 0000 0000 0001 -59.5 0.33748 2619
2017 1021 000B 0000 0000 0005 -51.5 4.97623 2666
2017 1021 000B 0000 0000 0004 -56.0 1.46035 2696
2017 1021 000B 0000 0000 0005 -53.0 2.17212 2985
2017 1021 000B 0000 0000 0004 -55.5 5.34439 3005
2017 1021 000B 0000 0000 0004 -53.5 2.30711 3058
2017 1021 000B 0000 0000 0005 -52.0 5.55915 3089
2017 1021 000B 0000 0000 0004 -49.5 3.74905 3724
2017 1021 000B 0000 0000 0005 -54.5 0.55223 3740
2017 1021 000B 0000 0000 0005 -54.0 0.61359 3793
2017 1021 000B 0000 0000 0004 -52.0 4.13561 3822
2017 1021 000B 0000 0000 0004 -50.5 1.58307 4119
2017 1021 000B 0000 0000 0005 -53.5 4.66330 4139
2017 1021 000B 0000 0000 0001 -57.5 0.84676 4158
2017 1021 000B 0000 0000 0004 -50.5 1.65670 4187
2017 1021 000B 0000 0000 0005 -54.0 4.91487 4209
2017 1021 000B 0000 0000 0001 -56.0 1.54012 4491
2017 1021 000B 0000 0000 0004 -49.0 5.31985 4512
2017 1021 000B 0000 0000 0005 -54.5 5.73709 4531
2017 1021 000B 0000 0000 0001 -56.5 1.77328 4586
2017 1021 000B 0000 0000 0004 -47.5 6.13592 4871
2017 1021 000B 0000 0000 0001 -55.5 5.77390 4887
2017 1021 000B 0000 0000 0005 -52.5 0.61973 4917
2017 1021 000B 0000 0000 0004 -46.5 6.15433 4953
2017 1021 000B 0000 0000 0005 -52.5 0.93880 4982
2017 1021 000B 0000 0000 0001 -54.5 5.74936 5017
2017 1021 000B 0000 0000 0004 -44.5 0.30680 5309
2017 1021 000B 0000 0000 0005 -51.5 4.65103 5328
2017 1021 000B 0000 0000 0001 -52.5 0.19635 5361
2017 1021 000B 0000 0000 0004 -44.5 0.28839 5393
2017 1021 000B 0000 0000 0001 -53.0 0.30680 5404
2017 1021 000B 0000 0000 0005 -52.5 1.92054 5424
2017 1021 000B 0000 0000 0004 -44.0 0.52155 5703
2017 1021 000B 0000 0000 0001 -51.0 4.10493 5726
2017 1021 000B 0000 0000 0005 -51.0 6.08684 5756
2017 1021 000B 0000 0000 0004 -45.0 0.88357 5788
2017 1021 000B 0000 0000 0001 -51.0 4.16016 5804
2017 1021 000B 0000 0000 0005 -50.5 6.16047 5835
2017 1021 000B 0000 0000 0004 -42.0 1.17196 6123
2017 1021 000B 0000 0000 0001 -50.0 4.52831 6135
2017 1021 000B 0000 0000 0005 -50.5 4.01289 6155
2017 1021 000B 0000 0000 0004 -41.0 1.32536 6181
2017 1021 000B 0000 0000 0001 -49.0 4.56513 6197
2017 1021 000B 0000 0000 0005 -50.0 0.84676 6230
2017 1021 000B 0000 0000 0004 -42.5 1.47262 6520
2017 1021 000B 0000 0000 0005 -48.0 4.75534 6535
2017 1021 000B 0000 0000 0001 -48.5 4.73080 6568
2017 1021 000B 0000 0000 0004 -41.5 1.55852 6603
2017 1021 000B 0000 0000 0001 -47.5 4.75534 6621
2017 1021 000B 0000 0000 0005 -48.0 5.03146 6651
2017 1021 000B 0000 0000 0004 -39.0 1.76715 6942
2017 1021 000B 0000 0000 0005 -46.5 5.50392 6955
2017 1021 000B 0000 0000 0001 -47.5 4.93942 6974
2017 1021 000B 0000 0000 0005 -45.0 2.25802 7000
2017 1021 000B 0000 0000 0004 -39.5 2.04940 7006
2017 1021 000B 0000 0000 0001 -47.5 4.95783 7016
2017 1021 000B 0000 0000 0005 -44.5 2.98819 7298
2017 1021 000B 0000 0000 0004 -39.0 2.09849 7302
2017 1021 000B 0000 0000 0001 -47.5 5.11122 7320
2017 1021 000B 0000 0000 0005 -45.0 2.92684 7357
2017 1021 000B 0000 0000 0004 -39.5 2.12917 7362
2017 1021 000B 0000 0000 0001 -46.5 5.05600 7378
2017 1021 000B 0000 0000 0005 -43.0 3.38703 7668
2017 1021 000B 0000 0000 0004 -39.0 2.36233 7673
2017 1021 000B 0000 0000 0001 -44.0 5.15418 7678
2017 1021 000B 0000 0000 0005 -42.5 3.87790 7700
2017 1021 000B 0000 0000 0004 -38.5 2.33779 7704
2017 1021 000B 0000 0000 0001 -47.5 5.08668 7719
2017 1021 000B 0000 0000 0004 -38.5 2.55868 7996
2017 1021 000B 0000 0000 0005 -41.5 3.53429 8001
2017 1021 000B 0000 0000 0001 -48.0 5.10509 8011
2017 1021 000B 0000 0000 0004 -36.5 2.58322 8040
2017 1021 000B 0000 0000 0005 -39.5 3.81654 8045
2017 1021 000B 0000 0000 0001 -47.0 4.93942 8066
2017 1021 000B 0000 0000 0005 -39.5 4.14175 8358
2017 1021 000B 0000 0000 0004 -37.0 2.75503 8363
2017 1021 000B 0000 0000 0001 -47.5 5.13577 8384
2017 1021 000B 0000 0000 0004 -37.5 2.69367 8416
2017 1021 000B 0000 0000 0005 -39.5 4.02517 8421
2017 1021 000B 0000 0000 0001 -48.5 5.01305 8438
2017 1021 000B 0000 0000 0005 -38.5 4.38719 8718
2017 1021 000B 0000 0000 0004 -37.5 2.86548 8723
2017 1021 000B 0000 0000 0001 -49.5 1.79169 8734
2017 1021 000B 0000 0000 0002 -55.0 0.47860 8755
2017 1021 000B 0000 0000 0004 -37.0 2.74889 8780
2017 1021 000B 0000 0000 0005 -39.0 4.39332 8786
2017 1021 000B 0000 0000 0002 -55.0 0.69336 8799
2017 1021 000B 0000 0000 0001 -50.0 1.73033 8818
2017 1021 000B 0000 0000 0005 -38.0 4.73080 9098
2017 1021 000B 0000 0000 0004 -37.0 2.80412 9103
2017 1021 000B 0000 0000 0002 -53.5 4.25219 9115
2017 1021 000B 0000 0000 0001 -52.0 1.15355 9134
2017 1021 000B 0000 0000 0004 -37.5 2.78571 9160
2017 1021 000B 0000 0000 0005 -37.5 4.70625 9166
2017 1021 000B 0000 0000 0004 -37.0 2.54027 9468
2017 1021 000B 0000 0000 0005 -36.5 4.90874 9473
2017 1021 000B 0000 0000 0002 -53.5 5.08054 9483
2017 1021 000B 0000 0000 0003 -55.0 1.22105 9503
2017 1021 000B 0000 0000 0001 -54.5 0.47860 9522
2017 1021 000B 0000 0000 0005 -37.0 4.90874 9549
2017 1021 000B 0000 0000 0003 -55.0 4.47922 9568
2017 1021 000B 0000 0000 0004 -39.0 5.76163 9588
2017 1021 000B 0000 0000 0004 -38.5 2.54641 9862
2017 1021 000B 0000 0000 0005 -36.0 4.95783 9867
2017 1021 000B 0000 0000 0002 -53.0 5.79845 9877
2017 1021 000B 0000 0000 0003 -53.0 4.96396 9898
2017 1021 000B 0000 0000 0004 -37.5 2.30097 9925
2017 1021 000B 0000 0000 0005 -36.0 4.98851 9929
2017 1021 000B 0000 0000 0003 -52.0 4.94555 9952
2017 1021 000B 0000 0000 0002 -53.5 5.94571 9971
2017 1021 000B 0000 0000 0004 -39.5 2.15984 10247
2017 1021 000B 0000 0000 0005 -35.5 5.01919 10251
2017 1021 000B 0000 0000 0003 -51.5 5.40575 10262
2017 1021 000B 0000 0000 0002 -52.5 0.28225 10282
2017 1021 000B 0000 0000 0001 -57.5 4.53445 10310
2017 1021 000B 0000 0000 0005 -35.5 5.00078 10334
2017 1021 000B 0000 0000 0004 -38.0 2.11689 10339
2017 1021 000B 0000 0000 0003 -50.5 5.52233 10350
2017 1021 000B 0000 0000 0002 -53.0 0.50315 10370
2017 1021 000B 0000 0000 0005 -35.5 4.98851 10649
2017 1021 000B 0000 0000 0004 -40.0 1.84691 10653
2017 1021 000B 0000 0000 0003 -50.0 6.09297 10676
2017 1021 000B 0000 0000 0002 -52.0 4.09880 10706
2017 1021 000B 0000 0000 0005 -35.0 4.97623 10738
2017 1021 000B 0000 0000 0004 -40.0 1.42353 10742
2017 1021 000B 0000 0000 0003 -49.5 6.00707 10755
2017 1021 000B 0000 0000 0002 -52.5 1.14742 10776
2017 1021 000B 0000 0000 0004 -39.5 1.32536 11053
2017 1021 000B 0000 0000 0005 -36.5 4.91487 11057
2017 1021 000B 0000 0000 0003 -48.0 0.82221 11064
2017 1021 000B 0000 0000 0005 -37.0 4.88419 11092
2017 1021 000B 0000 0000 0004 -40.5 1.36217 11096
2017 1021 000B 0000 0000 0003 -47.0 0.20862 11101
2017 1021 000B 0000 0000 0002 -52.0 2.11689 11116
2017 1021 000B 0000 0000 0001 -57.5 5.51619 11169
2017 1021 000B 0000 0000 0004 -40.5 1.15355 11190
2017 1021 000B 0000 0000 0005 -35.5 4.90260 11195
2017 1021 000B 0000 0000 0003 -47.5 0.30680 11209
2017 1021 000B 0000 0000 0002 -51.0 5.55915 11239
2017 1021 000B 0000 0000 0004 -42.0 0.75472 11530
2017 1021 000B 0000 0000 0005 -37.5 4.69398 11534
2017 1021 000B 0000 0000 0002 -50.5 6.17887 11547
2017 1021 000B 0000 0000 0003 -48.5 0.67495 11565
2017 1021 000B 0000 0000 0001 -57.0 4.66944 11585
2017 1021 000B 0000 0000 0004 -41.0 0.54610 11606
2017 1021 000B 0000 0000 0005 -38.0 4.47309 11611
2017 1021 000B 0000 0000 0003 -45.5 0.73017 11616
2017 1021 000B 0000 0000 0002 -50.5 0.17794 11628
2017 1021 000B 0000 0000 0003 -45.0 1.22718 11907
2017 1021 000B 0000 0000 0005 -38.5 4.44854 11912
2017 1021 000B 0000 0000 0004 -41.5 0.22089 11917
2017 1021 000B 0000 0000 0004 -41.5 0.00614 11941
2017 1021 000B 0000 0000 0005 -38.0 4.40559 11947
2017 1021 000B 0000 0000 0003 -47.0 1.19037 11968
2017 1021 000B 0000 0000 0004 -42.5 5.90889 12251
2017 1021 000B 0000 0000 0005 -39.0 4.25219 12255
2017 1021 000B 0000 0000 0003 -46.5 1.43581 12271
2017 1021 000B 0000 0000 0001 -55.0 0.46633 12290
2017 1021 000B 0000 0000 0002 -48.0 4.64489 12309
2017 1021 000B 0000 0000 0004 -44.5 5.81686 12358
2017 1021 000B 0000 0000 0005 -41.5 0.93266 12388
2017 1021 000B 0000 0000 0003 -45.5 1.54625 12417
2017 1021 000B 0000 0000 0005 -42.0 3.66315 12699
2017 1021 000B 0000 0000 0003 -43.5 1.89600 12704
2017 1021 000B 0000 0000 0004 -45.0 5.27076 12711
2017 1021 000B 0000 0000 0002 -46.5 5.31371 12727
2017 1021 000B 0000 0000 0005 -43.0 3.63860 12767
2017 1021 000B 0000 0000 0004 -42.0 5.26462 12772
2017 1021 000B 0000 0000 0003 -44.0 1.74260 12778
2017 1021 000B 0000 0000 0002 -46.5 5.38120 12792
2017 1021 000B 0000 0000 0005 -44.5 3.45452 13079
2017 1021 000B 0000 0000 0003 -43.0 2.36233 13092
2017 1021 000B 0000 0000 0002 -45.5 2.54027 13096
2017 1021 000B 0000 0000 0004 -45.5 4.73693 13101
2017 1021 000B 0000 0000 0003 -43.0 1.79169 13145
2017 1021 000B 0000 0000 0004 -46.0 4.66330 13158
2017 1021 000B 0000 0000 0002 -46.0 5.83526 13178
2017 1021 000B 0000 0000 0005 -45.0 0.00000 13196
2017 1021 000B 0000 0000 0002 -44.0 3.30113 13471
2017 1021 000B 0000 0000 0003 -41.0 2.08008 13476
2017 1021 000B 0000 0000 0005 -46.0 5.81686 13488
2017 1021 000B 0000 0000 0004 -47.0 0.93880 13516
2017 1021 000B 0000 0000 0002 -43.5 2.84093 13542
2017 1021 000B 0000 0000 0003 -43.5 2.14757 13555
2017 1021 000B 0000 0000 0004 -47.5 0.89584 13574
2017 1021 000B 0000 0000 0005 -46.5 5.68800 13593
2017 1021 000B 0000 0000 0003 -42.0 2.26416 13868
2017 1021 000B 0000 0000 0002 -41.0 2.84093 13873
2017 1021 000B 0000 0000 0004 -48.0 3.57111 13892
2017 1021 000B 0000 0000 0005 -47.0 5.16031 13922
2017 1021 000B 0000 0000 0003 -42.5 2.07394 13954
2017 1021 000B 0000 0000 0002 -43.5 3.22750 13959
2017 1021 000B 0000 0000 0004 -46.5 2.98819 13963
2017 1021 000B 0000 0000 0005 -47.5 4.99464 13975
2017 1021 000B 0000 0000 0002 -43.5 3.60792 14261
2017 1021 000B 0000 0000 0005 -48.0 4.49150 14275
2017 1021 000B 0000 0000 0003 -43.5 2.27643 14293
2017 1021 000B 0000 0000 0004 -50.0 5.82299 14312
2017 1021 000B 0000 0000 0002 -42.5 3.75518 14334
2017 1021 000B 0000 0000 0005 -49.0 4.21538 14346
2017 1021 000B 0000 0000 0003 -43.5 2.23961 14365
2017 1021 000B 0000 0000 0003 -42.0 2.35006 14645
2017 1021 000B 0000 0000 0005 -48.5 0.31907 14659
2017 1021 000B 0000 0000 0002 -43.0 0.71790 14691
2017 1021 000B 0000 0000 0004 -50.0 1.71192 14723
2017 1021 000B 0000 0000 0003 -42.5 2.22734 14751
2017 1021 000B 0000 0000 0002 -42.0 4.00676 14756
2017 1021 000B 0000 0000 0005 -50.5 0.15953 14767
2017 1021 000B 0000 0000 0002 -42.0 4.02517 15059
2017 1021 000B 0000 0000 0003 -43.0 1.98804 15065
2017 1021 000B 0000 0000 0005 -50.0 5.46711 15079
2017 1021 000B 0000 0000 0004 -51.0 0.79153 15113
2017 1021 000B 0000 0000 0003 -43.0 2.05553 15147
2017 1021 000B 0000 0000 0002 -43.0 4.12334 15151
2017 1021 000B 0000 0000 0004 -53.5 0.52769 15166
2017 1021 000B 0000 0000 0005 -50.5 2.19052 15185
2017 1021 000B 0000 0000 0003 -43.5 1.83464 15465
2017 1021 000B 0000 0000 0002 -43.0 4.14788 15470
2017 1021 000B 0000 0000 0005 -51.0 1.53398 15482
2017 1021 000B 0000 0000 0004 -52.5 6.06229 15501
2017 1021 000B 0000 0000 0002 -42.0 4.23379 15529
2017 1021 000B 0000 0000 0003 -42.0 1.83464 15534
2017 1021 000B 0000 0000 0005 -51.0 1.40513 15544
2017 1021 000B 0000 0000 0004 -52.0 5.77390 15565
2017 1021 000B 0000 0000 0002 -42.0 4.40559 15845
2017 1021 000B 0000 0000 0003 -44.5 1.50330 15851
2017 1021 000B 0000 0000 0005 -51.0 0.63200 15867
2017 1021 000B 0000 0000 0004 -50.5 4.93328 15896
2017 1021 000B 0000 0000 0002 -43.5 4.31355 15934
2017 1021 000B 0000 0000 0003 -46.5 1.42967 15945
2017 1021 000B 0000 0000 0004 -50.5 4.89033 15968
2017 1021 000B 0000 0000 0005 -52.0 0.49701 15987
2017 1021 000B 0000 0000 0002 -43.0 4.29515 16260
2017 1021 000B 0000 0000 0003 -45.0 1.26400 16270
2017 1021 000B 0000 0000 0005 -53.0 6.20342 16282
2017 1021 000B 0000 0000 0004 -50.5 4.40559 16300
2017 1021 000B 0000 0000 0003 -45.5 1.04924 16330
2017 1021 000B 0000 0000 0002 -44.5 4.12948 16335
2017 1021 000B 0000 0000 0004 -51.0 4.20924 16350
2017 1021 000B 0000 0000 0005 -52.5 6.09297 16369
2017 1021 000B 0000 0000 0003 -46.0 0.01841 16648
2017 1021 000B 0000 0000 0002 -46.0 4.31355 16653
2017 1021 000B 0000 0000 0005 -53.5 5.49779 16672
2017 1021 000B 0000 0000 0004 -50.5 0.74858 16691
2017 1021 000B 0000 0000 0003 -45.5 0.57678 16719
2017 1021 000B 0000 0000 0004 -48.0 3.84109 16724
2017 1021 000B 0000 0000 0002 -45.5 4.23379 16729
2017 1021 000B 0000 0000 0005 -53.0 5.45484 16743
2017 1021 000B 0000 0000 0002 -48.0 0.74858 17030
2017 1021 000B 0000 0000 0003 -49.0 0.17794 17049
2017 1021 000B 0000 0000 0004 -52.0 0.31907 17068
2017 1021 000B 0000 0000 0003 -48.5 0.05522 17104
2017 1021 000B 0000 0000 0003 -49.0 6.09297 17414
2017 1021 000B 0000 0000 0004 -51.5 5.94571 17443
2017 1021 000B 0000 0000 0002 -49.5 0.52769 17473
2017 1021 000B 0000 0000 0004 -52.0 5.84753 17508
2017 1021 000B 0000 0000 0003 -50.5 5.88435 17528
2017 1021 000B 0000 0000 0002 -52.5 0.02454 17814
2017 1021 000B 0000 0000 0003 -51.0 5.39348 17836
2017 1021 000B 0000 0000 0004 -53.5 5.33825 17855
2017 1021 000B 0000 0000 0002 -52.0 6.14819 17887
2017 1021 000B 0000 0000 0003 -51.0 5.38120 17918
2017 1021 000B 0000 0000 0004 -54.0 1.49717 18214
2017 1021 000B 0000 0000 0003 -53.5 4.98851 18233
2017 1021 000B 0000 0000 0002 -57.0 6.04388 18279
2017 1021 000B 0000 0000 0003 -54.0 4.87192 18309
2017 1021 000B 0000 0000 0004 -54.0 4.72466 18328
2017 1021 000B 0000 0000 0004 -56.5 0.92652 18613
2017 1021 000B 0000 0000 0003 -56.0 4.32583 18632
2017 1021 000B 0000 0000 0005 -58.5 0.99402 18662
2017 1021 000B 0000 0000 0004 -55.0 0.98788 18693
2017 1021 000B 0000 0000 0003 -54.5 0.98788 18741
2017 1021 000B 0000 0000 0005 -59.5 6.12365 19343
2017 1021 000B 0000 0000 0005 -60.5 6.06843 19401
2017 1021 000B 0000 0000 0004 -59.5 5.20940 19686
2017 1021 000B 0000 0000 0004 -57.5 5.22167 19725
