2017 1021 000B 0000 0000 0005 -58.0 1.83464 0
2017 1021 000B 0000 0000 0004 -55.5 0.17181 910
2017 1021 000B 0000 0000 0004 -54.0 0.39884 971
2017 1021 000B 0000 0000 0004 -54.5 1.19037 1275
2017 1021 000B 0000 0000 0004 -54.5 1.19651 1325
2017 1021 000B 0000 0000 0004 -53.5 1.47876 1643
2017 1021 000B 0000 0000 0004 -53.5 1.71192 1701
2017 1021 000B 0000 0000 0004 -53.0 1.95736 1995
2017 1021 000B 0000 0000 0004 -53.5 2.09235 2044
2017 1021 000B 0000 0000 0004 -51.5 2.57709 2332
2017 1021 000B 0000 0000 0005 -54.0 5.70027 2363
2017 1021 000B 0000 0000 0004 -50.5 2.63231 2424
2017 1021 000B 0000 0000 0004 -50.0 2.74276 2746
2017 1021 000B 0000 0000 0005 -55.5 0.30680 2802
2017 1021 000B 0000 0000 0004 -52.5 0.12272 2820
2017 1021 000B 0000 0000 0004 -52.0 0.08590 2861
2017 1021 000B 0000 0000 0005 -54.5 0.50928 2894
2017 1021 000B 0000 0000 0004 -50.0 3.67542 3178
2017 1021 000B 0000 0000 0005 -55.0 0.71177 3192
2017 1021 000B 0000 0000 0003 -60.0 1.12287 3213
2017 1021 000B 0000 0000 0005 -54.0 1.15355 3247
2017 1021 000B 0000 0000 0004 -51.0 3.92699 3279
2017 1021 000B 0000 0000 0005 -55.5 1.69351 3586
2017 1021 000B 0000 0000 0004 -52.0 1.15969 3605
2017 1021 000B 0000 0000 0004 -51.5 4.36878 3643
2017 1021 000B 0000 0000 0005 -55.5 1.81623 3662
2017 1021 000B 0000 0000 0004 -51.0 4.90260 3949
2017 1021 000B 0000 0000 0005 -55.5 5.46711 3968
2017 1021 000B 0000 0000 0004 -51.5 5.08668 4005
2017 1021 000B 0000 0000 0005 -54.0 5.56528 4036
2017 1021 000B 0000 0000 0004 -51.5 5.63891 4336
2017 1021 000B 0000 0000 0005 -55.0 6.27091 4366
2017 1021 000B 0000 0000 0004 -52.5 5.76777 4426
2017 1021 000B 0000 0000 0005 -55.5 0.02454 4446
2017 1021 000B 0000 0000 0004 -49.5 0.41724 4723
2017 1021 000B 0000 0000 0005 -54.0 0.73017 4772
2017 1021 000B 0000 0000 0003 -54.0 4.44241 4847
2017 1021 000B 0000 0000 0004 -50.5 0.70563 4906
2017 1021 000B 0000 0000 0005 -54.5 1.58307 4999
2017 1021 000B 0000 0000 0003 -53.0 5.72482 5296
2017 1021 000B 0000 0000 0004 -52.0 1.81623 5327
2017 1021 000B 0000 0000 0005 -53.0 5.51006 5356
2017 1021 000B 0000 0000 0003 -49.0 0.26384 5660
2017 1021 000B 0000 0000 0005 -53.0 0.17181 5684
2017 1021 000B 0000 0000 0004 -51.0 2.78571 5715
2017 1021 000B 0000 0000 0005 -53.0 0.47860 5767
2017 1021 000B 0000 0000 0003 -50.5 0.23317 5803
2017 1021 000B 0000 0000 0004 -51.5 6.20955 5833
2017 1021 000B 0000 0000 0004 -50.0 4.01289 6115
2017 1021 000B 0000 0000 0005 -50.5 1.50330 6132
2017 1021 000B 0000 0000 0003 -49.5 0.76085 6161
2017 1021 000B 0000 0000 0005 -50.5 1.61375 6206
2017 1021 000B 0000 0000 0003 -49.5 0.96334 6228
2017 1021 000B 0000 0000 0004 -51.0 4.16629 6247
2017 1021 000B 0000 0000 0004 -47.0 4.79216 6521
2017 1021 000B 0000 0000 0003 -46.5 1.42353 6526
2017 1021 000B 0000 0000 0005 -48.0 5.52847 6531
2017 1021 000B 0000 0000 0003 -45.5 1.34377 6557
2017 1021 000B 0000 0000 0005 -49.0 5.76163 6571
2017 1021 000B 0000 0000 0005 -45.0 6.15433 6904
2017 1021 000B 0000 0000 0003 -46.5 1.92054 6919
2017 1021 000B 0000 0000 0004 -48.5 5.81072 6940
2017 1021 000B 0000 0000 0003 -46.0 1.81623 6963
2017 1021 000B 0000 0000 0005 -45.0 6.26478 6968
2017 1021 000B 0000 0000 0004 -48.5 5.94571 6979
2017 1021 000B 0000 0000 0004 -46.0 0.38656 7261
2017 1021 000B 0000 0000 0005 -43.0 0.22089 7267
2017 1021 000B 0000 0000 0004 -46.5 0.36816 7291
2017 1021 000B 0000 0000 0005 -46.5 0.33748 7303
2017 1021 000B 0000 0000 0003 -45.0 2.45437 7321
2017 1021 000B 0000 0000 0005 -43.5 0.32520 7603
2017 1021 000B 0000 0000 0003 -43.0 2.82866 7607
2017 1021 000B 0000 0000 0004 -46.0 0.90198 7621
2017 1021 000B 0000 0000 0003 -42.5 2.86548 7660
2017 1021 000B 0000 0000 0004 -44.0 1.20264 7665
2017 1021 000B 0000 0000 0005 -43.5 0.71177 7670
2017 1021 000B 0000 0000 0005 -43.0 0.51542 7942
2017 1021 000B 0000 0000 0004 -45.0 1.36831 7947
2017 1021 000B 0000 0000 0003 -41.5 3.06183 7951
2017 1021 000B 0000 0000 0002 -55.0 5.84140 7966
2017 1021 000B 0000 0000 0002 -55.5 6.17274 7997
2017 1021 000B 0000 0000 0005 -43.5 3.73678 8018
2017 1021 000B 0000 0000 0003 -42.5 0.09204 8036
2017 1021 000B 0000 0000 0004 -41.5 1.88986 8310
2017 1021 000B 0000 0000 0003 -41.0 3.55884 8316
2017 1021 000B 0000 0000 0005 -42.5 0.66882 8333
2017 1021 000B 0000 0000 0002 -53.5 0.43565 8368
2017 1021 000B 0000 0000 0004 -42.0 1.93282 8399
2017 1021 000B 0000 0000 0003 -40.0 3.65087 8405
2017 1021 000B 0000 0000 0005 -42.5 0.71790 8416
2017 1021 000B 0000 0000 0002 -54.5 3.71837 8438
2017 1021 000B 0000 0000 0004 -41.0 2.36847 8714
2017 1021 000B 0000 0000 0003 -39.5 4.02517 8719
2017 1021 000B 0000 0000 0005 -41.5 0.66882 8724
2017 1021 000B 0000 0000 0002 -53.0 4.48536 8734
2017 1021 000B 0000 0000 0004 -41.0 2.49118 8763
2017 1021 000B 0000 0000 0003 -39.0 3.77973 8768
2017 1021 000B 0000 0000 0005 -41.5 0.63200 8773
2017 1021 000B 0000 0000 0002 -51.5 1.39899 8790
2017 1021 000B 0000 0000 0003 -38.5 4.27674 9081
2017 1021 000B 0000 0000 0005 -42.0 0.60746 9093
2017 1021 000B 0000 0000 0002 -53.0 5.35666 9112
2017 1021 000B 0000 0000 0004 -40.5 6.03775 9130
2017 1021 000B 0000 0000 0003 -38.0 4.16629 9152
2017 1021 000B 0000 0000 0005 -41.5 0.51542 9156
2017 1021 000B 0000 0000 0002 -53.0 5.47938 9170
2017 1021 000B 0000 0000 0005 -41.5 0.42338 9448
2017 1021 000B 0000 0000 0004 -38.0 3.18454 9453
2017 1021 000B 0000 0000 0003 -37.5 4.31355 9458
2017 1021 000B 0000 0000 0002 -51.5 0.28839 9478
2017 1021 000B 0000 0000 0004 -38.0 3.16614 9511
2017 1021 000B 0000 0000 0003 -37.5 4.38105 9516
2017 1021 000B 0000 0000 0005 -41.5 0.39884 9520
2017 1021 000B 0000 0000 0002 -51.5 3.51588 9535
2017 1021 000B 0000 0000 0005 -41.5 0.33748 9830
2017 1021 000B 0000 0000 0003 -37.0 4.52831 9835
2017 1021 000B 0000 0000 0004 -36.5 3.65087 9839
2017 1021 000B 0000 0000 0002 -49.5 1.22718 9849
2017 1021 000B 0000 0000 0003 -37.0 4.41786 9879
2017 1021 000B 0000 0000 0004 -36.5 3.64474 9884
2017 1021 000B 0000 0000 0005 -44.0 0.36202 9898
2017 1021 000B 0000 0000 0002 -48.5 4.55899 9928
2017 1021 000B 0000 0000 0004 -35.5 4.04971 10219
2017 1021 000B 0000 0000 0003 -37.5 4.58967 10223
2017 1021 000B 0000 0000 0005 -45.0 0.10431 10234
2017 1021 000B 0000 0000 0002 -46.5 1.86532 10252
2017 1021 000B 0000 0000 0003 -37.0 4.46082 10280
2017 1021 000B 0000 0000 0004 -35.5 4.09266 10285
2017 1021 000B 0000 0000 0005 -43.0 6.21569 10290
2017 1021 000B 0000 0000 0002 -46.5 4.87806 10295
2017 1021 000B 0000 0000 0002 -44.0 5.49165 10569
2017 1021 000B 0000 0000 0003 -37.5 4.53445 10575
2017 1021 000B 0000 0000 0004 -34.0 4.14788 10579
2017 1021 000B 0000 0000 0003 -37.0 4.47922 10629
2017 1021 000B 0000 0000 0004 -34.0 4.24606 10633
2017 1021 000B 0000 0000 0005 -46.0 5.95185 10651
2017 1021 000B 0000 0000 0002 -44.5 5.48552 10681
2017 1021 000B 0000 0000 0003 -37.5 4.43014 10716
2017 1021 000B 0000 0000 0004 -34.0 4.33810 10721
2017 1021 000B 0000 0000 0002 -43.0 5.64505 10726
2017 1021 000B 0000 0000 0005 -46.5 5.95185 10743
2017 1021 000B 0000 0000 0003 -37.5 4.34423 11032
2017 1021 000B 0000 0000 0004 -34.0 4.48536 11037
2017 1021 000B 0000 0000 0002 -39.5 5.69414 11041
2017 1021 000B 0000 0000 0005 -47.5 5.48552 11062
2017 1021 000B 0000 0000 0003 -38.5 4.31969 11094
2017 1021 000B 0000 0000 0004 -33.5 4.50377 11098
2017 1021 000B 0000 0000 0002 -40.0 5.77390 11103
2017 1021 000B 0000 0000 0005 -47.5 2.28256 11118
2017 1021 000B 0000 0000 0003 -39.5 3.91472 11397
2017 1021 000B 0000 0000 0004 -34.0 4.62035 11402
2017 1021 000B 0000 0000 0005 -47.5 5.16031 11407
2017 1021 000B 0000 0000 0002 -38.5 5.93344 11411
2017 1021 000B 0000 0000 0002 -38.0 5.98866 11445
2017 1021 000B 0000 0000 0003 -39.0 4.05585 11450
2017 1021 000B 0000 0000 0004 -34.0 4.46695 11454
2017 1021 000B 0000 0000 0005 -49.0 1.87146 11468
2017 1021 000B 0000 0000 0003 -40.0 3.57111 11745
2017 1021 000B 0000 0000 0004 -34.5 4.46695 11750
2017 1021 000B 0000 0000 0005 -48.5 4.38105 11755
2017 1021 000B 0000 0000 0002 -36.5 5.97025 11759
2017 1021 000B 0000 0000 0004 -35.0 4.57740 11803
2017 1021 000B 0000 0000 0002 -36.5 6.00707 11813
2017 1021 000B 0000 0000 0003 -40.5 3.60792 11818
2017 1021 000B 0000 0000 0005 -49.0 4.32583 11823
2017 1021 000B 0000 0000 0004 -36.0 4.31969 12095
2017 1021 000B 0000 0000 0002 -36.0 6.12979 12099
2017 1021 000B 0000 0000 0003 -43.0 3.38089 12111
2017 1021 000B 0000 0000 0005 -52.5 0.69336 12132
2017 1021 000B 0000 0000 0004 -36.0 4.40559 12176
2017 1021 000B 0000 0000 0002 -35.5 6.09297 12181
2017 1021 000B 0000 0000 0003 -43.0 3.32567 12186
2017 1021 000B 0000 0000 0005 -53.0 0.35588 12199
2017 1021 000B 0000 0000 0004 -37.5 4.33810 12482
2017 1021 000B 0000 0000 0002 -35.0 6.16047 12487
2017 1021 000B 0000 0000 0004 -37.0 4.31969 12508
2017 1021 000B 0000 0000 0002 -35.0 6.17274 12513
2017 1021 000B 0000 0000 0003 -43.0 2.96979 12518
2017 1021 000B 0000 0000 0005 -54.5 6.01320 12532
2017 1021 000B 0000 0000 0003 -43.0 2.84093 12594
2017 1021 000B 0000 0000 0002 -35.0 6.21569 12600
2017 1021 000B 0000 0000 0004 -38.0 4.34423 12604
2017 1021 000B 0000 0000 0005 -53.0 5.67573 12619
2017 1021 000B 0000 0000 0002 -35.0 6.21569 12910
2017 1021 000B 0000 0000 0004 -40.0 3.91472 12915
2017 1021 000B 0000 0000 0003 -43.5 2.19052 12919
2017 1021 000B 0000 0000 0005 -54.5 4.69398 12930
2017 1021 000B 0000 0000 0004 -40.0 4.03744 12959
2017 1021 000B 0000 0000 0002 -35.0 6.16047 12964
2017 1021 000B 0000 0000 0003 -45.0 2.23961 13012
2017 1021 000B 0000 0000 0003 -44.5 1.62602 13325
2017 1021 000B 0000 0000 0002 -35.0 6.04388 13329
2017 1021 000B 0000 0000 0004 -42.0 3.54656 13335
2017 1021 000B 0000 0000 0003 -43.5 1.79169 13367
2017 1021 000B 0000 0000 0004 -42.0 3.76132 13372
2017 1021 000B 0000 0000 0002 -35.0 6.07456 13376
2017 1021 000B 0000 0000 0002 -36.0 6.03161 13649
2017 1021 000B 0000 0000 0001 -55.5 4.36878 13660
2017 1021 000B 0000 0000 0004 -45.0 0.22703 13680
2017 1021 000B 0000 0000 0003 -47.0 1.25173 13699
2017 1021 000B 0000 0000 0002 -36.0 6.07456 13720
2017 1021 000B 0000 0000 0004 -42.5 3.12932 13725
2017 1021 000B 0000 0000 0001 -55.5 4.35037 13735
2017 1021 000B 0000 0000 0004 -46.0 2.74276 14016
2017 1021 000B 0000 0000 0003 -46.5 0.66268 14022
2017 1021 000B 0000 0000 0002 -37.5 5.90889 14026
2017 1021 000B 0000 0000 0001 -53.0 4.83511 14037
2017 1021 000B 0000 0000 0005 -57.0 2.55254 14067
2017 1021 000B 0000 0000 0002 -37.5 5.93957 14091
2017 1021 000B 0000 0000 0005 -57.5 2.23348 14102
2017 1021 000B 0000 0000 0004 -47.0 5.78004 14121
2017 1021 000B 0000 0000 0003 -48.5 0.52155 14140
2017 1021 000B 0000 0000 0004 -45.5 1.96963 14415
2017 1021 000B 0000 0000 0003 -48.0 0.13499 14419
2017 1021 000B 0000 0000 0002 -39.5 5.81686 14424
2017 1021 000B 0000 0000 0001 -50.0 5.40575 14437
2017 1021 000B 0000 0000 0002 -39.5 5.70027 14465
2017 1021 000B 0000 0000 0001 -46.5 5.27689 14472
2017 1021 000B 0000 0000 0004 -46.0 2.00031 14476
2017 1021 000B 0000 0000 0003 -49.0 0.03682 14481
2017 1021 000B 0000 0000 0002 -42.0 5.41188 14759
2017 1021 000B 0000 0000 0004 -48.0 1.11060 14767
2017 1021 000B 0000 0000 0003 -49.5 5.66959 14790
2017 1021 000B 0000 0000 0001 -48.0 5.63891 14809
2017 1021 000B 0000 0000 0002 -40.5 5.55301 14851
2017 1021 000B 0000 0000 0004 -47.0 0.95107 14856
2017 1021 000B 0000 0000 0003 -49.5 5.50392 14873
2017 1021 000B 0000 0000 0001 -47.0 5.78618 14904
2017 1021 000B 0000 0000 0002 -42.5 5.16031 15193
2017 1021 000B 0000 0000 0003 -49.0 5.14190 15200
2017 1021 000B 0000 0000 0001 -44.5 5.88435 15205
2017 1021 000B 0000 0000 0004 -50.0 0.36816 15227
2017 1021 000B 0000 0000 0002 -41.5 5.13577 15258
2017 1021 000B 0000 0000 0003 -48.5 4.75534 15264
2017 1021 000B 0000 0000 0004 -47.5 0.65041 15269
2017 1021 000B 0000 0000 0001 -45.0 5.95798 15275
2017 1021 000B 0000 0000 0001 -44.0 6.00093 15548
2017 1021 000B 0000 0000 0002 -43.5 4.73693 15558
2017 1021 000B 0000 0000 0003 -51.0 4.20311 15572
2017 1021 000B 0000 0000 0004 -50.0 5.81686 15601
2017 1021 000B 0000 0000 0001 -44.0 6.13592 15641
2017 1021 000B 0000 0000 0002 -45.5 4.66944 15648
2017 1021 000B 0000 0000 0004 -51.5 5.60823 15664
2017 1021 000B 0000 0000 0003 -52.5 3.92085 15683
2017 1021 000B 0000 0000 0002 -45.5 3.99449 15962
2017 1021 000B 0000 0000 0001 -44.0 5.78618 15968
2017 1021 000B 0000 0000 0004 -50.0 4.82284 15983
2017 1021 000B 0000 0000 0003 -53.5 0.09204 16015
2017 1021 000B 0000 0000 0002 -45.5 3.96381 16050
2017 1021 000B 0000 0000 0001 -44.0 5.39348 16055
2017 1021 000B 0000 0000 0004 -48.5 4.85965 16060
2017 1021 000B 0000 0000 0003 -54.0 6.19728 16074
2017 1021 000B 0000 0000 0001 -44.5 6.11752 16361
2017 1021 000B 0000 0000 0004 -51.5 1.04924 16379
2017 1021 000B 0000 0000 0002 -49.0 0.15340 16399
2017 1021 000B 0000 0000 0001 -42.5 6.14819 16422
2017 1021 000B 0000 0000 0004 -51.5 0.90198 16432
2017 1021 000B 0000 0000 0001 -45.0 6.09297 16726
2017 1021 000B 0000 0000 0003 -53.0 1.41740 16745
2017 1021 000B 0000 0000 0002 -49.5 5.72482 16764
2017 1021 000B 0000 0000 0001 -44.0 6.00707 16785
2017 1021 000B 0000 0000 0003 -49.0 1.61988 16791
2017 1021 000B 0000 0000 0004 -53.0 0.20249 16805
2017 1021 000B 0000 0000 0001 -43.5 6.12979 17087
2017 1021 000B 0000 0000 0004 -53.5 5.93957 17100
2017 1021 000B 0000 0000 0002 -51.0 5.00078 17119
2017 1021 000B 0000 0000 0003 -52.5 0.93880 17139
2017 1021 000B 0000 0000 0001 -45.0 6.22796 17161
2017 1021 000B 0000 0000 0004 -53.0 5.87821 17171
2017 1021 000B 0000 0000 0002 -51.0 5.03759 17192
2017 1021 000B 0000 0000 0001 -47.5 6.10524 17483
2017 1021 000B 0000 0000 0004 -55.0 2.11076 17502
2017 1021 000B 0000 0000 0003 -53.0 0.34975 17521
2017 1021 000B 0000 0000 0004 -53.0 2.01258 17554
2017 1021 000B 0000 0000 0001 -48.0 6.08684 17585
2017 1021 000B 0000 0000 0001 -49.5 6.03161 17883
2017 1021 000B 0000 0000 0003 -52.5 6.25251 17943
2017 1021 000B 0000 0000 0001 -50.5 5.96412 17983
2017 1021 000B 0000 0000 0001 -52.5 5.97025 18292
2017 1021 000B 0000 0000 0006 -53.0 0.69950 18326
2017 1021 000B 0000 0000 0003 -53.5 5.46097 18356
2017 1021 000B 0000 0000 0006 -53.0 0.83449 18396
2017 1021 000B 0000 0000 0001 -53.5 5.97025 18430
2017 1021 000B 0000 0000 0006 -52.5 1.19037 18723
2017 1021 000B 0000 0000 0003 -54.0 4.79216 18743
2017 1021 000B 0000 0000 0001 -57.5 5.70027 18762
2017 1021 000B 0000 0000 0006 -53.0 1.54625 18797
2017 1021 000B 0000 0000 0003 -54.5 4.77988 18817
2017 1021 000B 0000 0000 0006 -52.5 1.95736 19108
2017 1021 000B 0000 0000 0003 -56.5 4.18470 19128
2017 1021 000B 0000 0000 0005 -59.0 4.09880 19147
2017 1021 000B 0000 0000 0006 -52.5 2.25802 19176
2017 1021 000B 0000 0000 0003 -56.0 4.05585 19195
2017 1021 000B 0000 0000 0006 -51.5 6.25864 19485
2017 1021 000B 0000 0000 0006 -51.5 6.16047 19537
2017 1021 000B 0000 0000 0006 -50.5 0.63814 19837
2017 1021 000B 0000 0000 0006 -51.5 0.69950 19884
2017 1021 000B 0000 0000 0006 -51.0 4.61421 20192
2017 1021 000B 0000 0000 0006 -50.5 4.63876 20237
2017 1021 000B 0000 0000 0006 -49.5 2.17825 20517
2017 1021 000B 0000 0000 0006 -50.0 5.28303 20542
2017 1021 000B 0000 0000 0006 -49.5 5.72482 20834
2017 1021 000B 0000 0000 0006 -49.5 5.82299 20888
2017 1021 000B 0000 0000 0006 -47.0 3.01274 21179
2017 1021 000B 0000 0000 0006 -48.5 3.03728 21204
2017 1021 000B 0000 0000 0006 -46.5 3.96381 21477
2017 1021 000B 0000 0000 0006 -46.0 3.28885 21495
2017 1021 000B 0000 0000 0006 -47.0 3.50361 21772
2017 1021 000B 0000 0000 0006 -45.5 3.37476 21795
2017 1021 000B 0000 0000 0006 -46.0 3.48520 22077
2017 1021 000B 0000 0000 0006 -47.0 3.73064 22096
2017 1021 000B 0000 0000 0006 -47.0 3.62633 22368
2017 1021 000B 0000 0000 0006 -46.5 3.76132 22391
2017 1021 000B 0000 0000 0006 -46.5 3.78586 22665
2017 1021 000B 0000 0000 0006 -46.5 3.44839 22686
2017 1021 000B 0000 0000 0006 -49.0 0.12885 22973
