2017 1021 000B 0000 0000 0005 -58.0 4.17243 0
2017 1021 000B 0000 0000 0004 -57.5 6.06843 41
2017 1021 000B 0000 0000 0004 -56.5 0.49087 352
2017 1021 000B 0000 0000 0005 -56.5 4.81670 371
2017 1021 000B 0000 0000 0004 -55.5 3.62633 432
2017 1021 000B 0000 0000 0005 -53.5 4.89033 487
2017 1021 000B 0000 0000 0005 -54.5 5.26462 780
2017 1021 000B 0000 0000 0004 -56.5 4.16016 799
2017 1021 000B 0000 0000 0004 -57.0 1.22105 834
2017 1021 000B 0000 0000 0005 -54.0 5.56528 852
2017 1021 000B 0000 0000 0004 -55.0 1.66897 1139
2017 1021 000B 0000 0000 0005 -54.5 5.88435 1159
2017 1021 000B 0000 0000 0001 -60.0 4.11107 1178
2017 1021 000B 0000 0000 0004 -55.0 4.73693 1206
2017 1021 000B 0000 0000 0005 -53.5 6.15433 1226
2017 1021 000B 0000 0000 0005 -52.0 0.19021 1520
2017 1021 000B 0000 0000 0005 -52.5 0.23317 1588
2017 1021 000B 0000 0000 0004 -55.5 5.77390 1876
2017 1021 000B 0000 0000 0005 -52.5 0.59518 1897
2017 1021 000B 0000 0000 0005 -53.0 0.82835 1931
2017 1021 000B 0000 0000 0004 -54.5 5.97639 1952
2017 1021 000B 0000 0000 0005 -52.0 1.13515 2235
2017 1021 000B 0000 0000 0004 -56.0 0.25157 2261
2017 1021 000B 0000 0000 0001 -60.0 6.09911 2281
2017 1021 000B 0000 0000 0005 -51.0 1.47876 2314
2017 1021 000B 0000 0000 0004 -55.5 0.30066 2344
2017 1021 000B 0000 0000 0005 -52.0 5.08054 2643
2017 1021 000B 0000 0000 0004 -53.5 1.31309 2680
2017 1021 000B 0000 0000 0005 -52.5 5.33825 2780
2017 1021 000B 0000 0000 0004 -54.5 1.48489 2838
2017 1021 000B 0000 0000 0001 -57.0 4.88419 3126
2017 1021 000B 0000 0000 0005 -53.5 6.17887 3145
2017 1021 000B 0000 0000 0004 -56.0 5.57142 3163
2017 1021 000B 0000 0000 0005 -53.0 0.10431 3193
2017 1021 000B 0000 0000 0001 -58.5 4.98237 3214
2017 1021 000B 0000 0000 0005 -53.0 0.71790 3507
2017 1021 000B 0000 0000 0004 -52.5 3.33181 3536
2017 1021 000B 0000 0000 0004 -53.5 0.37429 3593
2017 1021 000B 0000 0000 0005 -53.0 4.09880 3612
2017 1021 000B 0000 0000 0005 -51.5 1.56466 3900
2017 1021 000B 0000 0000 0004 -51.5 4.66330 3945
2017 1021 000B 0000 0000 0005 -53.5 4.93942 3980
2017 1021 000B 0000 0000 0001 -57.0 1.46035 4272
2017 1021 000B 0000 0000 0005 -54.0 5.67573 4290
2017 1021 000B 0000 0000 0004 -51.0 2.35619 4311
2017 1021 000B 0000 0000 0005 -54.0 5.68800 4341
2017 1021 000B 0000 0000 0001 -56.5 1.82851 4361
2017 1021 000B 0000 0000 0004 -47.5 0.34361 4638
2017 1021 000B 0000 0000 0005 -52.5 0.31907 4655
2017 1021 000B 0000 0000 0004 -48.5 6.26478 4725
2017 1021 000B 0000 0000 0005 -53.0 0.56450 4738
2017 1021 000B 0000 0000 0001 -56.5 5.87208 4757
2017 1021 000B 0000 0000 0004 -47.0 0.47247 5035
2017 1021 000B 0000 0000 0005 -53.0 1.09833 5053
2017 1021 000B 0000 0000 0001 -52.0 0.32520 5082
2017 1021 000B 0000 0000 0004 -45.5 0.56450 5117
2017 1021 000B 0000 0000 0005 -52.5 1.40513 5128
2017 1021 000B 0000 0000 0001 -53.5 0.65041 5151
2017 1021 000B 0000 0000 0004 -43.5 0.88357 5428
2017 1021 000B 0000 0000 0001 -51.0 1.17810 5444
2017 1021 000B 0000 0000 0005 -51.5 5.39348 5476
2017 1021 000B 0000 0000 0004 -45.5 1.11674 5513
2017 1021 000B 0000 0000 0001 -52.0 4.28287 5528
2017 1021 000B 0000 0000 0005 -51.5 5.70027 5546
2017 1021 000B 0000 0000 0004 -44.0 1.50944 5823
2017 1021 000B 0000 0000 0001 -49.0 4.70625 5844
2017 1021 000B 0000 0000 0005 -51.0 0.49087 5874
2017 1021 000B 0000 0000 0004 -43.5 1.47876 5913
2017 1021 000B 0000 0000 0005 -51.0 0.50315 5926
2017 1021 000B 0000 0000 0001 -49.5 4.87806 5945
2017 1021 000B 0000 0000 0004 -43.5 1.97577 6223
2017 1021 000B 0000 0000 0001 -47.5 5.14190 6244
2017 1021 000B 0000 0000 0005 -49.0 1.53398 6276
2017 1021 000B 0000 0000 0004 -44.0 1.96350 6310
2017 1021 000B 0000 0000 0001 -48.5 5.12350 6322
2017 1021 000B 0000 0000 0005 -49.5 4.79216 6341
2017 1021 000B 0000 0000 0004 -41.5 2.30097 6620
2017 1021 000B 0000 0000 0001 -46.5 5.58983 6624
2017 1021 000B 0000 0000 0005 -48.5 5.49779 6636
2017 1021 000B 0000 0000 0004 -41.0 2.27643 6665
2017 1021 000B 0000 0000 0001 -47.5 5.31985 6677
2017 1021 000B 0000 0000 0005 -48.0 5.68800 6696
2017 1021 000B 0000 0000 0004 -39.5 2.53414 6976
2017 1021 000B 0000 0000 0005 -44.5 2.86548 6985
2017 1021 000B 0000 0000 0005 -46.5 0.06750 7018
2017 1021 000B 0000 0000 0004 -41.0 5.75550 7048
2017 1021 000B 0000 0000 0005 -44.0 3.91472 7338
2017 1021 000B 0000 0000 0004 -38.5 2.73049 7342
2017 1021 000B 0000 0000 0001 -46.0 5.61437 7364
2017 1021 000B 0000 0000 0004 -38.5 2.84707 7395
2017 1021 000B 0000 0000 0005 -43.0 3.53429 7401
2017 1021 000B 0000 0000 0001 -46.5 5.64505 7416
2017 1021 000B 0000 0000 0004 -38.5 3.31953 7693
2017 1021 000B 0000 0000 0005 -42.0 3.66315 7698
2017 1021 000B 0000 0000 0001 -45.0 5.58369 7704
2017 1021 000B 0000 0000 0005 -42.0 4.24606 7724
2017 1021 000B 0000 0000 0004 -38.5 3.00660 7728
2017 1021 000B 0000 0000 0001 -46.0 5.72482 7749
2017 1021 000B 0000 0000 0005 -40.5 4.52218 8038
2017 1021 000B 0000 0000 0004 -37.5 3.33181 8043
2017 1021 000B 0000 0000 0001 -47.0 5.67573 8056
2017 1021 000B 0000 0000 0005 -41.0 4.57126 8090
2017 1021 000B 0000 0000 0004 -37.5 3.30113 8095
2017 1021 000B 0000 0000 0001 -46.5 5.65732 8100
2017 1021 000B 0000 0000 0004 -37.0 3.35635 8375
2017 1021 000B 0000 0000 0001 -46.0 5.82299 8380
2017 1021 000B 0000 0000 0005 -38.5 4.94555 8384
2017 1021 000B 0000 0000 0002 -56.5 0.33134 8395
2017 1021 000B 0000 0000 0004 -37.0 3.45452 8423
2017 1021 000B 0000 0000 0001 -48.0 5.58983 8435
2017 1021 000B 0000 0000 0005 -40.0 1.73647 8453
2017 1021 000B 0000 0000 0002 -55.0 0.33134 8473
2017 1021 000B 0000 0000 0005 -37.0 5.12350 8746
2017 1021 000B 0000 0000 0004 -36.5 3.49134 8751
2017 1021 000B 0000 0000 0001 -48.5 5.51006 8767
2017 1021 000B 0000 0000 0005 -37.5 5.00078 8835
2017 1021 000B 0000 0000 0004 -36.5 3.44839 8840
2017 1021 000B 0000 0000 0001 -49.5 2.28256 8851
2017 1021 000B 0000 0000 0004 -36.5 3.42998 9132
2017 1021 000B 0000 0000 0005 -36.5 5.41802 9136
2017 1021 000B 0000 0000 0001 -51.5 5.04373 9147
2017 1021 000B 0000 0000 0002 -53.0 5.17872 9167
2017 1021 000B 0000 0000 0005 -36.5 5.45484 9193
2017 1021 000B 0000 0000 0004 -36.5 3.38703 9198
2017 1021 000B 0000 0000 0001 -52.5 4.89647 9208
2017 1021 000B 0000 0000 0005 -36.0 5.66959 9522
2017 1021 000B 0000 0000 0004 -37.5 3.23977 9526
2017 1021 000B 0000 0000 0002 -53.5 5.99480 9537
2017 1021 000B 0000 0000 0003 -53.0 5.22781 9564
2017 1021 000B 0000 0000 0001 -56.5 1.39899 9583
2017 1021 000B 0000 0000 0005 -35.5 5.66346 9604
2017 1021 000B 0000 0000 0004 -37.0 3.03728 9609
2017 1021 000B 0000 0000 0002 -52.5 6.18501 9637
2017 1021 000B 0000 0000 0003 -51.0 5.40575 9700
2017 1021 000B 0000 0000 0005 -35.0 5.76163 9981
2017 1021 000B 0000 0000 0004 -38.5 2.81025 9986
2017 1021 000B 0000 0000 0002 -52.0 3.95153 10004
2017 1021 000B 0000 0000 0003 -49.0 5.91503 10034
2017 1021 000B 0000 0000 0005 -35.0 5.78004 10070
2017 1021 000B 0000 0000 0004 -38.5 2.78571 10075
2017 1021 000B 0000 0000 0002 -52.5 0.61973 10085
2017 1021 000B 0000 0000 0003 -51.0 5.96412 10104
2017 1021 000B 0000 0000 0004 -39.0 2.55254 10386
2017 1021 000B 0000 0000 0005 -34.5 5.73709 10390
2017 1021 000B 0000 0000 0003 -50.5 0.01841 10401
2017 1021 000B 0000 0000 0002 -51.0 1.32536 10421
2017 1021 000B 0000 0000 0001 -59.0 1.09219 10441
2017 1021 000B 0000 0000 0004 -40.0 2.37460 10462
2017 1021 000B 0000 0000 0005 -35.0 5.77390 10467
2017 1021 000B 0000 0000 0002 -51.5 1.38058 10478
2017 1021 000B 0000 0000 0003 -50.0 0.26998 10499
2017 1021 000B 0000 0000 0004 -39.5 1.94509 10778
2017 1021 000B 0000 0000 0005 -35.0 5.64505 10783
2017 1021 000B 0000 0000 0002 -51.0 5.51619 10797
2017 1021 000B 0000 0000 0003 -48.5 0.71790 10826
2017 1021 000B 0000 0000 0005 -35.0 5.60823 10868
2017 1021 000B 0000 0000 0004 -39.0 1.92668 10872
2017 1021 000B 0000 0000 0003 -49.0 0.69336 10882
2017 1021 000B 0000 0000 0002 -51.5 5.58369 10902
2017 1021 000B 0000 0000 0004 -41.0 1.50944 11182
2017 1021 000B 0000 0000 0003 -46.0 1.03697 11187
2017 1021 000B 0000 0000 0005 -36.0 5.47938 11191
2017 1021 000B 0000 0000 0002 -50.5 3.06183 11208
2017 1021 000B 0000 0000 0001 -56.5 5.62051 11240
2017 1021 000B 0000 0000 0004 -42.0 1.47262 11269
2017 1021 000B 0000 0000 0005 -36.5 5.29530 11274
2017 1021 000B 0000 0000 0003 -47.5 1.20264 11288
2017 1021 000B 0000 0000 0002 -50.5 0.33134 11319
2017 1021 000B 0000 0000 0005 -39.0 5.22167 11608
2017 1021 000B 0000 0000 0004 -41.0 1.00016 11613
2017 1021 000B 0000 0000 0002 -48.5 1.23946 11628
2017 1021 000B 0000 0000 0003 -46.0 1.47262 11661
2017 1021 000B 0000 0000 0004 -42.5 0.88357 11696
2017 1021 000B 0000 0000 0005 -37.0 5.04373 11701
2017 1021 000B 0000 0000 0003 -45.5 1.60148 11705
2017 1021 000B 0000 0000 0002 -49.5 4.48536 11721
2017 1021 000B 0000 0000 0004 -43.0 0.71177 11999
2017 1021 000B 0000 0000 0005 -39.0 5.06827 12004
2017 1021 000B 0000 0000 0003 -46.0 1.94509 12016
2017 1021 000B 0000 0000 0002 -48.0 5.11122 12034
2017 1021 000B 0000 0000 0004 -42.5 0.17794 12078
2017 1021 000B 0000 0000 0003 -42.5 1.33763 12084
2017 1021 000B 0000 0000 0005 -39.5 4.92101 12088
2017 1021 000B 0000 0000 0002 -48.0 5.17258 12100
2017 1021 000B 0000 0000 0004 -44.0 6.19115 12382
2017 1021 000B 0000 0000 0005 -41.0 4.75534 12387
2017 1021 000B 0000 0000 0002 -47.5 5.76163 12400
2017 1021 000B 0000 0000 0003 -45.0 2.20893 12418
2017 1021 000B 0000 0000 0001 -57.5 3.52202 12437
2017 1021 000B 0000 0000 0005 -40.5 4.62649 12458
2017 1021 000B 0000 0000 0003 -43.0 2.35006 12473
2017 1021 000B 0000 0000 0002 -47.0 5.87208 12488
2017 1021 000B 0000 0000 0004 -46.0 5.98253 12521
2017 1021 000B 0000 0000 0005 -44.0 3.82268 12808
2017 1021 000B 0000 0000 0003 -43.5 2.57095 12820
2017 1021 000B 0000 0000 0004 -45.5 5.42416 12839
2017 1021 000B 0000 0000 0002 -45.5 0.22089 12858
2017 1021 000B 0000 0000 0005 -43.0 4.26447 12899
2017 1021 000B 0000 0000 0002 -43.0 3.31953 12906
2017 1021 000B 0000 0000 0003 -42.5 2.65685 12911
2017 1021 000B 0000 0000 0004 -46.0 5.31371 12925
2017 1021 000B 0000 0000 0002 -44.0 3.59565 13202
2017 1021 000B 0000 0000 0005 -44.0 3.41771 13210
2017 1021 000B 0000 0000 0003 -43.0 2.82252 13214
2017 1021 000B 0000 0000 0004 -44.5 4.94555 13220
2017 1021 000B 0000 0000 0003 -42.0 3.08023 13248
2017 1021 000B 0000 0000 0005 -46.0 0.33134 13263
2017 1021 000B 0000 0000 0004 -47.0 4.77988 13293
2017 1021 000B 0000 0000 0002 -44.0 0.55837 13322
2017 1021 000B 0000 0000 0003 -41.5 2.89002 13606
2017 1021 000B 0000 0000 0002 -43.5 4.03130 13611
2017 1021 000B 0000 0000 0004 -48.5 1.00016 13623
2017 1021 000B 0000 0000 0005 -47.5 5.83526 13646
2017 1021 000B 0000 0000 0003 -41.5 2.95751 13671
2017 1021 000B 0000 0000 0002 -41.0 4.14788 13680
2017 1021 000B 0000 0000 0005 -48.0 5.66346 13695
2017 1021 000B 0000 0000 0002 -39.5 4.25219 13972
2017 1021 000B 0000 0000 0003 -41.5 2.77344 13976
2017 1021 000B 0000 0000 0005 -48.0 1.87146 13994
2017 1021 000B 0000 0000 0004 -49.5 0.19635 14024
2017 1021 000B 0000 0000 0003 -41.5 3.15386 14058
2017 1021 000B 0000 0000 0002 -41.5 4.39946 14064
2017 1021 000B 0000 0000 0005 -48.5 4.81670 14082
2017 1021 000B 0000 0000 0004 -50.5 0.21476 14112
2017 1021 000B 0000 0000 0005 -49.0 0.70563 14399
2017 1021 000B 0000 0000 0003 -41.5 2.85320 14405
2017 1021 000B 0000 0000 0002 -40.5 4.46082 14409
2017 1021 000B 0000 0000 0004 -51.0 5.69414 14423
2017 1021 000B 0000 0000 0003 -42.0 2.92684 14448
2017 1021 000B 0000 0000 0002 -41.0 4.73693 14453
2017 1021 000B 0000 0000 0005 -49.5 0.73017 14501
2017 1021 000B 0000 0000 0004 -51.0 2.24575 14533
2017 1021 000B 0000 0000 0002 -40.5 4.74920 14814
2017 1021 000B 0000 0000 0005 -50.5 3.04955 14826
2017 1021 000B 0000 0000 0003 -44.0 5.95798 14845
2017 1021 000B 0000 0000 0004 -53.0 1.31309 14864
2017 1021 000B 0000 0000 0002 -40.5 4.53445 14886
2017 1021 000B 0000 0000 0003 -44.0 5.93344 14902
2017 1021 000B 0000 0000 0005 -50.5 5.89662 14933
2017 1021 000B 0000 0000 0002 -42.0 1.76101 15228
2017 1021 000B 0000 0000 0003 -44.5 5.74322 15248
2017 1021 000B 0000 0000 0005 -50.5 1.95122 15268
2017 1021 000B 0000 0000 0002 -40.5 4.75534 15289
2017 1021 000B 0000 0000 0003 -44.0 2.49732 15294
2017 1021 000B 0000 0000 0003 -45.0 2.43596 15565
2017 1021 000B 0000 0000 0002 -42.0 5.03759 15570
2017 1021 000B 0000 0000 0005 -51.0 1.39899 15582
2017 1021 000B 0000 0000 0004 -51.5 5.72482 15601
2017 1021 000B 0000 0000 0002 -43.0 1.88986 15634
2017 1021 000B 0000 0000 0005 -51.0 1.41740 15653
2017 1021 000B 0000 0000 0003 -45.5 2.28256 15673
2017 1021 000B 0000 0000 0002 -42.5 5.14804 15946
2017 1021 000B 0000 0000 0003 -45.0 2.02485 15952
2017 1021 000B 0000 0000 0004 -50.5 5.09282 15972
2017 1021 000B 0000 0000 0005 -51.0 0.55223 16007
2017 1021 000B 0000 0000 0003 -47.0 4.95783 16036
2017 1021 000B 0000 0000 0002 -43.5 5.08668 16066
2017 1021 000B 0000 0000 0002 -44.0 5.03759 16347
2017 1021 000B 0000 0000 0003 -47.0 1.49103 16351
2017 1021 000B 0000 0000 0004 -52.0 4.68171 16371
2017 1021 000B 0000 0000 0005 -53.0 6.25864 16398
2017 1021 000B 0000 0000 0001 -59.0 1.93895 16420
2017 1021 000B 0000 0000 0002 -45.5 1.89600 16454
2017 1021 000B 0000 0000 0003 -47.5 1.31922 16473
2017 1021 000B 0000 0000 0004 -51.5 4.35651 16493
2017 1021 000B 0000 0000 0004 -50.5 4.00062 16779
2017 1021 000B 0000 0000 0002 -47.5 5.00691 16809
2017 1021 000B 0000 0000 0003 -48.5 0.96334 16838
2017 1021 000B 0000 0000 0002 -48.5 1.82237 16875
2017 1021 000B 0000 0000 0004 -52.0 0.74858 16894
2017 1021 000B 0000 0000 0004 -52.0 3.51588 17185
2017 1021 000B 0000 0000 0002 -49.5 4.68171 17216
2017 1021 000B 0000 0000 0003 -50.0 0.40497 17245
2017 1021 000B 0000 0000 0004 -52.5 0.22089 17283
2017 1021 000B 0000 0000 0002 -51.0 4.74920 17303
2017 1021 000B 0000 0000 0004 -53.0 5.96412 17601
2017 1021 000B 0000 0000 0002 -53.0 1.46649 17620
2017 1021 000B 0000 0000 0004 -52.0 2.90843 17691
2017 1021 000B 0000 0000 0003 -52.0 5.84140 17721
2017 1021 000B 0000 0000 0004 -53.0 2.10462 18025
2017 1021 000B 0000 0000 0004 -54.5 5.24008 18096
2017 1021 000B 0000 0000 0004 -56.0 0.77926 18750
2017 1021 000B 0000 0000 0004 -55.5 0.68722 18789
2017 1021 000B 0000 0000 0004 -56.0 0.18408 19080
2017 1021 000B 0000 0000 0004 -57.5 0.12885 19125
2017 1021 000B 0000 0000 0004 -59.0 5.31985 19725
2017 1021 000B 0000 0000 0002 -60.0 3.50975 20905
