2017 1021 000B 0000 0000 0004 -61.0 5.79845 0
2017 1021 000B 0000 0000 0004 -58.5 3.15386 297
2017 1021 000B 0000 0000 0004 -59.0 2.93297 320
2017 1021 000B 0000 0000 0004 -58.0 3.50361 598
2017 1021 000B 0000 0000 0001 -63.5 4.59581 609
2017 1021 000B 0000 0000 0004 -59.5 0.45406 644
2017 1021 000B 0000 0000 0001 -63.0 4.66944 663
2017 1021 000B 0000 0000 0001 -61.0 5.24621 943
2017 1021 000B 0000 0000 0004 -58.0 4.08652 948
2017 1021 000B 0000 0000 0004 -59.0 0.96948 975
2017 1021 000B 0000 0000 0001 -63.0 5.20326 997
2017 1021 000B 0000 0000 0001 -62.0 5.63278 1273
2017 1021 000B 0000 0000 0004 -57.0 4.65103 1278
2017 1021 000B 0000 0000 0004 -57.0 4.74920 1297
2017 1021 000B 0000 0000 0001 -61.0 5.84140 1303
2017 1021 000B 0000 0000 0004 -56.0 5.21553 1574
2017 1021 000B 0000 0000 0001 -60.5 6.03775 1579
2017 1021 000B 0000 0000 0001 -61.5 6.23410 1599
2017 1021 000B 0000 0000 0004 -55.5 5.24008 1603
2017 1021 000B 0000 0000 0001 -61.5 0.23317 1882
2017 1021 000B 0000 0000 0004 -55.5 5.60823 1887
2017 1021 000B 0000 0000 0001 -61.0 0.36816 1910
2017 1021 000B 0000 0000 0004 -55.5 5.79231 1915
2017 1021 000B 0000 0000 0005 -60.5 4.53445 2187
2017 1021 000B 0000 0000 0004 -55.0 6.22183 2192
2017 1021 000B 0000 0000 0001 -61.0 0.69950 2196
2017 1021 000B 0000 0000 0004 -55.0 6.23410 2216
2017 1021 000B 0000 0000 0001 -61.0 0.65654 2221
2017 1021 000B 0000 0000 0005 -60.0 4.63262 2227
2017 1021 000B 0000 0000 0004 -54.0 0.48474 2503
2017 1021 000B 0000 0000 0005 -58.5 5.17872 2507
2017 1021 000B 0000 0000 0001 -61.0 1.01856 2512
2017 1021 000B 0000 0000 0004 -53.5 0.51542 2531
2017 1021 000B 0000 0000 0001 -60.5 1.14742 2536
2017 1021 000B 0000 0000 0005 -58.0 5.22167 2540
2017 1021 000B 0000 0000 0004 -53.0 0.93266 2813
2017 1021 000B 0000 0000 0005 -57.5 5.62664 2818
2017 1021 000B 0000 0000 0001 -62.0 1.42353 2822
2017 1021 000B 0000 0000 0005 -57.0 5.62664 2842
2017 1021 000B 0000 0000 0001 -62.0 1.55239 2846
2017 1021 000B 0000 0000 0004 -52.5 1.01856 2851
2017 1021 000B 0000 0000 0005 -56.0 5.87821 3123
2017 1021 000B 0000 0000 0004 -52.5 1.36831 3128
2017 1021 000B 0000 0000 0001 -61.5 1.88986 3133
2017 1021 000B 0000 0000 0001 -62.0 2.36847 3155
2017 1021 000B 0000 0000 0004 -52.5 1.38058 3160
2017 1021 000B 0000 0000 0005 -56.0 6.17274 3164
2017 1021 000B 0000 0000 0004 -52.0 1.70579 3438
2017 1021 000B 0000 0000 0005 -55.0 0.07363 3443
2017 1021 000B 0000 0000 0004 -52.0 1.76715 3462
2017 1021 000B 0000 0000 0005 -55.0 0.16567 3466
2017 1021 000B 0000 0000 0005 -54.0 0.41724 3740
2017 1021 000B 0000 0000 0004 -52.0 2.12917 3745
2017 1021 000B 0000 0000 0004 -52.0 2.49732 4049
2017 1021 000B 0000 0000 0005 -54.0 0.77926 4055
2017 1021 000B 0000 0000 0001 -64.0 3.85950 4069
2017 1021 000B 0000 0000 0005 -53.0 0.81608 4098
2017 1021 000B 0000 0000 0004 -52.0 2.57709 4103
2017 1021 000B 0000 0000 0001 -61.0 4.54058 4375
2017 1021 000B 0000 0000 0005 -52.5 1.16583 4380
2017 1021 000B 0000 0000 0004 -52.5 2.94524 4384
2017 1021 000B 0000 0000 0005 -53.0 1.20878 4403
2017 1021 000B 0000 0000 0001 -63.0 4.88419 4408
2017 1021 000B 0000 0000 0004 -52.5 3.02501 4413
2017 1021 000B 0000 0000 0001 -60.5 5.13577 4685
2017 1021 000B 0000 0000 0004 -52.0 3.40544 4690
2017 1021 000B 0000 0000 0005 -52.5 1.49717 4694
2017 1021 000B 0000 0000 0004 -52.5 3.42998 4713
2017 1021 000B 0000 0000 0001 -61.0 4.89647 4718
2017 1021 000B 0000 0000 0005 -52.5 1.55239 4723
2017 1021 000B 0000 0000 0001 -61.0 5.50392 4995
2017 1021 000B 0000 0000 0004 -53.0 0.79767 5008
2017 1021 000B 0000 0000 0005 -53.0 5.03146 5029
2017 1021 000B 0000 0000 0004 -52.5 3.98221 5052
2017 1021 000B 0000 0000 0005 -52.5 1.91441 5057
2017 1021 000B 0000 0000 0001 -60.0 5.89049 5061
2017 1021 000B 0000 0000 0005 -53.5 2.33779 5333
2017 1021 000B 0000 0000 0001 -60.5 6.19115 5338
2017 1021 000B 0000 0000 0004 -52.5 4.45468 5342
2017 1021 000B 0000 0000 0004 -52.0 4.53445 5362
2017 1021 000B 0000 0000 0005 -53.5 2.37460 5366
2017 1021 000B 0000 0000 0001 -60.0 6.18501 5371
2017 1021 000B 0000 0000 0004 -52.5 4.92101 5643
2017 1021 000B 0000 0000 0001 -59.5 0.27612 5648
2017 1021 000B 0000 0000 0005 -53.5 2.94524 5653
2017 1021 000B 0000 0000 0004 -53.5 5.47324 5949
2017 1021 000B 0000 0000 0005 -53.5 3.63860 5954
2017 1021 000B 0000 0000 0001 -60.0 0.46633 5959
2017 1021 000B 0000 0000 0004 -53.0 5.47938 5978
2017 1021 000B 0000 0000 0005 -53.5 3.61406 5983
2017 1021 000B 0000 0000 0001 -60.0 0.63814 5988
2017 1021 000B 0000 0000 0001 -59.5 0.96334 6259
2017 1021 000B 0000 0000 0004 -53.5 5.87208 6264
2017 1021 000B 0000 0000 0005 -53.5 4.24606 6269
2017 1021 000B 0000 0000 0001 -60.0 0.95107 6291
2017 1021 000B 0000 0000 0004 -54.0 6.00707 6296
2017 1021 000B 0000 0000 0005 -53.0 4.29515 6301
2017 1021 000B 0000 0000 0005 -53.5 4.76148 6578
2017 1021 000B 0000 0000 0004 -55.0 0.30066 6583
2017 1021 000B 0000 0000 0001 -60.0 1.15969 6588
2017 1021 000B 0000 0000 0005 -53.0 4.79216 6607
2017 1021 000B 0000 0000 0004 -54.5 0.33748 6612
2017 1021 000B 0000 0000 0001 -60.0 1.22105 6617
2017 1021 000B 0000 0000 0001 -60.5 1.49717 6889
2017 1021 000B 0000 0000 0005 -52.5 5.36893 6894
2017 1021 000B 0000 0000 0004 -56.0 1.04924 6911
2017 1021 000B 0000 0000 0001 -60.5 1.42967 6948
2017 1021 000B 0000 0000 0005 -52.5 5.44870 6952
2017 1021 000B 0000 0000 0004 -55.0 1.03084 6957
2017 1021 000B 0000 0000 0005 -52.0 5.95798 7233
2017 1021 000B 0000 0000 0004 -56.0 1.73647 7240
2017 1021 000B 0000 0000 0003 -63.0 5.90276 7256
2017 1021 000B 0000 0000 0004 -55.5 1.92054 7293
2017 1021 000B 0000 0000 0005 -52.0 6.06229 7303
2017 1021 000B 0000 0000 0003 -61.5 3.09251 7579
2017 1021 000B 0000 0000 0005 -51.5 0.31293 7584
2017 1021 000B 0000 0000 0004 -56.5 2.63845 7588
2017 1021 000B 0000 0000 0005 -51.5 0.34361 7612
2017 1021 000B 0000 0000 0004 -56.0 2.73049 7616
2017 1021 000B 0000 0000 0003 -61.5 3.01887 7621
2017 1021 000B 0000 0000 0004 -56.5 3.55270 7898
2017 1021 000B 0000 0000 0005 -51.5 0.90198 7903
2017 1021 000B 0000 0000 0002 -58.5 6.22796 7917
2017 1021 000B 0000 0000 0003 -61.5 0.03682 7946
2017 1021 000B 0000 0000 0004 -56.5 3.97608 7985
2017 1021 000B 0000 0000 0002 -57.5 3.08023 7990
2017 1021 000B 0000 0000 0005 -51.0 1.08606 7994
2017 1021 000B 0000 0000 0003 -61.0 3.12932 7999
2017 1021 000B 0000 0000 0003 -60.5 3.28885 8274
2017 1021 000B 0000 0000 0005 -52.0 1.65056 8279
2017 1021 000B 0000 0000 0002 -57.0 0.20249 8293
2017 1021 000B 0000 0000 0004 -56.5 4.91487 8323
2017 1021 000B 0000 0000 0003 -59.5 3.45452 8361
2017 1021 000B 0000 0000 0004 -55.5 5.15418 8367
2017 1021 000B 0000 0000 0005 -52.0 1.75487 8371
2017 1021 000B 0000 0000 0002 -57.0 0.27612 8385
2017 1021 000B 0000 0000 0003 -59.0 3.60179 8662
2017 1021 000B 0000 0000 0005 -53.5 2.39915 8666
2017 1021 000B 0000 0000 0004 -54.0 6.02548 8671
2017 1021 000B 0000 0000 0002 -56.0 3.60792 8676
2017 1021 000B 0000 0000 0005 -53.5 2.49732 8695
2017 1021 000B 0000 0000 0004 -54.0 6.19115 8699
2017 1021 000B 0000 0000 0003 -59.5 3.64474 8704
2017 1021 000B 0000 0000 0002 -56.0 3.69383 8709
2017 1021 000B 0000 0000 0003 -59.5 3.82268 8983
2017 1021 000B 0000 0000 0005 -55.0 3.35021 8988
2017 1021 000B 0000 0000 0004 -52.0 0.85289 8992
2017 1021 000B 0000 0000 0002 -56.0 3.73064 8997
2017 1021 000B 0000 0000 0003 -59.5 3.71223 9016
2017 1021 000B 0000 0000 0004 -51.5 0.91425 9022
2017 1021 000B 0000 0000 0002 -55.0 3.76132 9027
2017 1021 000B 0000 0000 0005 -55.5 3.30113 9031
2017 1021 000B 0000 0000 0002 -55.0 3.98221 9304
2017 1021 000B 0000 0000 0004 -49.5 1.66897 9309
2017 1021 000B 0000 0000 0003 -59.0 3.93926 9314
2017 1021 000B 0000 0000 0005 -56.0 4.22765 9319
2017 1021 000B 0000 0000 0005 -56.0 4.35651 9338
2017 1021 000B 0000 0000 0004 -49.0 1.73647 9342
2017 1021 000B 0000 0000 0003 -58.0 3.97608 9347
2017 1021 000B 0000 0000 0002 -56.0 3.91472 9352
2017 1021 000B 0000 0000 0004 -48.0 2.35619 9624
2017 1021 000B 0000 0000 0003 -58.5 4.08039 9628
2017 1021 000B 0000 0000 0002 -55.0 4.16629 9633
2017 1021 000B 0000 0000 0005 -56.5 5.40575 9638
2017 1021 000B 0000 0000 0004 -48.0 2.46664 9657
2017 1021 000B 0000 0000 0003 -58.0 4.19084 9661
2017 1021 000B 0000 0000 0005 -57.0 5.53460 9666
2017 1021 000B 0000 0000 0002 -54.5 4.08039 9671
2017 1021 000B 0000 0000 0002 -54.0 4.19697 9943
2017 1021 000B 0000 0000 0005 -55.5 0.34361 9947
2017 1021 000B 0000 0000 0004 -47.0 2.98819 9952
2017 1021 000B 0000 0000 0003 -58.0 4.12948 9956
2017 1021 000B 0000 0000 0004 -46.5 3.14159 9976
2017 1021 000B 0000 0000 0005 -55.5 0.35588 9981
2017 1021 000B 0000 0000 0003 -57.0 4.10493 9987
2017 1021 000B 0000 0000 0002 -55.0 4.23379 9992
2017 1021 000B 0000 0000 0005 -53.5 1.28854 10263
2017 1021 000B 0000 0000 0002 -54.5 4.33196 10268
2017 1021 000B 0000 0000 0003 -58.0 4.19697 10272
2017 1021 000B 0000 0000 0004 -44.5 3.54656 10277
2017 1021 000B 0000 0000 0004 -44.5 3.61406 10296
2017 1021 000B 0000 0000 0002 -54.0 4.40559 10301
2017 1021 000B 0000 0000 0003 -57.0 4.33196 10305
2017 1021 000B 0000 0000 0005 -53.0 1.35604 10310
2017 1021 000B 0000 0000 0005 -51.0 2.02485 10583
2017 1021 000B 0000 0000 0004 -43.5 3.92085 10588
2017 1021 000B 0000 0000 0003 -58.0 1.11060 10599
2017 1021 000B 0000 0000 0002 -54.0 1.27014 10617
2017 1021 000B 0000 0000 0004 -42.5 3.98221 10645
2017 1021 000B 0000 0000 0002 -53.5 4.38105 10649
2017 1021 000B 0000 0000 0005 -51.0 2.11076 10654
2017 1021 000B 0000 0000 0003 -57.0 4.24606 10659
2017 1021 000B 0000 0000 0005 -49.5 2.63845 10933
2017 1021 000B 0000 0000 0004 -41.0 4.22765 10938
2017 1021 000B 0000 0000 0003 -57.5 4.35651 10950
2017 1021 000B 0000 0000 0002 -53.5 1.42353 10969
2017 1021 000B 0000 0000 0002 -52.5 4.57740 10995
2017 1021 000B 0000 0000 0004 -40.5 4.32583 11000
2017 1021 000B 0000 0000 0005 -49.5 2.83480 11004
2017 1021 000B 0000 0000 0003 -57.0 4.36264 11009
2017 1021 000B 0000 0000 0005 -49.0 3.33181 11282
2017 1021 000B 0000 0000 0004 -39.0 4.42400 11287
2017 1021 000B 0000 0000 0002 -53.0 1.57693 11298
2017 1021 000B 0000 0000 0003 -57.5 1.35604 11319
2017 1021 000B 0000 0000 0005 -48.5 3.48520 11343
2017 1021 000B 0000 0000 0004 -39.0 4.46695 11348
2017 1021 000B 0000 0000 0003 -56.5 4.58353 11353
2017 1021 000B 0000 0000 0002 -52.5 4.74920 11357
2017 1021 000B 0000 0000 0005 -48.0 4.04357 11631
2017 1021 000B 0000 0000 0004 -38.0 4.63262 11635
2017 1021 000B 0000 0000 0003 -56.0 4.66944 11640
2017 1021 000B 0000 0000 0002 -53.0 4.98237 11645
2017 1021 000B 0000 0000 0004 -38.0 4.62035 11664
2017 1021 000B 0000 0000 0005 -48.5 4.08652 11670
2017 1021 000B 0000 0000 0002 -52.0 5.00691 11674
2017 1021 000B 0000 0000 0003 -57.0 4.77988 11679
2017 1021 000B 0000 0000 0004 -37.0 4.66330 11952
2017 1021 000B 0000 0000 0005 -47.5 4.63262 11957
2017 1021 000B 0000 0000 0003 -56.5 4.82284 11961
2017 1021 000B 0000 0000 0002 -53.5 2.08008 11973
2017 1021 000B 0000 0000 0003 -56.5 4.93328 12000
2017 1021 000B 0000 0000 0004 -37.0 4.68171 12005
2017 1021 000B 0000 0000 0005 -47.5 4.78602 12009
2017 1021 000B 0000 0000 0002 -52.5 5.23394 12014
2017 1021 000B 0000 0000 0004 -36.0 4.73080 12287
2017 1021 000B 0000 0000 0005 -45.5 5.24008 12292
2017 1021 000B 0000 0000 0003 -56.5 5.19099 12297
2017 1021 000B 0000 0000 0002 -53.5 5.54074 12302
2017 1021 000B 0000 0000 0004 -36.0 4.73693 12321
2017 1021 000B 0000 0000 0003 -57.0 5.17872 12326
2017 1021 000B 0000 0000 0002 -53.5 5.58983 12331
2017 1021 000B 0000 0000 0005 -45.5 5.33212 12335
2017 1021 000B 0000 0000 0005 -44.0 5.79845 12607
2017 1021 000B 0000 0000 0004 -35.5 4.72466 12611
2017 1021 000B 0000 0000 0002 -53.0 5.86594 12616
2017 1021 000B 0000 0000 0003 -57.5 5.49779 12620
2017 1021 000B 0000 0000 0002 -53.0 5.90276 12640
2017 1021 000B 0000 0000 0005 -44.0 5.80458 12644
2017 1021 000B 0000 0000 0003 -57.5 5.36280 12649
2017 1021 000B 0000 0000 0004 -35.5 4.69398 12654
2017 1021 000B 0000 0000 0005 -43.0 6.06843 12926
2017 1021 000B 0000 0000 0004 -35.0 4.65717 12930
2017 1021 000B 0000 0000 0003 -56.5 5.56528 12935
2017 1021 000B 0000 0000 0002 -52.5 6.25864 12940
2017 1021 000B 0000 0000 0005 -42.5 6.14206 12962
2017 1021 000B 0000 0000 0002 -52.5 6.24023 12967
2017 1021 000B 0000 0000 0004 -35.0 4.63876 12971
2017 1021 000B 0000 0000 0003 -57.0 5.52847 12976
2017 1021 000B 0000 0000 0004 -34.5 4.52218 13248
2017 1021 000B 0000 0000 0002 -51.5 0.30066 13252
2017 1021 000B 0000 0000 0003 -56.5 5.49165 13257
2017 1021 000B 0000 0000 0005 -41.5 6.26478 13262
2017 1021 000B 0000 0000 0002 -51.0 0.36816 13281
2017 1021 000B 0000 0000 0005 -41.5 0.04295 13286
2017 1021 000B 0000 0000 0004 -34.5 4.50377 13290
2017 1021 000B 0000 0000 0003 -56.5 5.55301 13295
2017 1021 000B 0000 0000 0002 -50.5 0.63200 13567
2017 1021 000B 0000 0000 0005 -40.0 0.07977 13571
2017 1021 000B 0000 0000 0004 -34.5 4.36264 13576
2017 1021 000B 0000 0000 0003 -54.0 5.28917 13581
2017 1021 000B 0000 0000 0004 -35.0 4.40559 13600
2017 1021 000B 0000 0000 0005 -40.0 0.08590 13604
2017 1021 000B 0000 0000 0002 -50.5 0.72404 13609
2017 1021 000B 0000 0000 0003 -54.5 5.30144 13614
2017 1021 000B 0000 0000 0004 -35.5 4.22765 13886
2017 1021 000B 0000 0000 0005 -39.0 0.08590 13891
2017 1021 000B 0000 0000 0002 -49.0 0.93266 13896
2017 1021 000B 0000 0000 0003 -52.0 5.24008 13910
2017 1021 000B 0000 0000 0004 -35.5 4.19084 13934
2017 1021 000B 0000 0000 0005 -39.0 0.11045 13939
2017 1021 000B 0000 0000 0002 -49.5 4.16016 13950
2017 1021 000B 0000 0000 0003 -51.5 5.24621 13970
2017 1021 000B 0000 0000 0005 -38.5 0.11658 14249
2017 1021 000B 0000 0000 0004 -37.0 4.03130 14254
2017 1021 000B 0000 0000 0003 -49.0 5.22167 14259
2017 1021 000B 0000 0000 0002 -48.0 1.19651 14263
2017 1021 000B 0000 0000 0005 -38.5 0.14726 14282
2017 1021 000B 0000 0000 0002 -48.0 1.16583 14287
2017 1021 000B 0000 0000 0003 -49.0 5.24621 14291
2017 1021 000B 0000 0000 0004 -37.0 3.98835 14296
2017 1021 000B 0000 0000 0005 -38.5 0.10431 14568
2017 1021 000B 0000 0000 0002 -47.5 1.34377 14573
2017 1021 000B 0000 0000 0004 -38.0 3.82268 14577
2017 1021 000B 0000 0000 0003 -47.5 5.22781 14582
2017 1021 000B 0000 0000 0003 -47.5 5.22167 14601
2017 1021 000B 0000 0000 0005 -39.0 0.11045 14606
2017 1021 000B 0000 0000 0004 -38.5 3.79200 14610
2017 1021 000B 0000 0000 0002 -47.5 1.39285 14615
2017 1021 000B 0000 0000 0002 -47.0 1.40513 14887
2017 1021 000B 0000 0000 0005 -39.5 0.05522 14893
2017 1021 000B 0000 0000 0004 -39.0 3.60179 14897
2017 1021 000B 0000 0000 0003 -46.5 5.23394 14902
2017 1021 000B 0000 0000 0004 -39.0 3.57111 14921
2017 1021 000B 0000 0000 0005 -39.5 0.06136 14926
2017 1021 000B 0000 0000 0003 -47.0 5.22167 14939
2017 1021 000B 0000 0000 0002 -47.0 1.40513 14958
2017 1021 000B 0000 0000 0005 -40.5 0.00000 15238
2017 1021 000B 0000 0000 0004 -41.0 3.39317 15243
2017 1021 000B 0000 0000 0002 -47.0 4.54672 15262
2017 1021 000B 0000 0000 0003 -46.5 5.14190 15280
2017 1021 000B 0000 0000 0002 -46.5 1.37445 15305
2017 1021 000B 0000 0000 0003 -45.5 5.14190 15309
2017 1021 000B 0000 0000 0004 -41.5 3.32567 15320
2017 1021 000B 0000 0000 0005 -41.0 6.25251 15339
2017 1021 000B 0000 0000 0003 -45.0 5.06827 15619
2017 1021 000B 0000 0000 0002 -46.5 1.33150 15624
2017 1021 000B 0000 0000 0005 -42.0 6.22183 15629
2017 1021 000B 0000 0000 0004 -42.5 3.07410 15633
2017 1021 000B 0000 0000 0001 -63.5 0.51542 15643
2017 1021 000B 0000 0000 0005 -42.0 6.20342 15673
2017 1021 000B 0000 0000 0004 -42.5 3.00047 15678
2017 1021 000B 0000 0000 0002 -46.5 1.33150 15683
2017 1021 000B 0000 0000 0003 -45.0 5.04986 15688
2017 1021 000B 0000 0000 0001 -62.0 3.06183 15693
2017 1021 000B 0000 0000 0002 -46.5 1.08606 15966
2017 1021 000B 0000 0000 0003 -45.0 4.95169 15971
2017 1021 000B 0000 0000 0001 -57.0 4.28901 15976
2017 1021 000B 0000 0000 0004 -43.5 2.71821 15981
2017 1021 000B 0000 0000 0005 -43.5 6.11138 15986
2017 1021 000B 0000 0000 0005 -43.0 6.06843 16005
2017 1021 000B 0000 0000 0003 -44.5 4.90874 16010
2017 1021 000B 0000 0000 0004 -43.5 2.73049 16015
2017 1021 000B 0000 0000 0001 -56.5 4.50990 16026
2017 1021 000B 0000 0000 0002 -47.0 1.15969 16045
2017 1021 000B 0000 0000 0001 -52.5 5.13577 16325
2017 1021 000B 0000 0000 0005 -44.5 5.94571 16330
2017 1021 000B 0000 0000 0003 -45.0 4.76761 16335
2017 1021 000B 0000 0000 0004 -45.0 2.39915 16340
2017 1021 000B 0000 0000 0002 -47.0 0.99402 16344
2017 1021 000B 0000 0000 0005 -44.5 5.87821 16365
2017 1021 000B 0000 0000 0004 -45.0 2.34392 16370
2017 1021 000B 0000 0000 0003 -45.0 4.80443 16374
2017 1021 000B 0000 0000 0002 -47.0 0.96948 16379
2017 1021 000B 0000 0000 0001 -53.0 5.22167 16390
2017 1021 000B 0000 0000 0005 -45.5 5.71868 16672
2017 1021 000B 0000 0000 0002 -47.5 0.66882 16676
2017 1021 000B 0000 0000 0001 -50.0 5.64505 16688
2017 1021 000B 0000 0000 0003 -45.5 4.62035 16707
2017 1021 000B 0000 0000 0004 -47.0 5.16645 16728
2017 1021 000B 0000 0000 0001 -48.5 5.84140 16752
2017 1021 000B 0000 0000 0005 -46.0 5.73095 16757
2017 1021 000B 0000 0000 0003 -45.5 4.59581 16762
2017 1021 000B 0000 0000 0002 -48.5 0.64427 16776
2017 1021 000B 0000 0000 0005 -47.0 5.35052 17052
2017 1021 000B 0000 0000 0004 -47.5 1.68124 17057
2017 1021 000B 0000 0000 0001 -47.5 6.18501 17074
2017 1021 000B 0000 0000 0003 -46.5 4.44854 17103
2017 1021 000B 0000 0000 0002 -49.5 0.38043 17136
2017 1021 000B 0000 0000 0005 -47.5 5.28917 17164
2017 1021 000B 0000 0000 0001 -47.5 6.24023 17169
2017 1021 000B 0000 0000 0004 -48.5 1.49717 17173
2017 1021 000B 0000 0000 0003 -45.5 4.38105 17178
2017 1021 000B 0000 0000 0004 -50.0 1.05538 17450
2017 1021 000B 0000 0000 0001 -45.5 0.20249 17455
2017 1021 000B 0000 0000 0003 -46.5 4.18470 17460
2017 1021 000B 0000 0000 0005 -49.0 4.91487 17465
2017 1021 000B 0000 0000 0002 -50.0 0.01227 17470
2017 1021 000B 0000 0000 0004 -50.5 0.99402 17489
2017 1021 000B 0000 0000 0005 -49.5 4.83511 17494
2017 1021 000B 0000 0000 0003 -48.5 3.96381 17783
2017 1021 000B 0000 0000 0004 -53.5 0.51542 17788
2017 1021 000B 0000 0000 0001 -44.0 0.33134 17792
2017 1021 000B 0000 0000 0002 -50.5 6.00707 17797
2017 1021 000B 0000 0000 0005 -51.5 1.07992 17811
2017 1021 000B 0000 0000 0002 -51.0 6.00707 17834
2017 1021 000B 0000 0000 0001 -44.0 0.33748 17839
2017 1021 000B 0000 0000 0003 -49.0 3.93313 17844
2017 1021 000B 0000 0000 0005 -51.0 4.13561 17849
2017 1021 000B 0000 0000 0004 -54.5 0.22703 17854
2017 1021 000B 0000 0000 0001 -43.5 0.36816 18126
2017 1021 000B 0000 0000 0002 -51.0 5.72482 18131
2017 1021 000B 0000 0000 0003 -49.5 3.49134 18136
2017 1021 000B 0000 0000 0005 -53.5 3.60792 18141
2017 1021 000B 0000 0000 0002 -52.0 5.67573 18160
2017 1021 000B 0000 0000 0003 -49.5 3.49134 18165
2017 1021 000B 0000 0000 0001 -43.0 0.36816 18169
2017 1021 000B 0000 0000 0005 -54.0 0.33748 18179
2017 1021 000B 0000 0000 0002 -52.0 5.21553 18461
2017 1021 000B 0000 0000 0003 -51.5 2.90843 18465
2017 1021 000B 0000 0000 0001 -43.0 0.33134 18470
2017 1021 000B 0000 0000 0005 -56.5 2.92684 18475
2017 1021 000B 0000 0000 0001 -42.5 0.34975 18494
2017 1021 000B 0000 0000 0002 -52.0 5.10509 18499
2017 1021 000B 0000 0000 0005 -56.5 2.79185 18504
2017 1021 000B 0000 0000 0003 -52.0 2.91456 18508
2017 1021 000B 0000 0000 0001 -42.5 0.27612 18780
2017 1021 000B 0000 0000 0003 -53.0 2.31324 18784
2017 1021 000B 0000 0000 0005 -58.0 2.49118 18789
2017 1021 000B 0000 0000 0002 -54.5 4.70625 18793
2017 1021 000B 0000 0000 0005 -56.5 2.50346 18813
2017 1021 000B 0000 0000 0002 -54.0 4.70012 18817
2017 1021 000B 0000 0000 0001 -42.5 0.26384 18822
2017 1021 000B 0000 0000 0003 -53.0 2.33165 18827
2017 1021 000B 0000 0000 0001 -42.5 0.30680 19099
2017 1021 000B 0000 0000 0002 -55.5 4.27674 19103
2017 1021 000B 0000 0000 0003 -54.0 1.58307 19108
2017 1021 000B 0000 0000 0002 -56.0 4.37491 19127
2017 1021 000B 0000 0000 0001 -43.0 0.25771 19132
2017 1021 000B 0000 0000 0003 -55.0 1.64443 19137
2017 1021 000B 0000 0000 0001 -43.5 0.27612 19419
2017 1021 000B 0000 0000 0002 -58.5 4.09880 19424
2017 1021 000B 0000 0000 0003 -57.5 1.10447 19429
2017 1021 000B 0000 0000 0001 -43.5 0.24544 19448
2017 1021 000B 0000 0000 0003 -58.0 1.05538 19452
2017 1021 000B 0000 0000 0002 -61.0 0.58905 19472
2017 1021 000B 0000 0000 0003 -59.0 0.35588 19750
2017 1021 000B 0000 0000 0001 -44.0 0.26998 19754
2017 1021 000B 0000 0000 0001 -44.5 0.25157 19776
2017 1021 000B 0000 0000 0003 -59.0 0.30066 19781
2017 1021 000B 0000 0000 0001 -45.5 0.26998 20055
2017 1021 000B 0000 0000 0003 -62.5 6.00093 20067
2017 1021 000B 0000 0000 0001 -46.0 0.29452 20095
2017 1021 000B 0000 0000 0003 -60.5 6.16660 20100
2017 1021 000B 0000 0000 0001 -46.5 0.33134 20372
2017 1021 000B 0000 0000 0001 -46.5 0.25157 20391
2017 1021 000B 0000 0000 0001 -48.0 0.23317 20664
2017 1021 000B 0000 0000 0001 -48.0 0.19635 20682
2017 1021 000B 0000 0000 0001 -50.0 0.10431 20955
2017 1021 000B 0000 0000 0001 -50.0 0.12885 20975
2017 1021 000B 0000 0000 0001 -52.0 6.20342 21249
2017 1021 000B 0000 0000 0001 -52.0 6.22183 21268
2017 1021 000B 0000 0000 0001 -55.0 5.98253 21554
2017 1021 000B 0000 0000 0001 -55.0 5.98866 21573
2017 1021 000B 0000 0000 0001 -58.0 5.79231 21846
2017 1021 000B 0000 0000 0001 -59.5 5.55915 21865
