2017 1021 000B 0000 0000 0005 -64.5 2.79185 0
2017 1021 000B 0000 0000 0005 -63.0 6.09297 28
2017 1021 000B 0000 0000 0005 -63.0 6.05616 300
2017 1021 000B 0000 0000 0005 -63.0 0.17794 321
2017 1021 000B 0000 0000 0005 -63.0 0.34975 594
2017 1021 000B 0000 0000 0004 -61.5 4.16016 599
2017 1021 000B 0000 0000 0004 -61.0 4.14788 618
2017 1021 000B 0000 0000 0005 -61.5 0.49701 622
2017 1021 000B 0000 0000 0004 -59.0 4.68171 894
2017 1021 000B 0000 0000 0005 -63.0 0.95720 900
2017 1021 000B 0000 0000 0004 -59.0 4.71239 919
2017 1021 000B 0000 0000 0005 -65.0 0.53383 924
2017 1021 000B 0000 0000 0004 -57.5 5.02532 1196
2017 1021 000B 0000 0000 0005 -63.5 1.43581 1201
2017 1021 000B 0000 0000 0004 -57.5 5.24621 1228
2017 1021 000B 0000 0000 0004 -57.0 5.70641 1501
2017 1021 000B 0000 0000 0004 -57.0 5.66959 1524
2017 1021 000B 0000 0000 0004 -56.0 6.04388 1797
2017 1021 000B 0000 0000 0004 -56.5 5.99480 1816
2017 1021 000B 0000 0000 0004 -55.0 0.20862 2089
2017 1021 000B 0000 0000 0004 -56.0 0.14726 2109
2017 1021 000B 0000 0000 0004 -55.0 0.61973 2381
2017 1021 000B 0000 0000 0004 -54.5 0.55837 2400
2017 1021 000B 0000 0000 0004 -54.0 0.89584 2674
2017 1021 000B 0000 0000 0004 -54.0 0.98175 2693
2017 1021 000B 0000 0000 0004 -53.5 1.19037 2966
2017 1021 000B 0000 0000 0004 -53.5 1.28854 2984
2017 1021 000B 0000 0000 0004 -54.5 1.63216 3258
2017 1021 000B 0000 0000 0004 -54.5 1.65670 3278
2017 1021 000B 0000 0000 0005 -62.5 5.85367 3550
2017 1021 000B 0000 0000 0004 -54.5 2.06167 3555
2017 1021 000B 0000 0000 0004 -54.5 2.02485 3574
2017 1021 000B 0000 0000 0005 -62.5 5.93957 3579
2017 1021 000B 0000 0000 0004 -55.0 2.75503 3854
2017 1021 000B 0000 0000 0005 -63.5 6.27705 3871
2017 1021 000B 0000 0000 0004 -56.0 2.72435 3908
2017 1021 000B 0000 0000 0005 -62.5 6.24023 3913
2017 1021 000B 0000 0000 0004 -56.0 3.19068 4186
2017 1021 000B 0000 0000 0005 -62.0 0.49087 4191
2017 1021 000B 0000 0000 0005 -62.5 0.43565 4211
2017 1021 000B 0000 0000 0004 -56.5 3.22750 4216
2017 1021 000B 0000 0000 0005 -63.0 0.41111 4495
2017 1021 000B 0000 0000 0004 -56.0 4.00062 4500
2017 1021 000B 0000 0000 0005 -63.5 0.66268 4519
2017 1021 000B 0000 0000 0004 -55.5 4.01903 4524
2017 1021 000B 0000 0000 0004 -54.5 4.66944 4796
2017 1021 000B 0000 0000 0005 -63.5 4.20924 4812
2017 1021 000B 0000 0000 0004 -54.0 4.74920 4836
2017 1021 000B 0000 0000 0005 -64.0 4.23379 4849
2017 1021 000B 0000 0000 0004 -54.0 5.19713 5128
2017 1021 000B 0000 0000 0004 -53.5 5.22167 5149
2017 1021 000B 0000 0000 0004 -54.5 5.68186 5420
2017 1021 000B 0000 0000 0004 -54.0 5.89662 5441
2017 1021 000B 0000 0000 0004 -54.0 0.01227 5712
2017 1021 000B 0000 0000 0003 -55.5 6.26478 6016
2017 1021 000B 0000 0000 0004 -53.0 0.98788 6021
2017 1021 000B 0000 0000 0004 -54.0 0.77313 6052
2017 1021 000B 0000 0000 0003 -56.5 6.16660 6071
2017 1021 000B 0000 0000 0004 -53.0 1.30082 6351
2017 1021 000B 0000 0000 0003 -54.5 0.11658 6356
2017 1021 000B 0000 0000 0003 -54.5 0.09204 6379
2017 1021 000B 0000 0000 0004 -53.5 1.42353 6384
2017 1021 000B 0000 0000 0001 -56.5 3.00047 6656
2017 1021 000B 0000 0000 0003 -52.0 0.31293 6660
2017 1021 000B 0000 0000 0004 -53.5 1.96350 6665
2017 1021 000B 0000 0000 0002 -61.5 0.02454 6687
2017 1021 000B 0000 0000 0003 -52.0 0.28225 6725
2017 1021 000B 0000 0000 0001 -57.0 3.11091 6729
2017 1021 000B 0000 0000 0004 -54.0 2.13530 6739
2017 1021 000B 0000 0000 0002 -61.5 3.21522 6756
2017 1021 000B 0000 0000 0004 -54.5 2.89616 7046
2017 1021 000B 0000 0000 0001 -56.5 3.44225 7050
2017 1021 000B 0000 0000 0003 -50.5 0.62586 7055
2017 1021 000B 0000 0000 0002 -60.5 3.50361 7060
2017 1021 000B 0000 0000 0002 -59.5 3.54043 7079
2017 1021 000B 0000 0000 0003 -50.0 0.60746 7084
2017 1021 000B 0000 0000 0004 -55.0 2.92684 7088
2017 1021 000B 0000 0000 0001 -57.0 3.38703 7093
2017 1021 000B 0000 0000 0002 -59.0 3.71223 7365
2017 1021 000B 0000 0000 0001 -57.5 3.71837 7369
2017 1021 000B 0000 0000 0003 -49.5 0.88357 7374
2017 1021 000B 0000 0000 0004 -55.5 3.73064 7381
2017 1021 000B 0000 0000 0003 -49.0 0.93266 7403
2017 1021 000B 0000 0000 0001 -58.5 0.55223 7415
2017 1021 000B 0000 0000 0004 -56.0 0.68722 7434
2017 1021 000B 0000 0000 0002 -60.0 0.60746 7454
2017 1021 000B 0000 0000 0003 -47.5 1.12901 7729
2017 1021 000B 0000 0000 0004 -56.5 4.68785 7733
2017 1021 000B 0000 0000 0002 -59.0 4.08039 7738
2017 1021 000B 0000 0000 0003 -47.5 1.15355 7758
2017 1021 000B 0000 0000 0002 -59.0 3.98835 7762
2017 1021 000B 0000 0000 0004 -56.0 4.78602 7767
2017 1021 000B 0000 0000 0003 -46.5 1.42353 8038
2017 1021 000B 0000 0000 0004 -57.5 5.79231 8043
2017 1021 000B 0000 0000 0002 -58.5 4.12948 8048
2017 1021 000B 0000 0000 0002 -58.0 4.20924 8067
2017 1021 000B 0000 0000 0003 -46.5 1.49103 8072
2017 1021 000B 0000 0000 0004 -57.5 6.01934 8077
2017 1021 000B 0000 0000 0003 -45.5 1.75487 8349
2017 1021 000B 0000 0000 0002 -58.5 4.19697 8354
2017 1021 000B 0000 0000 0004 -56.5 0.85903 8359
2017 1021 000B 0000 0000 0003 -46.0 1.78555 8378
2017 1021 000B 0000 0000 0004 -56.5 0.95107 8383
2017 1021 000B 0000 0000 0002 -59.0 4.10493 8387
2017 1021 000B 0000 0000 0004 -52.0 1.79169 8660
2017 1021 000B 0000 0000 0003 -45.5 2.07394 8665
2017 1021 000B 0000 0000 0002 -58.5 1.01243 8677
2017 1021 000B 0000 0000 0003 -45.5 2.06167 8704
2017 1021 000B 0000 0000 0002 -57.5 4.37491 8709
2017 1021 000B 0000 0000 0004 -52.5 2.16598 8713
2017 1021 000B 0000 0000 0003 -45.5 2.44210 8985
2017 1021 000B 0000 0000 0004 -50.0 2.85934 8989
2017 1021 000B 0000 0000 0002 -58.0 4.26447 8994
2017 1021 000B 0000 0000 0002 -58.0 4.11720 9014
2017 1021 000B 0000 0000 0003 -45.5 2.42983 9019
2017 1021 000B 0000 0000 0004 -50.0 2.88388 9023
2017 1021 000B 0000 0000 0003 -45.0 2.66299 9295
2017 1021 000B 0000 0000 0004 -48.0 3.45452 9300
2017 1021 000B 0000 0000 0002 -57.0 4.18470 9305
2017 1021 000B 0000 0000 0004 -47.5 3.52816 9324
2017 1021 000B 0000 0000 0003 -44.5 2.69981 9329
2017 1021 000B 0000 0000 0002 -57.0 4.17856 9333
2017 1021 000B 0000 0000 0004 -46.0 4.01903 9621
2017 1021 000B 0000 0000 0003 -44.5 2.92684 9626
2017 1021 000B 0000 0000 0002 -57.5 4.22152 9631
2017 1021 000B 0000 0000 0003 -44.0 2.93911 9650
2017 1021 000B 0000 0000 0002 -56.5 4.17856 9655
2017 1021 000B 0000 0000 0004 -46.0 4.09880 9660
2017 1021 000B 0000 0000 0002 -57.0 4.23992 9932
2017 1021 000B 0000 0000 0001 -55.0 3.00660 9936
2017 1021 000B 0000 0000 0003 -43.5 3.09251 9941
2017 1021 000B 0000 0000 0004 -44.5 4.44241 9946
2017 1021 000B 0000 0000 0001 -55.0 2.89002 9965
2017 1021 000B 0000 0000 0003 -43.5 3.09251 9969
2017 1021 000B 0000 0000 0002 -57.5 4.31355 9974
2017 1021 000B 0000 0000 0004 -44.5 4.46082 9979
2017 1021 000B 0000 0000 0003 -42.5 3.19068 10251
2017 1021 000B 0000 0000 0001 -53.0 3.19682 10255
2017 1021 000B 0000 0000 0004 -43.5 4.76761 10260
2017 1021 000B 0000 0000 0002 -57.5 4.26447 10266
2017 1021 000B 0000 0000 0004 -43.5 4.81056 10287
2017 1021 000B 0000 0000 0003 -42.5 3.20295 10291
2017 1021 000B 0000 0000 0002 -57.0 4.08039 10296
2017 1021 000B 0000 0000 0001 -53.0 3.25818 10301
2017 1021 000B 0000 0000 0003 -41.5 3.17841 10573
2017 1021 000B 0000 0000 0001 -50.5 3.72451 10577
2017 1021 000B 0000 0000 0004 -42.0 5.06214 10582
2017 1021 000B 0000 0000 0002 -57.0 4.30128 10587
2017 1021 000B 0000 0000 0002 -57.0 4.44241 10609
2017 1021 000B 0000 0000 0001 -50.0 3.51588 10613
2017 1021 000B 0000 0000 0003 -41.5 3.19682 10618
2017 1021 000B 0000 0000 0004 -42.0 5.08054 10623
2017 1021 000B 0000 0000 0003 -41.0 3.14159 10895
2017 1021 000B 0000 0000 0002 -57.5 4.43627 10899
2017 1021 000B 0000 0000 0001 -49.0 3.89018 10904
2017 1021 000B 0000 0000 0004 -41.0 5.33825 10909
2017 1021 000B 0000 0000 0002 -58.0 4.40559 10928
2017 1021 000B 0000 0000 0003 -40.5 3.17841 10933
2017 1021 000B 0000 0000 0004 -41.0 5.29530 10938
2017 1021 000B 0000 0000 0001 -48.5 3.93926 10943
2017 1021 000B 0000 0000 0002 -56.5 4.01289 11214
2017 1021 000B 0000 0000 0001 -47.5 4.20924 11219
2017 1021 000B 0000 0000 0003 -40.0 3.08023 11224
2017 1021 000B 0000 0000 0004 -40.5 5.47324 11230
2017 1021 000B 0000 0000 0003 -40.0 3.04955 11251
2017 1021 000B 0000 0000 0004 -40.5 5.49779 11255
2017 1021 000B 0000 0000 0001 -48.0 1.06765 11265
2017 1021 000B 0000 0000 0002 -58.0 1.09219 11288
2017 1021 000B 0000 0000 0002 -56.0 4.27060 11565
2017 1021 000B 0000 0000 0004 -39.5 5.60823 11569
2017 1021 000B 0000 0000 0003 -39.5 2.86548 11574
2017 1021 000B 0000 0000 0001 -46.0 4.47922 11579
2017 1021 000B 0000 0000 0004 -39.5 5.58369 11598
2017 1021 000B 0000 0000 0003 -40.0 2.90843 11603
2017 1021 000B 0000 0000 0001 -46.0 4.48536 11608
2017 1021 000B 0000 0000 0002 -55.5 4.24606 11613
2017 1021 000B 0000 0000 0001 -45.5 4.73080 11884
2017 1021 000B 0000 0000 0004 -39.0 5.63891 11889
2017 1021 000B 0000 0000 0003 -40.0 2.66299 11894
2017 1021 000B 0000 0000 0002 -54.5 4.43627 11899
2017 1021 000B 0000 0000 0003 -39.5 2.70594 11918
2017 1021 000B 0000 0000 0004 -39.0 5.63278 11922
2017 1021 000B 0000 0000 0002 -54.0 4.36264 11927
2017 1021 000B 0000 0000 0001 -45.0 4.75534 11932
2017 1021 000B 0000 0000 0001 -43.5 4.92715 12204
2017 1021 000B 0000 0000 0002 -52.5 4.33196 12208
2017 1021 000B 0000 0000 0003 -40.5 2.51573 12214
2017 1021 000B 0000 0000 0004 -39.0 5.64505 12218
2017 1021 000B 0000 0000 0004 -39.0 5.67573 12237
2017 1021 000B 0000 0000 0003 -40.5 2.50959 12242
2017 1021 000B 0000 0000 0002 -53.5 4.36264 12246
2017 1021 000B 0000 0000 0001 -43.5 4.97623 12251
2017 1021 000B 0000 0000 0002 -52.0 4.50990 12524
2017 1021 000B 0000 0000 0003 -41.5 2.26416 12529
2017 1021 000B 0000 0000 0004 -39.0 5.61437 12534
2017 1021 000B 0000 0000 0001 -43.5 1.94509 12545
2017 1021 000B 0000 0000 0003 -41.5 2.25188 12573
2017 1021 000B 0000 0000 0001 -42.0 5.10509 12578
2017 1021 000B 0000 0000 0004 -39.0 5.59596 12582
2017 1021 000B 0000 0000 0002 -51.5 4.42400 12587
2017 1021 000B 0000 0000 0001 -41.5 5.14190 12859
2017 1021 000B 0000 0000 0003 -41.5 2.02485 12864
2017 1021 000B 0000 0000 0004 -39.5 5.54074 12869
2017 1021 000B 0000 0000 0002 -50.5 4.39946 12873
2017 1021 000B 0000 0000 0004 -39.5 5.53460 12892
2017 1021 000B 0000 0000 0002 -50.5 4.41786 12897
2017 1021 000B 0000 0000 0003 -42.5 2.01872 12908
2017 1021 000B 0000 0000 0001 -42.0 2.00031 12927
2017 1021 000B 0000 0000 0004 -40.5 5.44256 13209
2017 1021 000B 0000 0000 0001 -40.0 5.11736 13214
2017 1021 000B 0000 0000 0003 -43.0 1.74874 13218
2017 1021 000B 0000 0000 0002 -49.5 4.39332 13223
2017 1021 000B 0000 0000 0005 -59.0 5.61437 13234
2017 1021 000B 0000 0000 0002 -48.5 4.40559 13262
2017 1021 000B 0000 0000 0004 -40.5 5.41188 13266
2017 1021 000B 0000 0000 0005 -58.5 2.69367 13271
2017 1021 000B 0000 0000 0001 -40.0 5.10509 13276
2017 1021 000B 0000 0000 0003 -43.5 1.69965 13281
2017 1021 000B 0000 0000 0005 -54.5 2.98819 13553
2017 1021 000B 0000 0000 0001 -39.5 5.06214 13558
2017 1021 000B 0000 0000 0004 -41.0 5.27689 13563
2017 1021 000B 0000 0000 0003 -45.0 1.49717 13567
2017 1021 000B 0000 0000 0002 -49.0 1.30695 13580
2017 1021 000B 0000 0000 0003 -45.0 1.43581 13607
2017 1021 000B 0000 0000 0001 -39.5 5.06214 13611
2017 1021 000B 0000 0000 0004 -41.0 5.25235 13616
2017 1021 000B 0000 0000 0002 -48.5 4.38719 13621
2017 1021 000B 0000 0000 0005 -55.0 6.16660 13634
2017 1021 000B 0000 0000 0002 -47.5 4.38105 13912
2017 1021 000B 0000 0000 0004 -42.0 5.11736 13916
2017 1021 000B 0000 0000 0001 -39.0 4.96396 13920
2017 1021 000B 0000 0000 0003 -46.0 1.11674 13925
2017 1021 000B 0000 0000 0005 -52.0 3.31953 13930
2017 1021 000B 0000 0000 0001 -39.5 4.96396 13949
2017 1021 000B 0000 0000 0002 -47.0 4.42400 13955
2017 1021 000B 0000 0000 0005 -51.0 3.39317 13960
2017 1021 000B 0000 0000 0004 -42.0 5.04986 13965
2017 1021 000B 0000 0000 0003 -46.0 0.93266 13970
2017 1021 000B 0000 0000 0001 -39.0 4.83511 14243
2017 1021 000B 0000 0000 0005 -50.5 3.81654 14248
2017 1021 000B 0000 0000 0004 -43.5 4.86579 14253
2017 1021 000B 0000 0000 0002 -47.5 4.35037 14258
2017 1021 000B 0000 0000 0003 -48.5 0.47860 14263
2017 1021 000B 0000 0000 0001 -39.5 4.81670 14286
2017 1021 000B 0000 0000 0004 -43.5 4.85352 14290
2017 1021 000B 0000 0000 0002 -47.5 4.31969 14295
2017 1021 000B 0000 0000 0005 -50.5 4.07425 14300
2017 1021 000B 0000 0000 0003 -49.0 0.22089 14305
2017 1021 000B 0000 0000 0001 -40.0 4.71239 14577
2017 1021 000B 0000 0000 0003 -50.5 6.16047 14582
2017 1021 000B 0000 0000 0004 -45.0 4.63262 14587
2017 1021 000B 0000 0000 0005 -48.0 4.36264 14591
2017 1021 000B 0000 0000 0002 -47.0 4.31355 14596
2017 1021 000B 0000 0000 0002 -47.5 4.35651 14618
2017 1021 000B 0000 0000 0001 -40.0 4.70012 14623
2017 1021 000B 0000 0000 0004 -45.0 4.60194 14627
2017 1021 000B 0000 0000 0003 -51.5 5.92730 14632
2017 1021 000B 0000 0000 0005 -48.5 4.30742 14636
2017 1021 000B 0000 0000 0005 -48.0 4.72466 14908
2017 1021 000B 0000 0000 0002 -47.0 4.25219 14913
2017 1021 000B 0000 0000 0001 -40.0 4.57126 14917
2017 1021 000B 0000 0000 0003 -52.5 4.99464 14922
2017 1021 000B 0000 0000 0004 -45.5 4.28901 14927
2017 1021 000B 0000 0000 0005 -47.0 4.74307 14946
2017 1021 000B 0000 0000 0001 -40.0 4.55899 14951
2017 1021 000B 0000 0000 0004 -46.0 4.22152 14955
2017 1021 000B 0000 0000 0002 -47.0 4.16629 14960
2017 1021 000B 0000 0000 0003 -53.0 4.89033 14964
2017 1021 000B 0000 0000 0002 -47.0 4.19084 15236
2017 1021 000B 0000 0000 0001 -40.5 4.38719 15241
2017 1021 000B 0000 0000 0004 -47.5 3.71223 15247
2017 1021 000B 0000 0000 0005 -46.5 5.11122 15252
2017 1021 000B 0000 0000 0003 -53.5 4.10493 15257
2017 1021 000B 0000 0000 0001 -40.5 4.38719 15278
2017 1021 000B 0000 0000 0005 -46.0 5.11736 15282
2017 1021 000B 0000 0000 0003 -55.0 3.78586 15288
2017 1021 000B 0000 0000 0002 -47.0 4.14175 15293
2017 1021 000B 0000 0000 0004 -48.5 3.83495 15297
2017 1021 000B 0000 0000 0002 -48.0 4.07425 15570
2017 1021 000B 0000 0000 0001 -41.5 4.23992 15575
2017 1021 000B 0000 0000 0005 -46.0 5.35052 15579
2017 1021 000B 0000 0000 0004 -50.5 3.41771 15584
2017 1021 000B 0000 0000 0003 -54.0 2.67526 15589
2017 1021 000B 0000 0000 0002 -49.0 3.82882 15611
2017 1021 000B 0000 0000 0003 -54.0 2.88388 15615
2017 1021 000B 0000 0000 0001 -41.5 4.23379 15620
2017 1021 000B 0000 0000 0004 -50.5 3.28272 15625
2017 1021 000B 0000 0000 0005 -45.5 5.30144 15630
2017 1021 000B 0000 0000 0002 -49.5 3.81654 15905
2017 1021 000B 0000 0000 0003 -55.0 2.23961 15909
2017 1021 000B 0000 0000 0005 -45.0 5.54074 15914
2017 1021 000B 0000 0000 0001 -43.5 4.01289 15918
2017 1021 000B 0000 0000 0004 -53.0 2.62618 15923
2017 1021 000B 0000 0000 0001 -43.0 4.01289 15942
2017 1021 000B 0000 0000 0003 -55.5 1.93895 15947
2017 1021 000B 0000 0000 0002 -49.5 3.71837 15951
2017 1021 000B 0000 0000 0005 -45.0 5.64505 15956
2017 1021 000B 0000 0000 0004 -55.0 2.45437 15967
2017 1021 000B 0000 0000 0005 -44.0 5.74322 16249
2017 1021 000B 0000 0000 0001 -43.5 3.65701 16253
2017 1021 000B 0000 0000 0002 -52.0 0.09817 16264
2017 1021 000B 0000 0000 0004 -58.5 1.84078 16283
2017 1021 000B 0000 0000 0003 -58.0 1.17196 16303
2017 1021 000B 0000 0000 0002 -52.0 3.17227 16324
2017 1021 000B 0000 0000 0001 -44.0 3.61406 16329
2017 1021 000B 0000 0000 0005 -44.5 5.76163 16334
2017 1021 000B 0000 0000 0004 -59.5 1.63829 16344
2017 1021 000B 0000 0000 0005 -43.5 5.84753 16626
2017 1021 000B 0000 0000 0001 -45.0 3.33794 16631
2017 1021 000B 0000 0000 0002 -53.5 2.79798 16636
2017 1021 000B 0000 0000 0005 -44.5 5.94571 16655
2017 1021 000B 0000 0000 0002 -53.5 2.51573 16660
2017 1021 000B 0000 0000 0001 -45.0 3.23977 16665
2017 1021 000B 0000 0000 0001 -45.5 2.88388 16944
2017 1021 000B 0000 0000 0005 -44.0 5.83526 16949
2017 1021 000B 0000 0000 0002 -54.5 1.86532 16954
2017 1021 000B 0000 0000 0002 -54.0 1.98804 16976
2017 1021 000B 0000 0000 0001 -45.5 2.87775 16981
2017 1021 000B 0000 0000 0005 -44.0 5.95798 16986
2017 1021 000B 0000 0000 0001 -46.0 2.47891 17261
2017 1021 000B 0000 0000 0005 -44.5 5.84753 17265
2017 1021 000B 0000 0000 0002 -58.5 1.38672 17270
2017 1021 000B 0000 0000 0001 -46.0 2.38074 17289
2017 1021 000B 0000 0000 0005 -44.5 5.90276 17294
2017 1021 000B 0000 0000 0002 -57.5 1.12901 17299
2017 1021 000B 0000 0000 0002 -60.0 0.91425 17571
2017 1021 000B 0000 0000 0001 -46.5 1.96350 17576
2017 1021 000B 0000 0000 0005 -44.5 5.85367 17580
2017 1021 000B 0000 0000 0005 -45.0 5.84753 17601
2017 1021 000B 0000 0000 0001 -46.5 1.91441 17605
2017 1021 000B 0000 0000 0002 -62.0 0.57678 17616
2017 1021 000B 0000 0000 0005 -45.5 5.74936 17898
2017 1021 000B 0000 0000 0001 -47.5 1.49717 17903
2017 1021 000B 0000 0000 0005 -45.5 5.69414 17923
2017 1021 000B 0000 0000 0001 -47.5 1.33763 17928
2017 1021 000B 0000 0000 0001 -48.5 1.00016 18200
2017 1021 000B 0000 0000 0005 -46.5 5.71254 18205
2017 1021 000B 0000 0000 0001 -48.5 0.92652 18227
2017 1021 000B 0000 0000 0005 -46.5 5.66959 18232
2017 1021 000B 0000 0000 0001 -50.5 0.33134 18516
2017 1021 000B 0000 0000 0005 -48.0 5.58983 18536
2017 1021 000B 0000 0000 0005 -47.5 5.58369 18563
2017 1021 000B 0000 0000 0001 -49.5 0.25157 18567
2017 1021 000B 0000 0000 0001 -50.5 5.94571 18841
2017 1021 000B 0000 0000 0005 -48.5 5.42416 18845
2017 1021 000B 0000 0000 0001 -50.5 6.01320 18863
2017 1021 000B 0000 0000 0005 -48.5 5.34439 18868
2017 1021 000B 0000 0000 0005 -49.0 5.18486 19141
2017 1021 000B 0000 0000 0001 -50.0 5.20940 19146
2017 1021 000B 0000 0000 0005 -48.0 5.31371 19165
2017 1021 000B 0000 0000 0001 -50.5 5.51006 19169
2017 1021 000B 0000 0000 0005 -50.5 4.95783 19442
2017 1021 000B 0000 0000 0001 -52.5 4.83511 19446
2017 1021 000B 0000 0000 0005 -50.5 4.89033 19465
2017 1021 000B 0000 0000 0001 -53.0 4.71239 19470
2017 1021 000B 0000 0000 0005 -50.0 4.85965 19489
2017 1021 000B 0000 0000 0001 -52.5 4.69398 19494
2017 1021 000B 0000 0000 0005 -52.0 4.54672 19766
2017 1021 000B 0000 0000 0001 -54.5 4.25219 19771
2017 1021 000B 0000 0000 0005 -52.0 4.47309 19790
2017 1021 000B 0000 0000 0001 -54.0 4.22152 19795
2017 1021 000B 0000 0000 0004 -63.0 0.22089 20068
2017 1021 000B 0000 0000 0001 -55.0 3.56497 20073
2017 1021 000B 0000 0000 0005 -54.0 4.05585 20078
2017 1021 000B 0000 0000 0005 -54.0 4.03130 20097
2017 1021 000B 0000 0000 0001 -56.0 3.49748 20101
2017 1021 000B 0000 0000 0004 -64.0 0.44179 20106
2017 1021 000B 0000 0000 0004 -64.5 0.15953 20390
2017 1021 000B 0000 0000 0001 -58.0 6.04388 20408
2017 1021 000B 0000 0000 0001 -57.0 6.01934 20440
2017 1021 000B 0000 0000 0005 -57.5 0.20862 20446
2017 1021 000B 0000 0000 0004 -64.5 0.07977 20462
2017 1021 000B 0000 0000 0005 -61.0 2.66299 20742
2017 1021 000B 0000 0000 0001 -59.0 2.32551 20748
2017 1021 000B 0000 0000 0005 -61.5 3.01887 20767
2017 1021 000B 0000 0000 0001 -59.0 2.12917 20772
2017 1021 000B 0000 0000 0005 -63.5 2.43596 21044
2017 1021 000B 0000 0000 0005 -65.5 5.51619 21073
