2017 1021 000B 0000 0000 0001 -52.5 0.08590 0
2017 1021 000B 0000 0000 0001 -52.5 0.08590 50
2017 1021 000B 0000 0000 0001 -52.5 3.91472 413
2017 1021 000B 0000 0000 0001 -51.0 4.14788 690
2017 1021 000B 0000 0000 0002 -55.5 6.15433 706
2017 1021 000B 0000 0000 0001 -50.5 4.31969 767
2017 1021 000B 0000 0000 0002 -55.5 0.00614 801
2017 1021 000B 0000 0000 0001 -50.5 4.81056 1108
2017 1021 000B 0000 0000 0001 -51.5 4.85965 1146
2017 1021 000B 0000 0000 0001 -51.0 5.30757 1436
2017 1021 000B 0000 0000 0001 -50.0 5.46097 1489
2017 1021 000B 0000 0000 0001 -50.0 5.88435 1816
2017 1021 000B 0000 0000 0001 -51.5 0.23930 2103
2017 1021 000B 0000 0000 0002 -56.5 5.57142 2157
2017 1021 000B 0000 0000 0001 -49.5 0.05522 2179
2017 1021 000B 0000 0000 0001 -50.5 0.53383 2469
2017 1021 000B 0000 0000 0002 -55.5 0.15340 2516
2017 1021 000B 0000 0000 0002 -55.5 0.04909 2554
2017 1021 000B 0000 0000 0001 -51.0 0.85289 2572
2017 1021 000B 0000 0000 0001 -50.5 1.22718 2863
2017 1021 000B 0000 0000 0002 -56.0 0.98788 2921
2017 1021 000B 0000 0000 0001 -50.0 1.47262 2981
2017 1021 000B 0000 0000 0002 -55.5 1.03084 3011
2017 1021 000B 0000 0000 0001 -50.5 2.14757 3303
2017 1021 000B 0000 0000 0002 -56.0 1.46035 3335
2017 1021 000B 0000 0000 0001 -50.5 5.40575 3395
2017 1021 000B 0000 0000 0002 -54.0 1.58307 3426
2017 1021 000B 0000 0000 0002 -55.5 5.18486 3719
2017 1021 000B 0000 0000 0001 -51.5 6.05002 3738
2017 1021 000B 0000 0000 0001 -50.5 6.02548 3778
2017 1021 000B 0000 0000 0002 -53.5 5.38120 3845
2017 1021 000B 0000 0000 0001 -50.5 3.39930 4125
2017 1021 000B 0000 0000 0001 -51.0 0.47860 4155
2017 1021 000B 0000 0000 0001 -48.0 3.98835 4436
2017 1021 000B 0000 0000 0002 -54.5 0.31293 4456
2017 1021 000B 0000 0000 0001 -51.0 4.37491 4508
2017 1021 000B 0000 0000 0002 -54.5 0.58905 4538
2017 1021 000B 0000 0000 0001 -51.5 5.01919 4838
2017 1021 000B 0000 0000 0002 -55.0 1.14742 4857
2017 1021 000B 0000 0000 0002 -55.0 1.23946 4891
2017 1021 000B 0000 0000 0001 -51.0 5.24621 4910
2017 1021 000B 0000 0000 0001 -52.0 5.95798 5197
2017 1021 000B 0000 0000 0002 -54.5 2.03713 5216
2017 1021 000B 0000 0000 0001 -50.5 6.22796 5243
2017 1021 000B 0000 0000 0002 -53.5 5.07441 5261
2017 1021 000B 0000 0000 0001 -51.0 0.57678 5560
2017 1021 000B 0000 0000 0002 -53.5 5.90889 5597
2017 1021 000B 0000 0000 0001 -51.5 1.00016 5635
2017 1021 000B 0000 0000 0002 -54.5 5.86594 5654
2017 1021 000B 0000 0000 0001 -51.0 4.98851 5943
2017 1021 000B 0000 0000 0002 -54.0 3.59565 5964
2017 1021 000B 0000 0000 0001 -49.5 6.06843 6301
2017 1021 000B 0000 0000 0002 -53.0 4.22765 6320
2017 1021 000B 0000 0000 0001 -49.0 3.16614 6356
2017 1021 000B 0000 0000 0002 -52.0 1.31922 6387
2017 1021 000B 0000 0000 0001 -47.0 3.85950 6677
2017 1021 000B 0000 0000 0002 -51.5 5.16031 6694
2017 1021 000B 0000 0000 0002 -52.5 5.15418 6741
2017 1021 000B 0000 0000 0002 -51.5 5.95185 7029
2017 1021 000B 0000 0000 0001 -46.0 4.62035 7049
2017 1021 000B 0000 0000 0001 -45.5 4.50990 7075
2017 1021 000B 0000 0000 0002 -52.0 5.89049 7088
2017 1021 000B 0000 0000 0001 -43.0 5.09895 7368
2017 1021 000B 0000 0000 0002 -48.0 3.20295 7374
2017 1021 000B 0000 0000 0001 -43.0 5.17872 7395
2017 1021 000B 0000 0000 0001 -41.5 5.63278 7672
2017 1021 000B 0000 0000 0002 -50.5 4.13561 7687
2017 1021 000B 0000 0000 0001 -41.0 5.71254 7725
2017 1021 000B 0000 0000 0002 -50.5 4.16629 7740
2017 1021 000B 0000 0000 0001 -39.5 5.93344 8033
2017 1021 000B 0000 0000 0002 -50.0 1.81623 8047
2017 1021 000B 0000 0000 0001 -39.5 6.00707 8071
2017 1021 000B 0000 0000 0002 -50.0 1.92054 8089
2017 1021 000B 0000 0000 0001 -37.5 0.01841 8368
2017 1021 000B 0000 0000 0002 -49.5 5.77390 8386
2017 1021 000B 0000 0000 0001 -38.5 0.05522 8412
2017 1021 000B 0000 0000 0002 -49.5 5.95185 8432
2017 1021 000B 0000 0000 0001 -36.0 0.44792 8718
2017 1021 000B 0000 0000 0002 -45.5 0.25771 8724
2017 1021 000B 0000 0000 0002 -47.0 0.09817 8795
2017 1021 000B 0000 0000 0001 -35.5 0.40497 8800
2017 1021 000B 0000 0000 0001 -34.0 0.71790 9076
2017 1021 000B 0000 0000 0002 -46.5 0.92039 9080
2017 1021 000B 0000 0000 0005 -57.0 2.76730 9095
2017 1021 000B 0000 0000 0002 -47.0 1.06151 9119
2017 1021 000B 0000 0000 0001 -34.0 0.77313 9124
2017 1021 000B 0000 0000 0005 -56.0 5.84753 9138
2017 1021 000B 0000 0000 0001 -32.0 1.00629 9415
2017 1021 000B 0000 0000 0002 -46.0 1.66897 9421
2017 1021 000B 0000 0000 0005 -56.0 0.06750 9433
2017 1021 000B 0000 0000 0004 -57.0 6.04388 9451
2017 1021 000B 0000 0000 0002 -45.5 1.66897 9478
2017 1021 000B 0000 0000 0001 -32.0 1.04924 9483
2017 1021 000B 0000 0000 0004 -55.5 6.12365 9493
2017 1021 000B 0000 0000 0005 -56.0 0.09204 9513
2017 1021 000B 0000 0000 0001 -30.5 1.20878 9793
2017 1021 000B 0000 0000 0002 -45.0 2.20280 9798
2017 1021 000B 0000 0000 0004 -53.5 0.25157 9814
2017 1021 000B 0000 0000 0005 -54.0 0.76699 9844
2017 1021 000B 0000 0000 0001 -30.5 1.22718 9886
2017 1021 000B 0000 0000 0002 -44.0 2.23961 9891
2017 1021 000B 0000 0000 0001 -30.0 1.36217 10198
2017 1021 000B 0000 0000 0002 -43.5 2.68140 10204
2017 1021 000B 0000 0000 0005 -52.0 1.22718 10209
2017 1021 000B 0000 0000 0004 -50.5 0.50315 10214
2017 1021 000B 0000 0000 0001 -30.0 1.37445 10235
2017 1021 000B 0000 0000 0002 -42.5 2.77957 10242
2017 1021 000B 0000 0000 0004 -52.5 0.67495 10261
2017 1021 000B 0000 0000 0005 -53.0 4.52831 10280
2017 1021 000B 0000 0000 0001 -30.0 1.40513 10559
2017 1021 000B 0000 0000 0002 -42.5 3.01887 10563
2017 1021 000B 0000 0000 0005 -52.5 4.84124 10579
2017 1021 000B 0000 0000 0004 -51.0 1.13515 10608
2017 1021 000B 0000 0000 0001 -30.0 1.46035 10645
2017 1021 000B 0000 0000 0002 -42.0 3.14773 10649
2017 1021 000B 0000 0000 0004 -48.0 1.22105 10654
2017 1021 000B 0000 0000 0005 -52.0 4.98851 10673
2017 1021 000B 0000 0000 0001 -30.5 1.38058 10960
2017 1021 000B 0000 0000 0002 -41.5 3.25818 10964
2017 1021 000B 0000 0000 0005 -51.5 5.49165 10979
2017 1021 000B 0000 0000 0004 -48.5 1.42967 11010
2017 1021 000B 0000 0000 0001 -30.5 1.33150 11046
2017 1021 000B 0000 0000 0002 -41.0 3.45452 11051
2017 1021 000B 0000 0000 0004 -48.5 4.70625 11062
2017 1021 000B 0000 0000 0005 -51.0 5.65732 11082
2017 1021 000B 0000 0000 0004 -45.5 1.86532 11361
2017 1021 000B 0000 0000 0001 -31.5 1.18423 11366
2017 1021 000B 0000 0000 0002 -41.5 3.42385 11371
2017 1021 000B 0000 0000 0005 -50.0 6.26478 11390
2017 1021 000B 0000 0000 0001 -32.0 1.19037 11426
2017 1021 000B 0000 0000 0005 -47.5 3.03115 11431
2017 1021 000B 0000 0000 0002 -41.5 3.44839 11436
2017 1021 000B 0000 0000 0004 -47.0 1.76101 11441
2017 1021 000B 0000 0000 0002 -41.5 3.36862 11715
2017 1021 000B 0000 0000 0004 -45.0 2.00645 11720
2017 1021 000B 0000 0000 0001 -33.5 0.95107 11725
2017 1021 000B 0000 0000 0005 -49.0 3.73064 11729
2017 1021 000B 0000 0000 0004 -46.0 1.85918 11749
2017 1021 000B 0000 0000 0001 -33.5 1.02470 11753
2017 1021 000B 0000 0000 0005 -49.0 3.89018 11759
2017 1021 000B 0000 0000 0002 -41.5 3.47907 11763
2017 1021 000B 0000 0000 0004 -44.5 1.96350 12038
2017 1021 000B 0000 0000 0001 -35.5 0.75472 12042
2017 1021 000B 0000 0000 0002 -43.0 3.53429 12048
2017 1021 000B 0000 0000 0005 -49.0 0.73017 12063
2017 1021 000B 0000 0000 0005 -48.0 4.12948 12101
2017 1021 000B 0000 0000 0001 -35.5 0.64427 12105
2017 1021 000B 0000 0000 0004 -44.5 1.91441 12110
2017 1021 000B 0000 0000 0002 -43.0 3.31340 12115
2017 1021 000B 0000 0000 0001 -37.0 0.44179 12390
2017 1021 000B 0000 0000 0005 -47.5 3.96994 12395
2017 1021 000B 0000 0000 0004 -43.0 1.97577 12400
2017 1021 000B 0000 0000 0002 -45.0 0.33748 12411
2017 1021 000B 0000 0000 0001 -37.0 0.42951 12439
2017 1021 000B 0000 0000 0005 -47.5 4.26447 12443
2017 1021 000B 0000 0000 0002 -44.5 3.56497 12448
2017 1021 000B 0000 0000 0004 -44.5 1.89600 12453
2017 1021 000B 0000 0000 0001 -39.0 0.29452 12728
2017 1021 000B 0000 0000 0002 -44.5 3.12318 12733
2017 1021 000B 0000 0000 0005 -47.0 1.22105 12750
2017 1021 000B 0000 0000 0004 -43.0 1.81010 12780
2017 1021 000B 0000 0000 0001 -39.0 0.03682 12814
2017 1021 000B 0000 0000 0004 -42.5 1.85918 12820
2017 1021 000B 0000 0000 0002 -46.5 0.11045 12834
2017 1021 000B 0000 0000 0005 -47.0 1.31922 12863
2017 1021 000B 0000 0000 0004 -42.0 1.48489 13154
2017 1021 000B 0000 0000 0001 -40.0 6.04388 13159
2017 1021 000B 0000 0000 0005 -46.0 4.52831 13163
2017 1021 000B 0000 0000 0002 -45.5 2.92070 13168
2017 1021 000B 0000 0000 0003 -56.5 0.20249 13182
2017 1021 000B 0000 0000 0001 -40.5 5.99480 13209
2017 1021 000B 0000 0000 0005 -44.5 4.70625 13214
2017 1021 000B 0000 0000 0004 -42.0 1.59534 13219
2017 1021 000B 0000 0000 0002 -48.0 6.01320 13233
2017 1021 000B 0000 0000 0005 -44.5 4.59581 13530
2017 1021 000B 0000 0000 0001 -40.5 5.29530 13535
2017 1021 000B 0000 0000 0004 -41.5 1.47876 13539
2017 1021 000B 0000 0000 0003 -55.0 0.63814 13555
2017 1021 000B 0000 0000 0002 -50.0 5.54687 13575
2017 1021 000B 0000 0000 0005 -45.0 4.59581 13601
2017 1021 000B 0000 0000 0001 -41.0 5.30144 13610
2017 1021 000B 0000 0000 0004 -40.0 1.44194 13616
2017 1021 000B 0000 0000 0002 -48.5 2.19666 13630
2017 1021 000B 0000 0000 0003 -53.5 0.74858 13651
2017 1021 000B 0000 0000 0004 -40.5 1.32536 13937
2017 1021 000B 0000 0000 0001 -42.5 4.83511 13941
2017 1021 000B 0000 0000 0005 -45.0 4.59581 13949
2017 1021 000B 0000 0000 0002 -53.0 4.97010 13964
2017 1021 000B 0000 0000 0003 -52.5 4.31969 13983
2017 1021 000B 0000 0000 0001 -43.0 4.59581 14010
2017 1021 000B 0000 0000 0004 -41.5 1.35604 14016
2017 1021 000B 0000 0000 0005 -46.5 4.37491 14021
2017 1021 000B 0000 0000 0003 -52.0 1.40513 14026
2017 1021 000B 0000 0000 0002 -53.0 1.47876 14046
2017 1021 000B 0000 0000 0001 -43.0 4.34423 14331
2017 1021 000B 0000 0000 0004 -43.0 1.03697 14336
2017 1021 000B 0000 0000 0005 -47.0 1.27014 14348
2017 1021 000B 0000 0000 0002 -56.5 3.76132 14366
2017 1021 000B 0000 0000 0003 -51.5 1.55239 14385
2017 1021 000B 0000 0000 0001 -43.0 4.35651 14407
2017 1021 000B 0000 0000 0004 -42.5 1.20264 14412
2017 1021 000B 0000 0000 0005 -45.5 4.38105 14417
2017 1021 000B 0000 0000 0002 -57.0 3.61406 14430
2017 1021 000B 0000 0000 0001 -43.5 3.54656 14710
2017 1021 000B 0000 0000 0004 -43.0 1.16583 14716
2017 1021 000B 0000 0000 0005 -47.5 1.14742 14726
2017 1021 000B 0000 0000 0003 -50.5 4.99464 14747
2017 1021 000B 0000 0000 0001 -45.5 3.17227 14792
2017 1021 000B 0000 0000 0004 -43.0 1.08606 14797
2017 1021 000B 0000 0000 0005 -47.5 1.09833 14811
2017 1021 000B 0000 0000 0003 -49.0 4.99464 14841
2017 1021 000B 0000 0000 0005 -47.5 3.76132 15131
2017 1021 000B 0000 0000 0004 -45.5 0.79767 15136
2017 1021 000B 0000 0000 0003 -49.5 1.77942 15141
2017 1021 000B 0000 0000 0001 -46.0 2.73662 15145
2017 1021 000B 0000 0000 0001 -45.0 2.70594 15168
2017 1021 000B 0000 0000 0004 -45.0 0.83449 15174
2017 1021 000B 0000 0000 0003 -49.0 5.11736 15190
2017 1021 000B 0000 0000 0005 -49.5 0.79767 15208
2017 1021 000B 0000 0000 0001 -47.0 2.15371 15488
2017 1021 000B 0000 0000 0003 -49.0 5.22167 15501
2017 1021 000B 0000 0000 0004 -47.0 0.48474 15520
2017 1021 000B 0000 0000 0002 -59.0 5.78618 15539
2017 1021 000B 0000 0000 0003 -48.5 2.01872 15571
2017 1021 000B 0000 0000 0004 -47.5 0.46019 15603
2017 1021 000B 0000 0000 0001 -48.0 1.93895 15635
2017 1021 000B 0000 0000 0004 -47.5 0.06136 15916
2017 1021 000B 0000 0000 0003 -49.5 5.22781 15927
2017 1021 000B 0000 0000 0001 -49.5 1.38058 15948
2017 1021 000B 0000 0000 0005 -53.0 6.08684 15974
2017 1021 000B 0000 0000 0004 -48.5 0.02454 16004
2017 1021 000B 0000 0000 0003 -48.5 5.21553 16033
2017 1021 000B 0000 0000 0001 -49.5 1.20878 16052
2017 1021 000B 0000 0000 0001 -50.5 1.03697 16326
2017 1021 000B 0000 0000 0004 -48.0 5.73709 16336
2017 1021 000B 0000 0000 0003 -50.5 5.02532 16385
2017 1021 000B 0000 0000 0004 -49.5 5.70641 16415
2017 1021 000B 0000 0000 0001 -51.0 0.28225 16436
2017 1021 000B 0000 0000 0001 -52.5 5.93344 16724
2017 1021 000B 0000 0000 0003 -53.0 4.70625 16742
2017 1021 000B 0000 0000 0004 -49.5 2.03713 16761
2017 1021 000B 0000 0000 0001 -52.0 5.89049 16793
2017 1021 000B 0000 0000 0004 -50.5 1.47876 17111
2017 1021 000B 0000 0000 0005 -56.5 0.33134 17130
2017 1021 000B 0000 0000 0001 -53.5 5.08668 17149
2017 1021 000B 0000 0000 0004 -51.0 4.40559 17196
2017 1021 000B 0000 0000 0004 -51.5 0.84062 17491
2017 1021 000B 0000 0000 0001 -55.5 4.19697 17510
2017 1021 000B 0000 0000 0005 -57.0 5.95798 17573
2017 1021 000B 0000 0000 0004 -52.0 0.52155 17601
2017 1021 000B 0000 0000 0001 -55.5 3.97608 17621
2017 1021 000B 0000 0000 0004 -52.5 0.11045 17911
2017 1021 000B 0000 0000 0004 -54.0 6.17274 17962
2017 1021 000B 0000 0000 0004 -55.0 5.46711 18268
2017 1021 000B 0000 0000 0001 -57.5 5.87208 18288
