2017 1021 000B 0000 0000 0004 -57.0 1.38365 0
2017 1021 000B 0000 0000 0001 -62.0 2.38687 6
2017 1021 000B 0000 0000 0001 -61.5 5.62664 26
2017 1021 000B 0000 0000 0004 -56.5 4.62649 31
2017 1021 000B 0000 0000 0004 -56.0 5.14804 305
2017 1021 000B 0000 0000 0001 -61.0 6.12365 310
2017 1021 000B 0000 0000 0004 -56.0 5.19099 329
2017 1021 000B 0000 0000 0001 -61.0 6.00093 335
2017 1021 000B 0000 0000 0004 -55.5 5.67573 608
2017 1021 000B 0000 0000 0001 -62.5 0.08590 621
2017 1021 000B 0000 0000 0005 -62.0 0.74245 641
2017 1021 000B 0000 0000 0005 -61.0 3.96994 666
2017 1021 000B 0000 0000 0001 -61.5 0.03682 670
2017 1021 000B 0000 0000 0004 -55.0 5.71254 675
2017 1021 000B 0000 0000 0004 -54.5 6.09297 947
2017 1021 000B 0000 0000 0005 -59.5 4.47309 953
2017 1021 000B 0000 0000 0001 -62.0 0.53996 965
2017 1021 000B 0000 0000 0005 -59.5 4.52218 992
2017 1021 000B 0000 0000 0001 -62.0 0.77313 997
2017 1021 000B 0000 0000 0004 -55.0 6.17274 1002
2017 1021 000B 0000 0000 0001 -61.0 0.99402 1274
2017 1021 000B 0000 0000 0005 -58.5 4.98237 1278
2017 1021 000B 0000 0000 0004 -54.0 0.28225 1283
2017 1021 000B 0000 0000 0005 -58.5 5.00078 1302
2017 1021 000B 0000 0000 0004 -53.5 0.38656 1307
2017 1021 000B 0000 0000 0001 -60.0 1.00016 1312
2017 1021 000B 0000 0000 0005 -56.5 5.39961 1584
2017 1021 000B 0000 0000 0001 -61.0 1.25173 1588
2017 1021 000B 0000 0000 0004 -53.0 0.77313 1593
2017 1021 000B 0000 0000 0004 -53.0 0.77313 1616
2017 1021 000B 0000 0000 0001 -61.5 1.33150 1620
2017 1021 000B 0000 0000 0005 -57.0 5.48552 1626
2017 1021 000B 0000 0000 0004 -52.0 1.21491 1901
2017 1021 000B 0000 0000 0005 -55.5 5.83526 1905
2017 1021 000B 0000 0000 0001 -61.5 1.77942 1910
2017 1021 000B 0000 0000 0005 -55.5 5.90889 1930
2017 1021 000B 0000 0000 0004 -52.5 1.23946 1934
2017 1021 000B 0000 0000 0001 -62.0 1.83464 1939
2017 1021 000B 0000 0000 0005 -55.0 6.16660 2211
2017 1021 000B 0000 0000 0004 -52.0 1.68124 2216
2017 1021 000B 0000 0000 0005 -55.0 6.18501 2240
2017 1021 000B 0000 0000 0004 -51.5 1.69351 2245
2017 1021 000B 0000 0000 0005 -53.5 0.38043 2517
2017 1021 000B 0000 0000 0004 -51.5 2.02485 2521
2017 1021 000B 0000 0000 0005 -53.5 0.33134 2543
2017 1021 000B 0000 0000 0004 -51.5 2.02485 2548
2017 1021 000B 0000 0000 0004 -52.0 2.47891 2824
2017 1021 000B 0000 0000 0005 -53.0 0.71177 2829
2017 1021 000B 0000 0000 0001 -63.5 0.49087 2845
2017 1021 000B 0000 0000 0004 -52.0 2.57095 2888
2017 1021 000B 0000 0000 0005 -53.0 0.82221 2892
2017 1021 000B 0000 0000 0004 -52.0 2.94524 3165
2017 1021 000B 0000 0000 0005 -51.5 1.09219 3169
2017 1021 000B 0000 0000 0001 -61.5 4.58353 3174
2017 1021 000B 0000 0000 0004 -52.0 3.06796 3193
2017 1021 000B 0000 0000 0001 -61.5 4.38105 3198
2017 1021 000B 0000 0000 0005 -52.0 1.17810 3202
2017 1021 000B 0000 0000 0005 -51.5 1.49103 3474
2017 1021 000B 0000 0000 0001 -61.5 4.79216 3479
2017 1021 000B 0000 0000 0004 -51.5 3.55270 3484
2017 1021 000B 0000 0000 0004 -51.5 3.49134 3504
2017 1021 000B 0000 0000 0005 -52.0 1.54012 3508
2017 1021 000B 0000 0000 0001 -62.0 4.89033 3519
2017 1021 000B 0000 0000 0005 -51.5 1.92054 3801
2017 1021 000B 0000 0000 0004 -52.0 3.93313 3805
2017 1021 000B 0000 0000 0001 -59.5 5.43643 3810
2017 1021 000B 0000 0000 0004 -51.5 3.99449 3829
2017 1021 000B 0000 0000 0005 -51.5 1.92668 3834
2017 1021 000B 0000 0000 0001 -60.5 5.30757 3839
2017 1021 000B 0000 0000 0005 -52.5 2.24575 4110
2017 1021 000B 0000 0000 0001 -59.5 5.83526 4115
2017 1021 000B 0000 0000 0004 -51.5 4.44854 4120
2017 1021 000B 0000 0000 0001 -60.0 5.82913 4139
2017 1021 000B 0000 0000 0005 -52.5 2.41142 4144
2017 1021 000B 0000 0000 0004 -51.5 4.43627 4149
2017 1021 000B 0000 0000 0004 -52.0 4.87192 4424
2017 1021 000B 0000 0000 0005 -52.5 2.89002 4428
2017 1021 000B 0000 0000 0001 -60.0 6.22796 4433
2017 1021 000B 0000 0000 0004 -52.0 5.00078 4452
2017 1021 000B 0000 0000 0005 -52.5 2.82866 4457
2017 1021 000B 0000 0000 0001 -59.5 6.03775 4462
2017 1021 000B 0000 0000 0005 -52.5 3.46066 4734
2017 1021 000B 0000 0000 0001 -60.0 0.17181 4739
2017 1021 000B 0000 0000 0004 -52.5 5.40575 4743
2017 1021 000B 0000 0000 0004 -53.5 5.43643 4765
2017 1021 000B 0000 0000 0005 -53.0 3.48520 4770
2017 1021 000B 0000 0000 0001 -59.0 0.26384 4775
2017 1021 000B 0000 0000 0001 -60.0 0.52769 5047
2017 1021 000B 0000 0000 0005 -52.0 4.17243 5052
2017 1021 000B 0000 0000 0004 -53.0 5.93957 5056
2017 1021 000B 0000 0000 0004 -53.0 5.98253 5075
2017 1021 000B 0000 0000 0005 -52.5 4.22765 5080
2017 1021 000B 0000 0000 0001 -59.5 0.63200 5085
2017 1021 000B 0000 0000 0005 -52.5 4.70625 5358
2017 1021 000B 0000 0000 0001 -60.0 0.71790 5362
2017 1021 000B 0000 0000 0004 -53.5 0.22703 5367
2017 1021 000B 0000 0000 0003 -62.5 1.87146 5378
2017 1021 000B 0000 0000 0005 -52.0 4.76148 5407
2017 1021 000B 0000 0000 0004 -53.5 0.29452 5411
2017 1021 000B 0000 0000 0001 -59.5 0.80994 5417
2017 1021 000B 0000 0000 0004 -54.0 1.00629 5702
2017 1021 000B 0000 0000 0001 -60.5 1.15969 5707
2017 1021 000B 0000 0000 0005 -52.0 5.32598 5712
2017 1021 000B 0000 0000 0003 -62.0 2.05553 5716
2017 1021 000B 0000 0000 0005 -52.0 5.42416 5771
2017 1021 000B 0000 0000 0004 -54.0 1.19651 5777
2017 1021 000B 0000 0000 0003 -61.5 2.23961 5782
2017 1021 000B 0000 0000 0001 -61.0 1.11674 5787
2017 1021 000B 0000 0000 0005 -51.5 5.92117 6062
2017 1021 000B 0000 0000 0004 -54.5 1.77328 6067
2017 1021 000B 0000 0000 0003 -61.5 2.39915 6076
2017 1021 000B 0000 0000 0005 -51.5 6.03775 6099
2017 1021 000B 0000 0000 0004 -54.5 1.92054 6104
2017 1021 000B 0000 0000 0003 -61.5 2.63845 6109
2017 1021 000B 0000 0000 0005 -51.0 0.23317 6384
2017 1021 000B 0000 0000 0003 -60.5 2.62004 6388
2017 1021 000B 0000 0000 0004 -54.5 2.58936 6393
2017 1021 000B 0000 0000 0003 -60.5 2.49732 6416
2017 1021 000B 0000 0000 0005 -51.0 0.28839 6421
2017 1021 000B 0000 0000 0004 -54.5 2.75503 6425
2017 1021 000B 0000 0000 0004 -54.5 3.56497 6700
2017 1021 000B 0000 0000 0003 -60.0 2.75503 6705
2017 1021 000B 0000 0000 0005 -50.5 0.93880 6710
2017 1021 000B 0000 0000 0002 -56.5 2.68753 6716
2017 1021 000B 0000 0000 0002 -57.0 2.76730 6740
2017 1021 000B 0000 0000 0004 -54.5 3.69996 6745
2017 1021 000B 0000 0000 0005 -50.5 0.96334 6749
2017 1021 000B 0000 0000 0003 -60.0 2.60163 6754
2017 1021 000B 0000 0000 0003 -59.5 2.85934 7030
2017 1021 000B 0000 0000 0002 -57.0 3.07410 7035
2017 1021 000B 0000 0000 0005 -51.0 1.52171 7040
2017 1021 000B 0000 0000 0004 -53.5 4.68171 7045
2017 1021 000B 0000 0000 0005 -51.0 1.54012 7068
2017 1021 000B 0000 0000 0003 -59.5 2.83480 7072
2017 1021 000B 0000 0000 0004 -53.5 4.74307 7077
2017 1021 000B 0000 0000 0002 -56.5 2.98206 7082
2017 1021 000B 0000 0000 0004 -52.0 5.46711 7357
2017 1021 000B 0000 0000 0005 -51.5 2.14757 7362
2017 1021 000B 0000 0000 0003 -59.5 3.08637 7367
2017 1021 000B 0000 0000 0002 -57.0 3.01274 7372
2017 1021 000B 0000 0000 0004 -52.0 5.55915 7393
2017 1021 000B 0000 0000 0003 -59.0 3.18454 7398
2017 1021 000B 0000 0000 0005 -51.5 2.20280 7403
2017 1021 000B 0000 0000 0002 -56.5 3.10478 7408
2017 1021 000B 0000 0000 0004 -50.5 0.11045 7684
2017 1021 000B 0000 0000 0003 -59.5 3.30726 7690
2017 1021 000B 0000 0000 0005 -52.5 2.97592 7695
2017 1021 000B 0000 0000 0002 -57.0 0.17794 7705
2017 1021 000B 0000 0000 0003 -59.5 3.26431 7737
2017 1021 000B 0000 0000 0002 -56.5 3.37476 7742
2017 1021 000B 0000 0000 0004 -50.5 0.25771 7753
2017 1021 000B 0000 0000 0005 -53.5 0.07363 7773
2017 1021 000B 0000 0000 0005 -53.0 4.06812 8052
2017 1021 000B 0000 0000 0002 -56.5 3.38703 8057
2017 1021 000B 0000 0000 0004 -48.0 0.98175 8061
2017 1021 000B 0000 0000 0003 -58.5 3.49748 8067
2017 1021 000B 0000 0000 0004 -47.5 1.04311 8087
2017 1021 000B 0000 0000 0003 -58.5 3.47907 8092
2017 1021 000B 0000 0000 0002 -56.5 3.43612 8097
2017 1021 000B 0000 0000 0005 -53.0 4.25219 8102
2017 1021 000B 0000 0000 0003 -59.0 3.69383 8373
2017 1021 000B 0000 0000 0004 -46.5 1.62602 8378
2017 1021 000B 0000 0000 0005 -53.0 5.17258 8383
2017 1021 000B 0000 0000 0002 -56.5 3.50361 8388
2017 1021 000B 0000 0000 0004 -46.5 1.64443 8407
2017 1021 000B 0000 0000 0005 -52.5 5.23394 8411
2017 1021 000B 0000 0000 0003 -59.0 3.65701 8426
2017 1021 000B 0000 0000 0002 -57.0 0.34361 8457
2017 1021 000B 0000 0000 0002 -56.0 3.49748 8747
2017 1021 000B 0000 0000 0004 -45.0 2.21507 8751
2017 1021 000B 0000 0000 0005 -52.0 0.02454 8756
2017 1021 000B 0000 0000 0003 -58.0 3.77973 8761
2017 1021 000B 0000 0000 0005 -51.5 0.15953 8781
2017 1021 000B 0000 0000 0004 -44.5 2.23348 8786
2017 1021 000B 0000 0000 0003 -58.0 3.87790 8790
2017 1021 000B 0000 0000 0002 -56.5 3.42998 8795
2017 1021 000B 0000 0000 0005 -49.0 0.96334 9067
2017 1021 000B 0000 0000 0004 -43.0 2.68753 9072
2017 1021 000B 0000 0000 0002 -55.0 3.55270 9077
2017 1021 000B 0000 0000 0003 -58.0 3.92085 9081
2017 1021 000B 0000 0000 0004 -42.5 2.73049 9100
2017 1021 000B 0000 0000 0003 -58.0 3.96994 9105
2017 1021 000B 0000 0000 0002 -55.5 3.51588 9109
2017 1021 000B 0000 0000 0005 -49.5 1.09219 9114
2017 1021 000B 0000 0000 0003 -58.0 3.86563 9386
2017 1021 000B 0000 0000 0005 -48.0 1.70579 9391
2017 1021 000B 0000 0000 0004 -42.0 3.03115 9396
2017 1021 000B 0000 0000 0002 -54.5 3.49748 9401
2017 1021 000B 0000 0000 0005 -47.5 1.77328 9421
2017 1021 000B 0000 0000 0004 -42.0 3.12932 9426
2017 1021 000B 0000 0000 0002 -54.5 3.62019 9431
2017 1021 000B 0000 0000 0003 -58.0 3.86563 9436
2017 1021 000B 0000 0000 0003 -58.5 3.88404 9707
2017 1021 000B 0000 0000 0004 -40.0 3.35021 9712
2017 1021 000B 0000 0000 0005 -47.5 2.28870 9716
2017 1021 000B 0000 0000 0002 -53.5 3.53429 9721
2017 1021 000B 0000 0000 0005 -47.5 2.36233 9744
2017 1021 000B 0000 0000 0004 -40.0 3.41771 9749
2017 1021 000B 0000 0000 0003 -58.5 0.73017 9761
2017 1021 000B 0000 0000 0002 -54.0 0.55837 9781
2017 1021 000B 0000 0000 0005 -46.5 2.88388 10060
2017 1021 000B 0000 0000 0003 -58.0 3.64474 10064
2017 1021 000B 0000 0000 0004 -38.5 3.60792 10069
2017 1021 000B 0000 0000 0002 -53.0 3.95153 10074
2017 1021 000B 0000 0000 0005 -46.5 2.94524 10093
2017 1021 000B 0000 0000 0003 -58.0 3.93313 10097
2017 1021 000B 0000 0000 0004 -38.5 3.61406 10102
2017 1021 000B 0000 0000 0002 -53.5 3.89018 10107
2017 1021 000B 0000 0000 0004 -37.5 3.75518 10379
2017 1021 000B 0000 0000 0005 -45.5 3.40544 10383
2017 1021 000B 0000 0000 0003 -58.0 3.84109 10388
2017 1021 000B 0000 0000 0002 -52.5 4.06812 10393
2017 1021 000B 0000 0000 0005 -45.5 3.51588 10412
2017 1021 000B 0000 0000 0004 -37.5 3.79200 10417
2017 1021 000B 0000 0000 0002 -52.5 4.07425 10421
2017 1021 000B 0000 0000 0003 -58.5 3.75518 10426
2017 1021 000B 0000 0000 0005 -45.5 3.92699 10698
2017 1021 000B 0000 0000 0003 -59.0 3.88404 10703
2017 1021 000B 0000 0000 0004 -37.0 3.90245 10707
2017 1021 000B 0000 0000 0002 -52.0 4.26447 10712
2017 1021 000B 0000 0000 0005 -45.0 3.98221 10731
2017 1021 000B 0000 0000 0004 -36.5 3.92085 10736
2017 1021 000B 0000 0000 0002 -52.0 4.27674 10741
2017 1021 000B 0000 0000 0003 -58.5 3.70610 10745
2017 1021 000B 0000 0000 0005 -43.5 4.43014 11017
2017 1021 000B 0000 0000 0003 -58.0 3.73064 11022
2017 1021 000B 0000 0000 0004 -36.0 3.98835 11026
2017 1021 000B 0000 0000 0002 -51.0 4.50990 11031
2017 1021 000B 0000 0000 0003 -57.5 3.76132 11050
2017 1021 000B 0000 0000 0004 -35.5 4.00062 11055
2017 1021 000B 0000 0000 0005 -43.5 4.55899 11060
2017 1021 000B 0000 0000 0002 -51.5 1.36831 11070
2017 1021 000B 0000 0000 0005 -42.5 4.82897 11352
2017 1021 000B 0000 0000 0002 -51.0 4.74920 11356
2017 1021 000B 0000 0000 0004 -35.0 3.99449 11361
2017 1021 000B 0000 0000 0003 -57.0 3.51588 11366
2017 1021 000B 0000 0000 0004 -35.0 3.99449 11388
2017 1021 000B 0000 0000 0005 -42.0 4.89033 11393
2017 1021 000B 0000 0000 0003 -56.5 3.64474 11398
2017 1021 000B 0000 0000 0002 -51.0 4.81670 11403
2017 1021 000B 0000 0000 0005 -41.0 5.16645 11675
2017 1021 000B 0000 0000 0004 -35.0 3.95767 11680
2017 1021 000B 0000 0000 0002 -50.0 5.04373 11685
2017 1021 000B 0000 0000 0003 -55.0 3.54043 11689
2017 1021 000B 0000 0000 0004 -35.0 3.96994 11708
2017 1021 000B 0000 0000 0003 -55.0 3.56497 11713
2017 1021 000B 0000 0000 0005 -41.0 5.15418 11718
2017 1021 000B 0000 0000 0002 -50.0 5.07441 11723
2017 1021 000B 0000 0000 0005 -40.5 5.35666 11995
2017 1021 000B 0000 0000 0002 -49.5 5.33825 12000
2017 1021 000B 0000 0000 0004 -35.0 3.89631 12004
2017 1021 000B 0000 0000 0003 -52.5 3.42385 12009
2017 1021 000B 0000 0000 0005 -40.0 5.39961 12028
2017 1021 000B 0000 0000 0004 -35.0 3.88404 12034
2017 1021 000B 0000 0000 0003 -53.0 3.52816 12045
2017 1021 000B 0000 0000 0002 -50.5 2.27643 12064
2017 1021 000B 0000 0000 0002 -49.5 5.65119 12344
2017 1021 000B 0000 0000 0005 -39.5 5.54074 12348
2017 1021 000B 0000 0000 0004 -34.5 3.75518 12353
2017 1021 000B 0000 0000 0003 -50.0 3.64474 12358
2017 1021 000B 0000 0000 0004 -35.0 3.73678 12377
2017 1021 000B 0000 0000 0002 -49.5 5.74936 12382
2017 1021 000B 0000 0000 0005 -39.5 5.55301 12387
2017 1021 000B 0000 0000 0003 -50.0 3.58952 12392
2017 1021 000B 0000 0000 0002 -49.0 6.12979 12665
2017 1021 000B 0000 0000 0004 -35.0 3.58338 12670
2017 1021 000B 0000 0000 0005 -38.5 5.62051 12674
2017 1021 000B 0000 0000 0003 -48.5 3.84109 12679
2017 1021 000B 0000 0000 0002 -49.0 6.02548 12699
2017 1021 000B 0000 0000 0004 -35.0 3.60179 12703
2017 1021 000B 0000 0000 0005 -38.5 5.63891 12708
2017 1021 000B 0000 0000 0003 -48.0 3.79814 12713
2017 1021 000B 0000 0000 0005 -38.0 5.67573 12988
2017 1021 000B 0000 0000 0004 -36.0 3.40544 12993
2017 1021 000B 0000 0000 0003 -47.5 3.84109 12997
2017 1021 000B 0000 0000 0002 -48.5 0.05522 13002
2017 1021 000B 0000 0000 0005 -38.5 5.69414 13021
2017 1021 000B 0000 0000 0004 -36.0 3.36862 13026
2017 1021 000B 0000 0000 0002 -48.5 0.07977 13031
2017 1021 000B 0000 0000 0003 -47.5 3.89631 13035
2017 1021 000B 0000 0000 0004 -37.0 3.22750 13307
2017 1021 000B 0000 0000 0005 -38.0 5.68800 13312
2017 1021 000B 0000 0000 0003 -46.5 0.88357 13323
2017 1021 000B 0000 0000 0002 -48.5 0.25157 13342
2017 1021 000B 0000 0000 0005 -38.0 5.66959 13369
2017 1021 000B 0000 0000 0002 -47.5 0.26384 13374
2017 1021 000B 0000 0000 0004 -37.5 3.14773 13379
2017 1021 000B 0000 0000 0003 -46.0 4.05585 13384
2017 1021 000B 0000 0000 0005 -38.5 5.66346 13655
2017 1021 000B 0000 0000 0004 -38.5 2.94524 13660
2017 1021 000B 0000 0000 0001 -59.0 1.47262 13665
2017 1021 000B 0000 0000 0003 -45.5 4.03744 13670
2017 1021 000B 0000 0000 0002 -47.0 0.33748 13674
2017 1021 000B 0000 0000 0004 -38.5 2.95751 13694
2017 1021 000B 0000 0000 0003 -45.5 4.16629 13698
2017 1021 000B 0000 0000 0005 -38.5 5.66346 13703
2017 1021 000B 0000 0000 0002 -47.0 0.37429 13707
2017 1021 000B 0000 0000 0001 -56.0 1.58920 13712
2017 1021 000B 0000 0000 0004 -39.0 2.70594 13985
2017 1021 000B 0000 0000 0005 -39.5 5.61437 13990
2017 1021 000B 0000 0000 0003 -45.0 4.11107 13994
2017 1021 000B 0000 0000 0002 -47.0 0.34975 14000
2017 1021 000B 0000 0000 0001 -55.5 5.22781 14012
2017 1021 000B 0000 0000 0003 -45.0 4.06198 14040
2017 1021 000B 0000 0000 0002 -47.0 0.45406 14045
2017 1021 000B 0000 0000 0001 -54.0 2.18439 14050
2017 1021 000B 0000 0000 0004 -39.5 2.68140 14055
2017 1021 000B 0000 0000 0005 -39.5 5.62051 14060
2017 1021 000B 0000 0000 0001 -51.5 2.52186 14333
2017 1021 000B 0000 0000 0005 -40.5 5.52847 14338
2017 1021 000B 0000 0000 0004 -40.5 2.43596 14343
2017 1021 000B 0000 0000 0002 -47.0 3.52816 14355
2017 1021 000B 0000 0000 0003 -45.5 4.05585 14374
2017 1021 000B 0000 0000 0003 -44.5 4.08039 14402
2017 1021 000B 0000 0000 0002 -46.5 0.38043 14407
2017 1021 000B 0000 0000 0004 -41.0 2.38687 14412
2017 1021 000B 0000 0000 0005 -41.0 5.51619 14417
2017 1021 000B 0000 0000 0001 -52.5 5.90889 14431
2017 1021 000B 0000 0000 0005 -41.5 5.34439 14709
2017 1021 000B 0000 0000 0004 -41.5 2.10462 14713
2017 1021 000B 0000 0000 0003 -44.5 4.00676 14718
2017 1021 000B 0000 0000 0002 -46.5 0.25771 14723
2017 1021 000B 0000 0000 0001 -50.5 0.07977 14735
2017 1021 000B 0000 0000 0003 -44.5 4.02517 14762
2017 1021 000B 0000 0000 0001 -49.5 3.23977 14767
2017 1021 000B 0000 0000 0005 -42.0 2.19666 14779
2017 1021 000B 0000 0000 0002 -47.0 0.30066 14797
2017 1021 000B 0000 0000 0004 -42.5 2.03713 14816
2017 1021 000B 0000 0000 0004 -42.5 1.74874 15090
2017 1021 000B 0000 0000 0002 -46.5 0.16567 15095
2017 1021 000B 0000 0000 0005 -43.0 5.22167 15100
2017 1021 000B 0000 0000 0003 -45.0 3.95153 15105
2017 1021 000B 0000 0000 0001 -48.0 3.80427 15110
2017 1021 000B 0000 0000 0004 -43.0 1.70579 15130
2017 1021 000B 0000 0000 0005 -43.0 5.14804 15135
2017 1021 000B 0000 0000 0002 -47.0 0.03068 15140
2017 1021 000B 0000 0000 0003 -45.0 3.90245 15145
2017 1021 000B 0000 0000 0001 -48.0 3.85950 15150
2017 1021 000B 0000 0000 0002 -47.0 6.14206 15422
2017 1021 000B 0000 0000 0001 -47.0 4.25833 15427
2017 1021 000B 0000 0000 0003 -45.0 3.76746 15432
2017 1021 000B 0000 0000 0005 -44.0 4.98237 15437
2017 1021 000B 0000 0000 0004 -44.0 1.34990 15443
2017 1021 000B 0000 0000 0002 -47.5 6.25251 15463
2017 1021 000B 0000 0000 0005 -44.0 4.93942 15469
2017 1021 000B 0000 0000 0004 -44.0 1.39285 15474
2017 1021 000B 0000 0000 0003 -44.5 3.90245 15480
2017 1021 000B 0000 0000 0001 -46.5 4.34423 15484
2017 1021 000B 0000 0000 0002 -47.0 6.00093 15757
2017 1021 000B 0000 0000 0004 -45.5 1.03084 15761
2017 1021 000B 0000 0000 0003 -45.0 3.76746 15766
2017 1021 000B 0000 0000 0001 -46.0 4.70625 15771
2017 1021 000B 0000 0000 0005 -45.5 4.70012 15776
2017 1021 000B 0000 0000 0001 -46.0 4.71239 15795
2017 1021 000B 0000 0000 0005 -46.0 4.63876 15800
2017 1021 000B 0000 0000 0002 -47.0 5.94571 15805
2017 1021 000B 0000 0000 0003 -45.0 3.64474 15810
2017 1021 000B 0000 0000 0004 -45.0 1.00629 15814
2017 1021 000B 0000 0000 0005 -46.0 4.35037 16087
2017 1021 000B 0000 0000 0001 -44.5 5.02532 16091
2017 1021 000B 0000 0000 0002 -47.5 5.75550 16097
2017 1021 000B 0000 0000 0004 -47.0 0.58905 16102
2017 1021 000B 0000 0000 0003 -46.0 3.57111 16107
2017 1021 000B 0000 0000 0002 -48.0 5.72482 16127
2017 1021 000B 0000 0000 0003 -46.0 3.48520 16131
2017 1021 000B 0000 0000 0005 -46.5 4.25219 16136
2017 1021 000B 0000 0000 0001 -44.5 5.01919 16141
2017 1021 000B 0000 0000 0004 -47.0 0.52769 16146
2017 1021 000B 0000 0000 0002 -48.5 5.44256 16417
2017 1021 000B 0000 0000 0001 -43.5 5.22781 16423
2017 1021 000B 0000 0000 0003 -47.0 3.25204 16427
2017 1021 000B 0000 0000 0005 -48.5 3.74905 16433
2017 1021 000B 0000 0000 0004 -49.0 0.07363 16438
2017 1021 000B 0000 0000 0001 -44.0 5.23394 16457
2017 1021 000B 0000 0000 0002 -48.5 5.42416 16461
2017 1021 000B 0000 0000 0005 -49.0 3.74291 16467
2017 1021 000B 0000 0000 0003 -47.5 3.21522 16471
2017 1021 000B 0000 0000 0004 -48.5 0.01227 16476
2017 1021 000B 0000 0000 0001 -43.5 5.42416 16749
2017 1021 000B 0000 0000 0003 -48.0 2.97592 16755
2017 1021 000B 0000 0000 0004 -51.0 5.73709 16759
2017 1021 000B 0000 0000 0005 -50.5 3.05569 16764
2017 1021 000B 0000 0000 0002 -49.0 4.98237 16770
2017 1021 000B 0000 0000 0001 -43.5 5.43643 16790
2017 1021 000B 0000 0000 0003 -47.5 2.93297 16795
2017 1021 000B 0000 0000 0002 -49.5 4.93942 16800
2017 1021 000B 0000 0000 0004 -51.0 5.62664 16805
2017 1021 000B 0000 0000 0005 -50.5 3.07410 16810
2017 1021 000B 0000 0000 0001 -43.0 5.50392 17083
2017 1021 000B 0000 0000 0003 -49.0 2.35619 17088
2017 1021 000B 0000 0000 0002 -49.5 4.61421 17093
2017 1021 000B 0000 0000 0005 -51.0 2.32551 17098
2017 1021 000B 0000 0000 0004 -54.5 4.90260 17110
2017 1021 000B 0000 0000 0001 -42.5 5.55301 17137
2017 1021 000B 0000 0000 0003 -49.5 2.54027 17142
2017 1021 000B 0000 0000 0002 -50.0 4.50377 17147
2017 1021 000B 0000 0000 0005 -51.5 2.18439 17152
2017 1021 000B 0000 0000 0004 -55.0 4.93328 17157
2017 1021 000B 0000 0000 0001 -42.5 5.52847 17433
2017 1021 000B 0000 0000 0002 -52.0 4.09266 17437
2017 1021 000B 0000 0000 0003 -50.5 1.90827 17447
2017 1021 000B 0000 0000 0005 -54.0 1.50944 17452
2017 1021 000B 0000 0000 0001 -42.5 5.59596 17484
2017 1021 000B 0000 0000 0003 -51.0 1.78555 17489
2017 1021 000B 0000 0000 0002 -51.5 4.00062 17494
2017 1021 000B 0000 0000 0005 -54.5 1.50330 17500
2017 1021 000B 0000 0000 0001 -42.5 5.55301 17774
2017 1021 000B 0000 0000 0005 -55.0 0.80381 17778
2017 1021 000B 0000 0000 0002 -53.0 3.44839 17783
2017 1021 000B 0000 0000 0003 -52.5 1.23332 17788
2017 1021 000B 0000 0000 0005 -57.0 0.84062 17806
2017 1021 000B 0000 0000 0001 -42.5 5.57142 17811
2017 1021 000B 0000 0000 0002 -53.0 3.45452 17816
2017 1021 000B 0000 0000 0003 -53.0 1.23946 17821
2017 1021 000B 0000 0000 0005 -57.0 0.42951 18093
2017 1021 000B 0000 0000 0002 -55.0 2.99433 18098
2017 1021 000B 0000 0000 0001 -43.0 5.52233 18102
2017 1021 000B 0000 0000 0003 -53.0 0.65654 18107
2017 1021 000B 0000 0000 0001 -43.0 5.57142 18126
2017 1021 000B 0000 0000 0002 -54.5 2.81025 18132
2017 1021 000B 0000 0000 0003 -54.5 0.49701 18136
2017 1021 000B 0000 0000 0005 -59.5 0.15340 18148
2017 1021 000B 0000 0000 0003 -56.0 6.20955 18428
2017 1021 000B 0000 0000 0001 -44.0 5.48552 18433
2017 1021 000B 0000 0000 0002 -56.0 2.46664 18438
2017 1021 000B 0000 0000 0001 -44.0 5.42416 18457
2017 1021 000B 0000 0000 0003 -57.0 6.17887 18469
2017 1021 000B 0000 0000 0002 -57.0 5.51619 18489
2017 1021 000B 0000 0000 0001 -44.5 5.34439 18768
2017 1021 000B 0000 0000 0003 -57.0 5.57755 18773
2017 1021 000B 0000 0000 0002 -58.5 1.71192 18777
2017 1021 000B 0000 0000 0001 -44.5 5.39961 18799
2017 1021 000B 0000 0000 0002 -59.0 1.85305 18804
2017 1021 000B 0000 0000 0003 -57.0 5.52847 18808
2017 1021 000B 0000 0000 0003 -58.0 5.04986 19082
2017 1021 000B 0000 0000 0001 -45.5 5.36280 19086
2017 1021 000B 0000 0000 0001 -45.0 5.28917 19106
2017 1021 000B 0000 0000 0003 -57.5 4.77375 19111
2017 1021 000B 0000 0000 0001 -46.0 5.12350 19382
2017 1021 000B 0000 0000 0003 -59.0 4.31969 19387
2017 1021 000B 0000 0000 0001 -46.5 5.14190 19406
2017 1021 000B 0000 0000 0003 -59.5 4.44854 19411
2017 1021 000B 0000 0000 0001 -47.5 5.02532 19684
2017 1021 000B 0000 0000 0003 -59.5 3.71837 19690
2017 1021 000B 0000 0000 0001 -47.5 5.03759 19708
2017 1021 000B 0000 0000 0003 -60.5 3.38703 19713
2017 1021 000B 0000 0000 0003 -60.5 2.60163 19986
2017 1021 000B 0000 0000 0001 -49.5 4.74920 19991
2017 1021 000B 0000 0000 0001 -49.5 4.77375 20010
2017 1021 000B 0000 0000 0003 -61.0 2.63845 20015
2017 1021 000B 0000 0000 0003 -60.5 1.87759 20287
2017 1021 000B 0000 0000 0001 -50.5 4.46082 20292
2017 1021 000B 0000 0000 0003 -60.5 1.82851 20311
2017 1021 000B 0000 0000 0001 -51.0 4.41173 20316
2017 1021 000B 0000 0000 0001 -52.5 4.11107 20589
2017 1021 000B 0000 0000 0001 -53.0 4.01903 20617
2017 1021 000B 0000 0000 0001 -55.0 3.66928 20890
2017 1021 000B 0000 0000 0001 -55.5 3.66315 20913
2017 1021 000B 0000 0000 0001 -59.0 3.03728 21188
2017 1021 000B 0000 0000 0001 -59.5 2.95138 21212
