2017 1021 000B 0000 0000 0003 -58.5 6.19728 0
2017 1021 000B 0000 0000 0004 -55.5 6.05002 20
2017 1021 000B 0000 0000 0003 -56.5 3.16614 55
2017 1021 000B 0000 0000 0004 -55.0 6.27705 75
2017 1021 000B 0000 0000 0004 -53.5 0.30680 382
2017 1021 000B 0000 0000 0003 -57.5 0.53996 428
2017 1021 000B 0000 0000 0004 -53.0 0.79153 478
2017 1021 000B 0000 0000 0004 -54.0 4.07425 774
2017 1021 000B 0000 0000 0004 -52.0 4.33810 835
2017 1021 000B 0000 0000 0004 -52.5 5.00691 1181
2017 1021 000B 0000 0000 0004 -52.5 5.17258 1258
2017 1021 000B 0000 0000 0004 -51.5 5.83526 1573
2017 1021 000B 0000 0000 0004 -53.5 5.73095 1622
2017 1021 000B 0000 0000 0004 -51.0 6.06229 1925
2017 1021 000B 0000 0000 0004 -53.0 0.13499 2010
2017 1021 000B 0000 0000 0003 -58.0 1.31309 2293
2017 1021 000B 0000 0000 0004 -53.0 3.77359 2313
2017 1021 000B 0000 0000 0004 -52.5 0.68722 2347
2017 1021 000B 0000 0000 0003 -57.5 1.48489 2367
2017 1021 000B 0000 0000 0003 -55.5 1.94509 2652
2017 1021 000B 0000 0000 0004 -52.5 4.36878 2672
2017 1021 000B 0000 0000 0004 -52.5 4.35651 2709
2017 1021 000B 0000 0000 0003 -55.5 2.14144 2729
2017 1021 000B 0000 0000 0004 -52.0 4.82284 3015
2017 1021 000B 0000 0000 0003 -56.0 5.76163 3034
2017 1021 000B 0000 0000 0004 -51.5 1.78555 3074
2017 1021 000B 0000 0000 0003 -55.0 2.92684 3103
2017 1021 000B 0000 0000 0004 -52.5 5.46711 3405
2017 1021 000B 0000 0000 0003 -54.0 0.46019 3434
2017 1021 000B 0000 0000 0004 -50.5 2.06781 3469
2017 1021 000B 0000 0000 0003 -56.0 0.46019 3480
2017 1021 000B 0000 0000 0004 -52.5 6.04388 3772
2017 1021 000B 0000 0000 0004 -50.5 2.85320 3806
2017 1021 000B 0000 0000 0003 -54.0 4.28901 3825
2017 1021 000B 0000 0000 0004 -51.0 2.62618 3858
2017 1021 000B 0000 0000 0003 -54.5 4.50990 3870
2017 1021 000B 0000 0000 0003 -55.0 5.13577 4158
2017 1021 000B 0000 0000 0004 -52.0 0.60132 4179
2017 1021 000B 0000 0000 0004 -51.0 3.83495 4216
2017 1021 000B 0000 0000 0003 -54.0 5.60210 4247
2017 1021 000B 0000 0000 0003 -53.0 6.17274 4563
2017 1021 000B 0000 0000 0004 -52.0 1.41126 4606
2017 1021 000B 0000 0000 0003 -54.0 0.00000 4625
2017 1021 000B 0000 0000 0003 -52.5 0.79767 4914
2017 1021 000B 0000 0000 0004 -52.5 2.07394 4934
2017 1021 000B 0000 0000 0002 -57.0 6.13592 4964
2017 1021 000B 0000 0000 0003 -52.0 1.00629 4996
2017 1021 000B 0000 0000 0004 -52.0 5.62664 5028
2017 1021 000B 0000 0000 0004 -50.5 5.98866 5333
2017 1021 000B 0000 0000 0003 -50.5 1.86532 5368
2017 1021 000B 0000 0000 0003 -50.0 1.95736 5409
2017 1021 000B 0000 0000 0004 -53.0 0.12885 5432
2017 1021 000B 0000 0000 0003 -47.5 2.58322 5713
2017 1021 000B 0000 0000 0004 -51.5 0.76699 5729
2017 1021 000B 0000 0000 0003 -48.0 2.78571 5776
2017 1021 000B 0000 0000 0004 -51.5 0.79767 5807
2017 1021 000B 0000 0000 0003 -47.0 3.64474 6095
2017 1021 000B 0000 0000 0004 -52.0 4.84738 6108
2017 1021 000B 0000 0000 0002 -57.5 4.13561 6128
2017 1021 000B 0000 0000 0003 -47.5 3.30113 6152
2017 1021 000B 0000 0000 0002 -57.0 4.43627 6164
2017 1021 000B 0000 0000 0004 -52.5 4.92715 6184
2017 1021 000B 0000 0000 0003 -46.0 3.63860 6463
2017 1021 000B 0000 0000 0004 -53.0 5.70641 6476
2017 1021 000B 0000 0000 0002 -56.5 4.91487 6523
2017 1021 000B 0000 0000 0003 -43.5 4.26447 6547
2017 1021 000B 0000 0000 0002 -56.5 5.11122 6589
2017 1021 000B 0000 0000 0003 -43.5 4.69398 6867
2017 1021 000B 0000 0000 0004 -51.5 0.55223 6881
2017 1021 000B 0000 0000 0002 -58.5 5.21553 6899
2017 1021 000B 0000 0000 0003 -44.5 4.74920 6930
2017 1021 000B 0000 0000 0002 -58.0 5.17258 6956
2017 1021 000B 0000 0000 0003 -42.5 5.27076 7234
2017 1021 000B 0000 0000 0004 -50.5 4.88419 7246
2017 1021 000B 0000 0000 0003 -43.0 5.35666 7280
2017 1021 000B 0000 0000 0004 -49.0 4.99464 7300
2017 1021 000B 0000 0000 0003 -42.0 5.69414 7585
2017 1021 000B 0000 0000 0003 -42.0 5.74322 7606
2017 1021 000B 0000 0000 0004 -47.0 5.89049 7611
2017 1021 000B 0000 0000 0003 -41.5 5.73709 7638
2017 1021 000B 0000 0000 0004 -47.0 5.95185 7643
2017 1021 000B 0000 0000 0003 -40.0 6.08684 7918
2017 1021 000B 0000 0000 0004 -46.0 0.39270 7923
2017 1021 000B 0000 0000 0001 -59.0 1.79169 7937
2017 1021 000B 0000 0000 0003 -40.5 6.11138 7962
2017 1021 000B 0000 0000 0004 -45.5 0.56450 7967
2017 1021 000B 0000 0000 0001 -58.0 1.55852 7979
2017 1021 000B 0000 0000 0003 -39.0 0.12272 8260
2017 1021 000B 0000 0000 0004 -44.5 1.02470 8265
2017 1021 000B 0000 0000 0001 -55.0 5.39961 8279
2017 1021 000B 0000 0000 0003 -39.0 0.19021 8318
2017 1021 000B 0000 0000 0004 -44.0 1.12901 8323
2017 1021 000B 0000 0000 0001 -54.5 5.48552 8341
2017 1021 000B 0000 0000 0003 -37.0 0.34361 8630
2017 1021 000B 0000 0000 0004 -43.0 1.61375 8635
2017 1021 000B 0000 0000 0003 -37.0 0.39884 8658
2017 1021 000B 0000 0000 0004 -41.5 1.73647 8663
2017 1021 000B 0000 0000 0001 -53.0 5.98866 8680
2017 1021 000B 0000 0000 0004 -41.5 2.08621 8972
2017 1021 000B 0000 0000 0003 -36.0 0.54610 8977
2017 1021 000B 0000 0000 0001 -52.0 0.21476 8998
2017 1021 000B 0000 0000 0003 -36.0 0.54610 9036
2017 1021 000B 0000 0000 0004 -41.5 2.06167 9042
2017 1021 000B 0000 0000 0001 -52.5 0.34975 9052
2017 1021 000B 0000 0000 0004 -40.0 2.44823 9333
2017 1021 000B 0000 0000 0003 -35.5 0.77313 9338
2017 1021 000B 0000 0000 0001 -49.0 0.38656 9343
2017 1021 000B 0000 0000 0005 -60.5 3.71223 9355
2017 1021 000B 0000 0000 0004 -39.5 2.47891 9383
2017 1021 000B 0000 0000 0003 -35.0 0.75472 9388
2017 1021 000B 0000 0000 0001 -50.0 1.09833 9393
2017 1021 000B 0000 0000 0005 -61.0 0.46019 9403
2017 1021 000B 0000 0000 0004 -38.5 2.82252 9685
2017 1021 000B 0000 0000 0003 -34.5 0.82221 9689
2017 1021 000B 0000 0000 0001 -48.5 1.23332 9695
2017 1021 000B 0000 0000 0005 -58.5 1.01243 9745
2017 1021 000B 0000 0000 0004 -37.0 2.86548 9778
2017 1021 000B 0000 0000 0003 -34.5 0.86517 9782
2017 1021 000B 0000 0000 0001 -47.5 1.55239 9787
2017 1021 000B 0000 0000 0005 -58.0 1.14742 9802
2017 1021 000B 0000 0000 0003 -35.0 0.83449 10095
2017 1021 000B 0000 0000 0004 -37.0 3.13546 10100
2017 1021 000B 0000 0000 0001 -46.5 1.71806 10104
2017 1021 000B 0000 0000 0002 -55.5 0.48474 10115
2017 1021 000B 0000 0000 0005 -58.0 4.61421 10135
2017 1021 000B 0000 0000 0003 -35.0 0.85903 10161
2017 1021 000B 0000 0000 0001 -46.5 1.73033 10166
2017 1021 000B 0000 0000 0004 -36.5 3.13546 10170
2017 1021 000B 0000 0000 0005 -59.0 4.73693 10184
2017 1021 000B 0000 0000 0002 -54.5 0.65041 10202
2017 1021 000B 0000 0000 0002 -51.5 0.39270 10481
2017 1021 000B 0000 0000 0004 -35.0 3.39930 10485
2017 1021 000B 0000 0000 0003 -35.5 0.64427 10490
2017 1021 000B 0000 0000 0001 -45.5 2.28870 10495
2017 1021 000B 0000 0000 0005 -58.0 5.21553 10513
2017 1021 000B 0000 0000 0001 -45.5 2.17825 10547
2017 1021 000B 0000 0000 0003 -36.0 0.64427 10551
2017 1021 000B 0000 0000 0002 -51.0 1.29468 10556
2017 1021 000B 0000 0000 0004 -34.5 3.39930 10560
2017 1021 000B 0000 0000 0005 -57.0 5.20326 10596
2017 1021 000B 0000 0000 0001 -44.0 2.66913 10881
2017 1021 000B 0000 0000 0002 -47.5 1.28241 10886
2017 1021 000B 0000 0000 0003 -36.5 0.46633 10891
2017 1021 000B 0000 0000 0004 -34.5 3.54043 10896
2017 1021 000B 0000 0000 0005 -58.0 5.92117 10916
2017 1021 000B 0000 0000 0001 -43.0 2.57095 10949
2017 1021 000B 0000 0000 0003 -37.0 0.41111 10954
2017 1021 000B 0000 0000 0004 -34.5 3.56497 10959
2017 1021 000B 0000 0000 0002 -48.5 1.27014 10973
2017 1021 000B 0000 0000 0005 -57.5 6.21569 11007
2017 1021 000B 0000 0000 0004 -35.5 3.65701 11293
2017 1021 000B 0000 0000 0003 -38.5 0.28225 11298
2017 1021 000B 0000 0000 0001 -42.5 2.79185 11303
2017 1021 000B 0000 0000 0002 -46.5 1.50330 11317
2017 1021 000B 0000 0000 0005 -58.0 0.93266 11350
2017 1021 000B 0000 0000 0003 -39.0 0.15953 11385
2017 1021 000B 0000 0000 0004 -35.5 3.60179 11389
2017 1021 000B 0000 0000 0001 -41.5 2.76117 11394
2017 1021 000B 0000 0000 0002 -46.0 1.47876 11399
2017 1021 000B 0000 0000 0005 -58.0 0.69336 11414
2017 1021 000B 0000 0000 0002 -44.5 1.66284 11705
2017 1021 000B 0000 0000 0003 -41.0 0.00000 11710
2017 1021 000B 0000 0000 0004 -37.0 3.66315 11715
2017 1021 000B 0000 0000 0001 -40.0 2.87775 11721
2017 1021 000B 0000 0000 0005 -57.0 1.65056 11737
2017 1021 000B 0000 0000 0004 -37.5 3.69996 11775
2017 1021 000B 0000 0000 0002 -44.5 1.61988 11780
2017 1021 000B 0000 0000 0001 -40.0 2.96365 11785
2017 1021 000B 0000 0000 0003 -41.0 6.14206 11789
2017 1021 000B 0000 0000 0005 -57.0 1.80396 11805
2017 1021 000B 0000 0000 0001 -39.0 2.84093 12096
2017 1021 000B 0000 0000 0004 -39.5 3.77359 12101
2017 1021 000B 0000 0000 0003 -42.5 5.92117 12105
2017 1021 000B 0000 0000 0002 -43.5 1.84078 12110
2017 1021 000B 0000 0000 0005 -56.5 5.74322 12121
2017 1021 000B 0000 0000 0003 -43.0 5.85367 12149
2017 1021 000B 0000 0000 0004 -40.0 3.69996 12154
2017 1021 000B 0000 0000 0001 -39.0 2.87775 12159
2017 1021 000B 0000 0000 0002 -43.5 1.76101 12163
2017 1021 000B 0000 0000 0005 -56.0 6.03161 12182
2017 1021 000B 0000 0000 0004 -41.5 3.69996 12468
2017 1021 000B 0000 0000 0001 -37.5 2.79798 12473
2017 1021 000B 0000 0000 0003 -44.5 5.57755 12478
2017 1021 000B 0000 0000 0002 -42.5 1.98804 12483
2017 1021 000B 0000 0000 0005 -54.5 0.32520 12497
2017 1021 000B 0000 0000 0001 -37.5 2.79185 12536
2017 1021 000B 0000 0000 0004 -42.0 3.54656 12541
2017 1021 000B 0000 0000 0005 -53.0 0.69950 12547
2017 1021 000B 0000 0000 0002 -43.0 5.06214 12557
2017 1021 000B 0000 0000 0003 -45.0 5.38734 12578
2017 1021 000B 0000 0000 0003 -45.5 5.03146 12857
2017 1021 000B 0000 0000 0005 -50.0 1.36217 12862
2017 1021 000B 0000 0000 0001 -38.0 2.67526 12867
2017 1021 000B 0000 0000 0002 -42.0 1.99418 12871
2017 1021 000B 0000 0000 0004 -44.5 3.39317 12888
2017 1021 000B 0000 0000 0005 -50.0 1.51557 12924
2017 1021 000B 0000 0000 0002 -42.5 1.98804 12929
2017 1021 000B 0000 0000 0001 -38.0 2.70594 12934
2017 1021 000B 0000 0000 0004 -43.5 3.31953 12939
2017 1021 000B 0000 0000 0003 -46.5 4.83511 12951
2017 1021 000B 0000 0000 0001 -38.0 2.62618 13231
2017 1021 000B 0000 0000 0005 -48.5 1.77942 13237
2017 1021 000B 0000 0000 0003 -46.5 4.34423 13242
2017 1021 000B 0000 0000 0004 -45.5 3.02501 13246
2017 1021 000B 0000 0000 0002 -42.0 1.93282 13251
2017 1021 000B 0000 0000 0001 -38.0 2.55868 13274
2017 1021 000B 0000 0000 0002 -42.0 1.98190 13278
2017 1021 000B 0000 0000 0003 -46.0 4.28901 13283
2017 1021 000B 0000 0000 0004 -45.5 3.01274 13288
2017 1021 000B 0000 0000 0005 -49.5 5.08054 13307
2017 1021 000B 0000 0000 0001 -39.5 2.54641 13608
2017 1021 000B 0000 0000 0005 -48.5 2.40528 13613
2017 1021 000B 0000 0000 0002 -42.5 2.01872 13618
2017 1021 000B 0000 0000 0003 -47.5 4.05585 13622
2017 1021 000B 0000 0000 0004 -47.5 2.52800 13627
2017 1021 000B 0000 0000 0003 -47.5 3.82268 13648
2017 1021 000B 0000 0000 0001 -39.0 2.50346 13653
2017 1021 000B 0000 0000 0002 -42.5 1.87146 13659
2017 1021 000B 0000 0000 0004 -46.5 2.52800 13664
2017 1021 000B 0000 0000 0005 -47.0 2.67526 13668
2017 1021 000B 0000 0000 0005 -46.0 2.72435 13944
2017 1021 000B 0000 0000 0001 -40.5 2.50346 13948
2017 1021 000B 0000 0000 0002 -44.0 2.00031 13953
2017 1021 000B 0000 0000 0003 -48.0 3.05569 13959
2017 1021 000B 0000 0000 0004 -52.0 1.93895 13980
2017 1021 000B 0000 0000 0001 -40.5 2.45437 14018
2017 1021 000B 0000 0000 0002 -44.0 1.89600 14023
2017 1021 000B 0000 0000 0003 -50.5 6.07456 14035
2017 1021 000B 0000 0000 0005 -46.5 5.94571 14055
2017 1021 000B 0000 0000 0004 -54.0 1.55239 14074
2017 1021 000B 0000 0000 0001 -42.0 2.36847 14348
2017 1021 000B 0000 0000 0005 -44.5 3.06796 14354
2017 1021 000B 0000 0000 0002 -46.5 1.54625 14359
2017 1021 000B 0000 0000 0004 -57.5 0.87744 14378
2017 1021 000B 0000 0000 0005 -44.5 3.07410 14418
2017 1021 000B 0000 0000 0002 -46.0 1.76715 14423
2017 1021 000B 0000 0000 0001 -43.0 2.34392 14428
2017 1021 000B 0000 0000 0004 -59.0 0.40497 14441
2017 1021 000B 0000 0000 0003 -51.0 1.96963 14460
2017 1021 000B 0000 0000 0005 -43.5 3.36249 14737
2017 1021 000B 0000 0000 0003 -49.5 1.87759 14742
2017 1021 000B 0000 0000 0001 -42.5 2.04940 14746
2017 1021 000B 0000 0000 0002 -46.5 1.48489 14751
2017 1021 000B 0000 0000 0001 -43.0 2.07394 14773
2017 1021 000B 0000 0000 0005 -43.5 3.23977 14780
2017 1021 000B 0000 0000 0002 -47.0 1.43581 14786
2017 1021 000B 0000 0000 0003 -50.5 1.41740 14791
2017 1021 000B 0000 0000 0002 -48.5 1.29468 15066
2017 1021 000B 0000 0000 0005 -42.0 3.39317 15071
2017 1021 000B 0000 0000 0003 -51.0 0.71177 15075
2017 1021 000B 0000 0000 0001 -44.0 1.77328 15080
2017 1021 000B 0000 0000 0001 -44.5 1.76715 15174
2017 1021 000B 0000 0000 0005 -41.5 3.47907 15178
2017 1021 000B 0000 0000 0002 -51.5 4.14175 15190
2017 1021 000B 0000 0000 0003 -52.0 0.19021 15210
2017 1021 000B 0000 0000 0005 -41.5 3.79814 15505
2017 1021 000B 0000 0000 0001 -44.5 1.32536 15509
2017 1021 000B 0000 0000 0003 -51.5 5.74322 15520
2017 1021 000B 0000 0000 0004 -59.5 5.70027 15539
2017 1021 000B 0000 0000 0002 -54.0 0.41724 15558
2017 1021 000B 0000 0000 0005 -42.0 3.63247 15579
2017 1021 000B 0000 0000 0001 -45.5 1.32536 15584
2017 1021 000B 0000 0000 0003 -51.0 5.54687 15614
2017 1021 000B 0000 0000 0001 -46.5 0.58905 15930
2017 1021 000B 0000 0000 0005 -43.0 3.72451 15935
2017 1021 000B 0000 0000 0003 -50.5 4.95783 15946
2017 1021 000B 0000 0000 0004 -58.5 5.12350 15965
2017 1021 000B 0000 0000 0002 -57.0 5.41188 15983
2017 1021 000B 0000 0000 0001 -46.5 0.60746 16005
2017 1021 000B 0000 0000 0005 -42.5 3.71223 16010
2017 1021 000B 0000 0000 0003 -49.5 4.82897 16033
2017 1021 000B 0000 0000 0005 -44.0 3.92085 16347
2017 1021 000B 0000 0000 0001 -46.5 0.21476 16352
2017 1021 000B 0000 0000 0002 -58.0 1.39285 16362
2017 1021 000B 0000 0000 0004 -58.5 4.78602 16381
2017 1021 000B 0000 0000 0003 -50.5 4.26447 16401
2017 1021 000B 0000 0000 0005 -44.5 4.15402 16423
2017 1021 000B 0000 0000 0001 -46.5 6.25251 16427
2017 1021 000B 0000 0000 0003 -49.5 3.69383 16702
2017 1021 000B 0000 0000 0005 -45.5 3.89631 16707
2017 1021 000B 0000 0000 0001 -47.0 5.57142 16712
2017 1021 000B 0000 0000 0001 -48.0 5.46097 16734
2017 1021 000B 0000 0000 0005 -46.5 0.84676 16754
2017 1021 000B 0000 0000 0003 -51.0 0.65654 16773
2017 1021 000B 0000 0000 0003 -50.5 3.47293 17049
2017 1021 000B 0000 0000 0005 -46.5 4.07425 17054
2017 1021 000B 0000 0000 0001 -48.0 5.00691 17059
2017 1021 000B 0000 0000 0003 -52.0 0.04295 17088
2017 1021 000B 0000 0000 0005 -48.0 0.88971 17108
2017 1021 000B 0000 0000 0001 -50.0 4.82284 17126
2017 1021 000B 0000 0000 0005 -47.5 3.71223 17410
2017 1021 000B 0000 0000 0003 -52.0 2.59550 17429
2017 1021 000B 0000 0000 0001 -50.5 4.22765 17458
2017 1021 000B 0000 0000 0001 -50.0 4.03744 17495
2017 1021 000B 0000 0000 0005 -49.0 3.92699 17500
2017 1021 000B 0000 0000 0003 -53.5 5.70641 17514
2017 1021 000B 0000 0000 0001 -50.0 3.81654 17806
2017 1021 000B 0000 0000 0005 -48.5 3.57724 17811
2017 1021 000B 0000 0000 0003 -54.0 1.85305 17826
2017 1021 000B 0000 0000 0005 -48.0 3.71837 17866
2017 1021 000B 0000 0000 0001 -53.0 0.41724 17878
2017 1021 000B 0000 0000 0003 -55.5 1.69965 17898
2017 1021 000B 0000 0000 0005 -49.0 3.04342 18185
2017 1021 000B 0000 0000 0001 -50.5 2.93297 18191
2017 1021 000B 0000 0000 0003 -56.0 0.88357 18205
2017 1021 000B 0000 0000 0005 -48.0 3.28885 18245
2017 1021 000B 0000 0000 0001 -53.5 5.84140 18254
2017 1021 000B 0000 0000 0003 -57.0 0.69950 18276
2017 1021 000B 0000 0000 0001 -54.5 5.25235 18588
2017 1021 000B 0000 0000 0005 -52.0 5.83526 18618
2017 1021 000B 0000 0000 0001 -55.0 1.73033 18668
2017 1021 000B 0000 0000 0005 -53.0 5.55915 18705
2017 1021 000B 0000 0000 0003 -58.0 0.61973 19695
