2017 1021 000B 0000 0000 0002 -54.5 4.85965 0
2017 1021 000B 0000 0000 0001 -51.0 2.60163 18
2017 1021 000B 0000 0000 0001 -51.0 5.84140 55
2017 1021 000B 0000 0000 0002 -55.5 5.18486 77
2017 1021 000B 0000 0000 0001 -49.0 3.23363 353
2017 1021 000B 0000 0000 0002 -56.0 5.60210 367
2017 1021 000B 0000 0000 0001 -48.0 3.01274 392
2017 1021 000B 0000 0000 0002 -53.5 5.78618 411
2017 1021 000B 0000 0000 0001 -50.0 0.75472 712
2017 1021 000B 0000 0000 0002 -55.5 0.03068 743
2017 1021 000B 0000 0000 0001 -51.0 0.75472 790
2017 1021 000B 0000 0000 0002 -55.5 0.03682 811
2017 1021 000B 0000 0000 0001 -51.0 1.46649 1094
2017 1021 000B 0000 0000 0002 -54.5 0.63200 1115
2017 1021 000B 0000 0000 0001 -51.0 4.72466 1147
2017 1021 000B 0000 0000 0002 -54.5 0.71790 1169
2017 1021 000B 0000 0000 0001 -52.0 5.41188 1453
2017 1021 000B 0000 0000 0002 -54.5 1.57080 1472
2017 1021 000B 0000 0000 0002 -54.0 4.90260 1512
2017 1021 000B 0000 0000 0001 -51.0 5.68186 1543
2017 1021 000B 0000 0000 0002 -54.5 2.46664 1839
2017 1021 000B 0000 0000 0001 -51.5 0.22089 1860
2017 1021 000B 0000 0000 0001 -50.0 1.32536 2172
2017 1021 000B 0000 0000 0002 -53.0 6.25864 2202
2017 1021 000B 0000 0000 0001 -49.5 1.40513 2250
2017 1021 000B 0000 0000 0002 -54.0 0.20249 2281
2017 1021 000B 0000 0000 0001 -49.5 2.60777 2570
2017 1021 000B 0000 0000 0002 -53.5 0.88357 2586
2017 1021 000B 0000 0000 0001 -49.5 5.90889 2623
2017 1021 000B 0000 0000 0002 -53.0 1.07992 2652
2017 1021 000B 0000 0000 0001 -47.5 3.16000 2939
2017 1021 000B 0000 0000 0002 -51.0 1.66284 2961
2017 1021 000B 0000 0000 0001 -47.5 3.69383 2992
2017 1021 000B 0000 0000 0002 -52.5 4.89033 3003
2017 1021 000B 0000 0000 0001 -47.0 4.41786 3285
2017 1021 000B 0000 0000 0002 -52.5 5.48552 3297
2017 1021 000B 0000 0000 0001 -46.0 4.57740 3325
2017 1021 000B 0000 0000 0002 -51.5 5.78618 3347
2017 1021 000B 0000 0000 0001 -44.5 5.11736 3639
2017 1021 000B 0000 0000 0002 -52.0 0.04909 3657
2017 1021 000B 0000 0000 0001 -45.0 5.16031 3702
2017 1021 000B 0000 0000 0002 -52.5 0.19021 3721
2017 1021 000B 0000 0000 0002 -49.5 4.27674 4002
2017 1021 000B 0000 0000 0001 -42.0 5.58369 4007
2017 1021 000B 0000 0000 0001 -42.5 5.67573 4027
2017 1021 000B 0000 0000 0002 -51.5 0.85903 4039
2017 1021 000B 0000 0000 0001 -41.0 6.16047 4318
2017 1021 000B 0000 0000 0002 -50.5 4.87192 4335
2017 1021 000B 0000 0000 0002 -51.0 4.61421 4373
2017 1021 000B 0000 0000 0001 -40.5 6.20342 4378
2017 1021 000B 0000 0000 0002 -49.5 5.58983 4653
2017 1021 000B 0000 0000 0001 -38.5 0.15953 4658
2017 1021 000B 0000 0000 0001 -38.5 0.22089 4680
2017 1021 000B 0000 0000 0002 -50.0 5.66959 4695
2017 1021 000B 0000 0000 0001 -36.5 0.45406 4995
2017 1021 000B 0000 0000 0002 -49.5 0.28839 5000
2017 1021 000B 0000 0000 0002 -48.5 0.28225 5022
2017 1021 000B 0000 0000 0001 -36.5 0.59518 5027
2017 1021 000B 0000 0000 0001 -35.0 0.85289 5302
2017 1021 000B 0000 0000 0002 -48.0 1.17196 5307
2017 1021 000B 0000 0000 0005 -58.0 5.81686 5326
2017 1021 000B 0000 0000 0001 -34.5 0.84062 5359
2017 1021 000B 0000 0000 0002 -47.0 0.98788 5364
2017 1021 000B 0000 0000 0005 -56.5 5.91503 5381
2017 1021 000B 0000 0000 0001 -32.5 1.14128 5671
2017 1021 000B 0000 0000 0002 -47.0 1.48489 5676
2017 1021 000B 0000 0000 0005 -56.5 0.14113 5691
2017 1021 000B 0000 0000 0004 -56.5 0.15340 5721
2017 1021 000B 0000 0000 0002 -47.0 1.50944 5758
2017 1021 000B 0000 0000 0001 -32.0 1.18423 5763
2017 1021 000B 0000 0000 0005 -56.0 0.39884 5779
2017 1021 000B 0000 0000 0004 -55.5 0.28839 5808
2017 1021 000B 0000 0000 0005 -52.5 0.87744 6099
2017 1021 000B 0000 0000 0002 -46.0 2.36233 6104
2017 1021 000B 0000 0000 0001 -31.0 1.44194 6109
2017 1021 000B 0000 0000 0004 -55.5 0.47860 6121
2017 1021 000B 0000 0000 0002 -44.5 2.42983 6149
2017 1021 000B 0000 0000 0001 -30.5 1.45421 6154
2017 1021 000B 0000 0000 0005 -55.0 4.08039 6184
2017 1021 000B 0000 0000 0004 -54.0 0.55223 6203
2017 1021 000B 0000 0000 0001 -30.0 1.60148 6480
2017 1021 000B 0000 0000 0002 -43.0 2.85934 6485
2017 1021 000B 0000 0000 0005 -54.0 1.39285 6503
2017 1021 000B 0000 0000 0004 -52.5 0.98788 6534
2017 1021 000B 0000 0000 0001 -30.0 1.61375 6570
2017 1021 000B 0000 0000 0002 -43.5 2.98206 6575
2017 1021 000B 0000 0000 0004 -52.0 1.17810 6580
2017 1021 000B 0000 0000 0005 -53.0 1.69965 6585
2017 1021 000B 0000 0000 0001 -29.0 1.68124 6861
2017 1021 000B 0000 0000 0002 -42.5 3.27045 6866
2017 1021 000B 0000 0000 0004 -50.0 1.39285 6872
2017 1021 000B 0000 0000 0001 -29.5 1.69351 6896
2017 1021 000B 0000 0000 0002 -43.0 3.35021 6900
2017 1021 000B 0000 0000 0004 -51.0 1.36831 6905
2017 1021 000B 0000 0000 0005 -52.5 1.90214 6917
2017 1021 000B 0000 0000 0002 -42.0 3.54656 7199
2017 1021 000B 0000 0000 0001 -29.5 1.64443 7203
2017 1021 000B 0000 0000 0004 -48.0 1.66897 7208
2017 1021 000B 0000 0000 0005 -52.0 5.53460 7229
2017 1021 000B 0000 0000 0002 -41.0 3.54656 7267
2017 1021 000B 0000 0000 0001 -30.0 1.65670 7271
2017 1021 000B 0000 0000 0004 -49.5 1.72419 7277
2017 1021 000B 0000 0000 0005 -51.0 2.50346 7281
2017 1021 000B 0000 0000 0002 -40.5 3.65701 7555
2017 1021 000B 0000 0000 0001 -30.5 1.61988 7560
2017 1021 000B 0000 0000 0004 -47.5 2.02485 7570
2017 1021 000B 0000 0000 0001 -31.0 1.57693 7594
2017 1021 000B 0000 0000 0004 -46.5 2.10462 7601
2017 1021 000B 0000 0000 0002 -41.0 3.73678 7606
2017 1021 000B 0000 0000 0005 -51.0 6.15433 7617
2017 1021 000B 0000 0000 0002 -41.0 3.96381 7899
2017 1021 000B 0000 0000 0001 -32.0 1.44194 7903
2017 1021 000B 0000 0000 0005 -49.5 3.55270 7908
2017 1021 000B 0000 0000 0004 -47.0 2.40528 7913
2017 1021 000B 0000 0000 0001 -32.0 1.38672 7933
2017 1021 000B 0000 0000 0004 -47.5 2.22734 7937
2017 1021 000B 0000 0000 0005 -49.0 3.15386 7942
2017 1021 000B 0000 0000 0002 -41.0 3.77973 7948
2017 1021 000B 0000 0000 0001 -33.0 1.19651 8224
2017 1021 000B 0000 0000 0004 -44.5 2.32551 8229
2017 1021 000B 0000 0000 0002 -41.5 3.84109 8235
2017 1021 000B 0000 0000 0005 -49.5 0.74858 8250
2017 1021 000B 0000 0000 0002 -41.5 3.84109 8288
2017 1021 000B 0000 0000 0005 -49.0 3.92085 8292
2017 1021 000B 0000 0000 0001 -33.5 1.20878 8297
2017 1021 000B 0000 0000 0004 -45.5 2.32551 8302
2017 1021 000B 0000 0000 0002 -43.0 3.80427 8577
2017 1021 000B 0000 0000 0001 -35.0 1.06151 8582
2017 1021 000B 0000 0000 0004 -45.0 2.25802 8587
2017 1021 000B 0000 0000 0005 -47.5 4.28901 8592
2017 1021 000B 0000 0000 0001 -35.5 0.97561 8611
2017 1021 000B 0000 0000 0002 -43.0 3.96381 8616
2017 1021 000B 0000 0000 0005 -46.0 4.32583 8621
2017 1021 000B 0000 0000 0004 -43.0 2.33165 8625
2017 1021 000B 0000 0000 0002 -44.5 3.91472 8897
2017 1021 000B 0000 0000 0001 -37.5 0.75472 8902
2017 1021 000B 0000 0000 0004 -43.5 2.20280 8906
2017 1021 000B 0000 0000 0005 -47.5 4.50990 8911
2017 1021 000B 0000 0000 0001 -37.5 0.72404 8935
2017 1021 000B 0000 0000 0004 -43.0 2.21507 8940
2017 1021 000B 0000 0000 0002 -43.0 3.73678 8945
2017 1021 000B 0000 0000 0005 -46.5 4.55285 8950
2017 1021 000B 0000 0000 0001 -39.0 0.46633 9225
2017 1021 000B 0000 0000 0005 -46.5 4.77988 9229
2017 1021 000B 0000 0000 0004 -42.0 2.16598 9234
2017 1021 000B 0000 0000 0002 -45.5 3.77359 9239
2017 1021 000B 0000 0000 0005 -45.5 4.63262 9262
2017 1021 000B 0000 0000 0001 -39.0 0.26384 9266
2017 1021 000B 0000 0000 0004 -41.5 2.19052 9271
2017 1021 000B 0000 0000 0002 -46.5 0.63814 9282
2017 1021 000B 0000 0000 0001 -41.0 0.15340 9563
2017 1021 000B 0000 0000 0005 -46.0 4.95169 9567
2017 1021 000B 0000 0000 0004 -40.5 1.98804 9572
2017 1021 000B 0000 0000 0002 -48.0 0.34361 9584
2017 1021 000B 0000 0000 0003 -58.5 0.61359 9603
2017 1021 000B 0000 0000 0002 -47.5 3.38089 9630
2017 1021 000B 0000 0000 0004 -41.0 1.94509 9637
2017 1021 000B 0000 0000 0001 -41.0 0.07363 9642
2017 1021 000B 0000 0000 0005 -46.0 4.85965 9656
2017 1021 000B 0000 0000 0003 -56.0 0.94493 9688
2017 1021 000B 0000 0000 0002 -49.0 3.11091 9976
2017 1021 000B 0000 0000 0004 -40.0 1.85305 9981
2017 1021 000B 0000 0000 0001 -42.5 5.81072 9986
2017 1021 000B 0000 0000 0005 -46.0 1.77328 10000
2017 1021 000B 0000 0000 0003 -55.0 1.31922 10034
2017 1021 000B 0000 0000 0004 -40.0 1.82237 10068
2017 1021 000B 0000 0000 0001 -43.0 5.71868 10072
2017 1021 000B 0000 0000 0005 -44.5 4.91487 10077
2017 1021 000B 0000 0000 0001 -42.0 5.12350 10393
2017 1021 000B 0000 0000 0004 -40.0 1.68738 10399
2017 1021 000B 0000 0000 0005 -45.5 4.87192 10409
2017 1021 000B 0000 0000 0002 -53.0 5.62664 10426
2017 1021 000B 0000 0000 0001 -43.5 5.09895 10464
2017 1021 000B 0000 0000 0004 -40.5 1.66284 10469
2017 1021 000B 0000 0000 0005 -43.5 4.89647 10474
2017 1021 000B 0000 0000 0003 -52.5 1.84691 10490
2017 1021 000B 0000 0000 0002 -55.0 5.36280 10522
2017 1021 000B 0000 0000 0004 -42.0 1.59534 10811
2017 1021 000B 0000 0000 0001 -45.0 4.50377 10816
2017 1021 000B 0000 0000 0005 -46.0 4.79216 10821
2017 1021 000B 0000 0000 0002 -58.5 4.51604 10835
2017 1021 000B 0000 0000 0004 -42.5 1.52784 10863
2017 1021 000B 0000 0000 0001 -43.5 4.33196 10868
2017 1021 000B 0000 0000 0005 -46.5 1.65056 10896
2017 1021 000B 0000 0000 0003 -51.0 2.15984 10925
2017 1021 000B 0000 0000 0004 -43.5 1.41126 11220
2017 1021 000B 0000 0000 0001 -46.5 0.68109 11238
2017 1021 000B 0000 0000 0005 -47.5 1.57693 11269
2017 1021 000B 0000 0000 0004 -43.5 1.55852 11302
2017 1021 000B 0000 0000 0005 -47.5 4.54672 11307
2017 1021 000B 0000 0000 0001 -46.0 3.66928 11312
2017 1021 000B 0000 0000 0003 -49.5 5.66346 11330
2017 1021 000B 0000 0000 0004 -43.0 1.49103 11610
2017 1021 000B 0000 0000 0001 -45.5 3.13546 11615
2017 1021 000B 0000 0000 0005 -48.0 4.69398 11619
2017 1021 000B 0000 0000 0003 -49.0 2.68140 11631
2017 1021 000B 0000 0000 0004 -45.0 1.17810 11653
2017 1021 000B 0000 0000 0005 -46.5 4.28287 11664
2017 1021 000B 0000 0000 0001 -45.5 3.06183 11670
2017 1021 000B 0000 0000 0001 -48.0 2.55868 11941
2017 1021 000B 0000 0000 0004 -46.0 1.13515 11946
2017 1021 000B 0000 0000 0003 -48.0 2.64458 11951
2017 1021 000B 0000 0000 0005 -49.5 4.22152 11956
2017 1021 000B 0000 0000 0005 -48.0 3.92085 11985
2017 1021 000B 0000 0000 0004 -46.5 1.23332 11994
2017 1021 000B 0000 0000 0001 -49.0 2.35619 11999
2017 1021 000B 0000 0000 0003 -47.0 2.63845 12003
2017 1021 000B 0000 0000 0003 -48.5 2.82866 12302
2017 1021 000B 0000 0000 0004 -48.0 0.83449 12331
2017 1021 000B 0000 0000 0001 -49.5 1.69965 12361
2017 1021 000B 0000 0000 0004 -48.0 0.67495 12401
2017 1021 000B 0000 0000 0003 -49.0 5.86594 12432
2017 1021 000B 0000 0000 0004 -48.0 0.07977 12719
2017 1021 000B 0000 0000 0003 -48.5 2.62004 12725
2017 1021 000B 0000 0000 0001 -49.5 0.52155 12730
2017 1021 000B 0000 0000 0005 -55.0 5.78004 12745
2017 1021 000B 0000 0000 0001 -50.5 0.88971 12788
2017 1021 000B 0000 0000 0004 -49.5 0.11045 12821
2017 1021 000B 0000 0000 0003 -49.5 5.85367 12869
2017 1021 000B 0000 0000 0003 -52.0 2.48505 13166
2017 1021 000B 0000 0000 0004 -50.0 5.69414 13197
2017 1021 000B 0000 0000 0001 -52.0 0.20249 13228
2017 1021 000B 0000 0000 0004 -50.5 5.49779 13272
2017 1021 000B 0000 0000 0003 -53.5 5.43643 13301
2017 1021 000B 0000 0000 0004 -51.0 4.87806 13595
2017 1021 000B 0000 0000 0001 -54.0 5.30144 13643
2017 1021 000B 0000 0000 0001 -53.0 5.30144 13689
2017 1021 000B 0000 0000 0004 -51.0 4.64489 13721
2017 1021 000B 0000 0000 0004 -52.0 1.13515 14015
2017 1021 000B 0000 0000 0001 -55.0 4.52831 14034
2017 1021 000B 0000 0000 0005 -58.0 3.10478 14052
2017 1021 000B 0000 0000 0001 -53.5 0.86517 14085
2017 1021 000B 0000 0000 0004 -53.0 3.93926 14118
2017 1021 000B 0000 0000 0004 -54.0 3.35635 14415
2017 1021 000B 0000 0000 0001 -55.5 0.63200 14455
2017 1021 000B 0000 0000 0004 -53.5 3.14773 14538
2017 1021 000B 0000 0000 0001 -55.5 0.47247 14567
2017 1021 000B 0000 0000 0001 -57.5 6.08070 14867
2017 1021 000B 0000 0000 0004 -57.0 5.46711 14887
2017 1021 000B 0000 0000 0004 -57.0 1.66897 15262
