2017 1021 000B 0000 0000 0001 -49.5 4.15402 0
2017 1021 000B 0000 0000 0002 -57.0 5.99480 13
2017 1021 000B 0000 0000 0001 -51.0 1.28854 51
2017 1021 000B 0000 0000 0002 -55.5 6.16660 72
2017 1021 000B 0000 0000 0001 -50.5 4.77375 366
2017 1021 000B 0000 0000 0001 -51.5 1.71192 407
2017 1021 000B 0000 0000 0001 -50.5 5.27689 702
2017 1021 000B 0000 0000 0001 -50.5 5.31985 749
2017 1021 000B 0000 0000 0001 -50.0 5.93957 1082
2017 1021 000B 0000 0000 0001 -47.5 5.97639 1369
2017 1021 000B 0000 0000 0001 -49.0 0.05522 1392
2017 1021 000B 0000 0000 0001 -49.0 0.40497 1664
2017 1021 000B 0000 0000 0002 -56.0 6.07456 1679
2017 1021 000B 0000 0000 0001 -50.0 0.64427 1729
2017 1021 000B 0000 0000 0002 -55.0 0.25157 1760
2017 1021 000B 0000 0000 0002 -54.0 0.53996 2061
2017 1021 000B 0000 0000 0001 -50.5 1.37445 2091
2017 1021 000B 0000 0000 0001 -50.0 1.36831 2138
2017 1021 000B 0000 0000 0002 -53.5 1.05538 2219
2017 1021 000B 0000 0000 0002 -53.5 4.47309 2512
2017 1021 000B 0000 0000 0001 -50.0 2.17212 2542
2017 1021 000B 0000 0000 0001 -50.0 5.33212 2591
2017 1021 000B 0000 0000 0002 -54.5 4.70012 2624
2017 1021 000B 0000 0000 0001 -51.5 5.95798 2916
2017 1021 000B 0000 0000 0002 -54.5 5.25849 2935
2017 1021 000B 0000 0000 0001 -50.0 2.90843 2963
2017 1021 000B 0000 0000 0002 -55.0 5.33212 2974
2017 1021 000B 0000 0000 0001 -51.5 3.52816 3262
2017 1021 000B 0000 0000 0002 -55.5 5.89662 3284
2017 1021 000B 0000 0000 0002 -54.5 6.10524 3318
2017 1021 000B 0000 0000 0002 -55.0 6.23410 3613
2017 1021 000B 0000 0000 0001 -50.5 0.99402 3643
2017 1021 000B 0000 0000 0001 -48.5 3.90245 3678
2017 1021 000B 0000 0000 0002 -53.0 3.08023 3684
2017 1021 000B 0000 0000 0001 -50.5 4.85352 3967
2017 1021 000B 0000 0000 0002 -53.5 1.09219 4032
2017 1021 000B 0000 0000 0001 -51.5 5.00691 4070
2017 1021 000B 0000 0000 0001 -50.5 5.05600 4351
2017 1021 000B 0000 0000 0002 -54.5 1.73033 4362
2017 1021 000B 0000 0000 0001 -52.0 5.79845 4399
2017 1021 000B 0000 0000 0002 -54.0 1.88373 4418
2017 1021 000B 0000 0000 0001 -50.0 0.81608 4707
2017 1021 000B 0000 0000 0002 -54.5 5.64505 4739
2017 1021 000B 0000 0000 0001 -51.0 0.90812 4789
2017 1021 000B 0000 0000 0002 -54.5 2.76117 4807
2017 1021 000B 0000 0000 0001 -50.5 1.74874 5096
2017 1021 000B 0000 0000 0001 -50.0 5.04373 5126
2017 1021 000B 0000 0000 0002 -53.5 0.28225 5145
2017 1021 000B 0000 0000 0002 -51.0 0.96334 5436
2017 1021 000B 0000 0000 0001 -49.0 6.08684 5468
2017 1021 000B 0000 0000 0001 -47.5 3.11091 5504
2017 1021 000B 0000 0000 0002 -52.5 1.28854 5525
2017 1021 000B 0000 0000 0001 -46.5 3.96994 5809
2017 1021 000B 0000 0000 0001 -47.0 3.64474 5863
2017 1021 000B 0000 0000 0002 -52.5 5.10509 5875
2017 1021 000B 0000 0000 0002 -52.0 5.17258 5911
2017 1021 000B 0000 0000 0001 -47.0 0.89584 5929
2017 1021 000B 0000 0000 0001 -44.0 4.86579 6207
2017 1021 000B 0000 0000 0002 -52.0 5.93957 6221
2017 1021 000B 0000 0000 0001 -42.5 4.68785 6246
2017 1021 000B 0000 0000 0002 -50.5 6.05002 6264
2017 1021 000B 0000 0000 0002 -50.5 0.39270 6569
2017 1021 000B 0000 0000 0001 -43.0 5.21553 6599
2017 1021 000B 0000 0000 0001 -40.5 5.06827 6638
2017 1021 000B 0000 0000 0002 -51.0 0.69336 6649
2017 1021 000B 0000 0000 0002 -50.0 1.15355 6935
2017 1021 000B 0000 0000 0001 -41.5 5.55915 6955
2017 1021 000B 0000 0000 0001 -41.0 5.57755 6981
2017 1021 000B 0000 0000 0002 -49.5 4.37491 7005
2017 1021 000B 0000 0000 0001 -38.5 5.90889 7295
2017 1021 000B 0000 0000 0002 -49.0 5.13577 7309
2017 1021 000B 0000 0000 0001 -39.0 5.90889 7349
2017 1021 000B 0000 0000 0002 -49.5 2.07394 7360
2017 1021 000B 0000 0000 0001 -37.5 0.00614 7641
2017 1021 000B 0000 0000 0002 -49.5 5.90889 7652
2017 1021 000B 0000 0000 0005 -58.5 1.62602 7672
2017 1021 000B 0000 0000 0001 -37.5 0.03682 7699
2017 1021 000B 0000 0000 0002 -49.0 6.05002 7717
2017 1021 000B 0000 0000 0001 -35.0 0.36202 8032
2017 1021 000B 0000 0000 0002 -47.0 0.48474 8036
2017 1021 000B 0000 0000 0002 -47.5 0.61973 8080
2017 1021 000B 0000 0000 0001 -34.5 0.40497 8084
2017 1021 000B 0000 0000 0001 -33.5 0.66268 8357
2017 1021 000B 0000 0000 0002 -46.5 1.03084 8362
2017 1021 000B 0000 0000 0002 -46.0 1.38058 8418
2017 1021 000B 0000 0000 0001 -33.5 0.65041 8424
2017 1021 000B 0000 0000 0002 -45.5 1.36217 8696
2017 1021 000B 0000 0000 0001 -32.0 0.88971 8701
2017 1021 000B 0000 0000 0004 -54.0 6.00707 8715
2017 1021 000B 0000 0000 0005 -53.5 0.36202 8748
2017 1021 000B 0000 0000 0002 -45.0 1.73647 8783
2017 1021 000B 0000 0000 0001 -31.5 0.95720 8788
2017 1021 000B 0000 0000 0004 -54.5 6.07456 8803
2017 1021 000B 0000 0000 0005 -54.5 0.20862 8833
2017 1021 000B 0000 0000 0002 -44.5 2.11689 9126
2017 1021 000B 0000 0000 0001 -30.5 1.11674 9131
2017 1021 000B 0000 0000 0005 -53.0 0.70563 9146
2017 1021 000B 0000 0000 0004 -53.5 0.33748 9178
2017 1021 000B 0000 0000 0001 -30.5 1.09219 9213
2017 1021 000B 0000 0000 0002 -44.0 2.35006 9221
2017 1021 000B 0000 0000 0005 -53.5 0.74858 9233
2017 1021 000B 0000 0000 0004 -53.5 0.36816 9254
2017 1021 000B 0000 0000 0001 -30.0 1.22718 9534
2017 1021 000B 0000 0000 0002 -43.0 2.70594 9538
2017 1021 000B 0000 0000 0005 -52.0 1.41740 9554
2017 1021 000B 0000 0000 0004 -51.5 0.83449 9584
2017 1021 000B 0000 0000 0002 -42.5 2.68140 9620
2017 1021 000B 0000 0000 0001 -30.0 1.21491 9625
2017 1021 000B 0000 0000 0002 -42.0 2.89002 9942
2017 1021 000B 0000 0000 0001 -30.5 1.20878 9946
2017 1021 000B 0000 0000 0004 -48.0 1.00629 9951
2017 1021 000B 0000 0000 0005 -51.5 1.98804 9966
2017 1021 000B 0000 0000 0001 -30.0 1.21491 9991
2017 1021 000B 0000 0000 0002 -42.0 3.02501 9995
2017 1021 000B 0000 0000 0004 -48.0 1.28241 10000
2017 1021 000B 0000 0000 0005 -51.5 2.00031 10012
2017 1021 000B 0000 0000 0001 -31.0 1.09219 10292
2017 1021 000B 0000 0000 0002 -41.5 3.14159 10297
2017 1021 000B 0000 0000 0005 -50.5 5.60210 10311
2017 1021 000B 0000 0000 0004 -48.0 1.47262 10342
2017 1021 000B 0000 0000 0002 -41.0 3.17227 10378
2017 1021 000B 0000 0000 0001 -31.0 1.08606 10383
2017 1021 000B 0000 0000 0004 -46.5 1.53398 10388
2017 1021 000B 0000 0000 0005 -50.5 5.76777 10398
2017 1021 000B 0000 0000 0001 -32.5 0.95107 10680
2017 1021 000B 0000 0000 0004 -47.0 1.81010 10685
2017 1021 000B 0000 0000 0002 -41.5 3.20295 10689
2017 1021 000B 0000 0000 0005 -50.5 6.22796 10706
2017 1021 000B 0000 0000 0002 -41.0 3.22750 10733
2017 1021 000B 0000 0000 0001 -33.0 0.92652 10738
2017 1021 000B 0000 0000 0005 -50.0 0.01841 10753
2017 1021 000B 0000 0000 0004 -47.0 1.74874 10782
2017 1021 000B 0000 0000 0001 -34.5 0.77926 11073
2017 1021 000B 0000 0000 0004 -44.5 1.78555 11079
2017 1021 000B 0000 0000 0005 -48.5 4.03130 11085
2017 1021 000B 0000 0000 0002 -42.5 3.30726 11090
2017 1021 000B 0000 0000 0001 -34.5 0.63814 11112
2017 1021 000B 0000 0000 0002 -42.5 3.27658 11119
2017 1021 000B 0000 0000 0005 -48.0 3.51588 11124
2017 1021 000B 0000 0000 0004 -44.0 1.95122 11130
2017 1021 000B 0000 0000 0001 -36.0 0.38043 11404
2017 1021 000B 0000 0000 0002 -44.5 3.51588 11410
2017 1021 000B 0000 0000 0004 -41.5 1.77328 11416
2017 1021 000B 0000 0000 0005 -48.0 3.83495 11422
2017 1021 000B 0000 0000 0002 -43.5 3.32567 11445
2017 1021 000B 0000 0000 0001 -36.5 0.42338 11450
2017 1021 000B 0000 0000 0005 -46.5 4.33196 11454
2017 1021 000B 0000 0000 0004 -44.0 1.65670 11460
2017 1021 000B 0000 0000 0001 -37.0 0.03068 11734
2017 1021 000B 0000 0000 0005 -47.5 1.11060 11746
2017 1021 000B 0000 0000 0004 -43.5 1.74260 11765
2017 1021 000B 0000 0000 0002 -45.5 6.24023 11786
2017 1021 000B 0000 0000 0001 -38.5 0.07977 11807
2017 1021 000B 0000 0000 0004 -42.5 1.63216 11812
2017 1021 000B 0000 0000 0005 -47.0 4.26447 11817
2017 1021 000B 0000 0000 0004 -42.0 1.69351 12095
2017 1021 000B 0000 0000 0001 -40.0 6.00707 12099
2017 1021 000B 0000 0000 0002 -47.0 6.12365 12114
2017 1021 000B 0000 0000 0005 -47.0 1.15355 12147
2017 1021 000B 0000 0000 0004 -41.0 1.62602 12182
2017 1021 000B 0000 0000 0005 -45.0 4.47309 12186
2017 1021 000B 0000 0000 0001 -41.0 5.89049 12191
2017 1021 000B 0000 0000 0005 -46.0 4.40559 12469
2017 1021 000B 0000 0000 0001 -41.5 5.60823 12474
2017 1021 000B 0000 0000 0004 -41.0 1.47876 12479
2017 1021 000B 0000 0000 0002 -48.5 5.70027 12495
2017 1021 000B 0000 0000 0003 -55.0 0.34975 12514
2017 1021 000B 0000 0000 0001 -41.5 5.46711 12542
2017 1021 000B 0000 0000 0004 -41.5 1.41126 12547
2017 1021 000B 0000 0000 0005 -45.5 4.50377 12557
2017 1021 000B 0000 0000 0002 -48.5 2.54027 12574
2017 1021 000B 0000 0000 0003 -55.0 0.45406 12606
2017 1021 000B 0000 0000 0004 -41.0 1.07992 12891
2017 1021 000B 0000 0000 0001 -42.5 4.84124 12897
2017 1021 000B 0000 0000 0005 -45.0 4.54672 12906
2017 1021 000B 0000 0000 0002 -50.5 1.96350 12923
2017 1021 000B 0000 0000 0003 -52.5 0.85903 12954
2017 1021 000B 0000 0000 0004 -41.5 1.29468 12991
2017 1021 000B 0000 0000 0001 -42.5 4.81056 12996
2017 1021 000B 0000 0000 0005 -46.0 4.47922 13000
2017 1021 000B 0000 0000 0002 -51.5 4.97010 13014
2017 1021 000B 0000 0000 0001 -43.5 4.11107 13295
2017 1021 000B 0000 0000 0004 -42.5 0.89584 13302
2017 1021 000B 0000 0000 0005 -46.5 1.19037 13317
2017 1021 000B 0000 0000 0003 -51.5 1.30695 13353
2017 1021 000B 0000 0000 0002 -54.0 1.00629 13401
2017 1021 000B 0000 0000 0004 -42.0 1.14742 13433
2017 1021 000B 0000 0000 0003 -49.5 1.32536 13450
2017 1021 000B 0000 0000 0001 -45.0 4.12334 13479
2017 1021 000B 0000 0000 0005 -46.5 1.19651 13509
2017 1021 000B 0000 0000 0005 -46.5 4.17243 13795
2017 1021 000B 0000 0000 0004 -43.0 1.01243 13799
2017 1021 000B 0000 0000 0001 -44.0 3.52816 13805
2017 1021 000B 0000 0000 0005 -46.0 4.08039 13852
2017 1021 000B 0000 0000 0001 -45.0 3.35635 13856
2017 1021 000B 0000 0000 0004 -44.0 1.15969 13861
2017 1021 000B 0000 0000 0003 -50.0 1.69351 13878
2017 1021 000B 0000 0000 0004 -45.5 0.80381 14185
2017 1021 000B 0000 0000 0003 -49.0 5.00078 14204
2017 1021 000B 0000 0000 0004 -46.0 0.74858 14254
2017 1021 000B 0000 0000 0001 -47.5 5.82299 14274
2017 1021 000B 0000 0000 0003 -49.5 5.03759 14294
2017 1021 000B 0000 0000 0004 -44.0 0.52769 14570
2017 1021 000B 0000 0000 0001 -48.0 5.26462 14584
2017 1021 000B 0000 0000 0003 -49.0 5.06214 14603
2017 1021 000B 0000 0000 0005 -50.5 0.33134 14623
2017 1021 000B 0000 0000 0004 -46.5 0.40497 14655
2017 1021 000B 0000 0000 0003 -49.0 1.98804 14686
2017 1021 000B 0000 0000 0001 -47.5 5.06214 14715
2017 1021 000B 0000 0000 0004 -48.5 0.20249 14997
2017 1021 000B 0000 0000 0001 -48.5 1.44808 15003
2017 1021 000B 0000 0000 0003 -49.0 5.07441 15019
2017 1021 000B 0000 0000 0005 -51.5 6.11138 15048
2017 1021 000B 0000 0000 0004 -47.5 6.19728 15101
2017 1021 000B 0000 0000 0005 -52.5 6.08684 15118
2017 1021 000B 0000 0000 0001 -49.5 1.15355 15154
2017 1021 000B 0000 0000 0003 -48.0 1.88373 15184
2017 1021 000B 0000 0000 0005 -54.0 5.11122 15479
2017 1021 000B 0000 0000 0003 -51.0 4.87192 15504
2017 1021 000B 0000 0000 0004 -49.5 5.55915 15523
2017 1021 000B 0000 0000 0005 -54.5 4.73080 15558
2017 1021 000B 0000 0000 0003 -50.5 4.85352 15577
2017 1021 000B 0000 0000 0004 -49.5 2.00645 15864
2017 1021 000B 0000 0000 0003 -52.5 4.56513 15883
2017 1021 000B 0000 0000 0001 -53.0 5.63278 15902
2017 1021 000B 0000 0000 0004 -49.0 4.90874 15934
2017 1021 000B 0000 0000 0004 -50.5 4.27060 16277
2017 1021 000B 0000 0000 0001 -51.5 1.71806 16317
2017 1021 000B 0000 0000 0004 -50.5 1.17196 16384
2017 1021 000B 0000 0000 0001 -53.5 4.52218 16406
2017 1021 000B 0000 0000 0004 -52.5 3.65087 16695
2017 1021 000B 0000 0000 0004 -53.0 0.37429 16752
2017 1021 000B 0000 0000 0005 -58.5 1.98804 17038
2017 1021 000B 0000 0000 0004 -53.0 6.09297 17057
2017 1021 000B 0000 0000 0001 -54.5 0.12885 17076
2017 1021 000B 0000 0000 0004 -54.5 5.93957 17108
2017 1021 000B 0000 0000 0001 -56.0 5.59596 17399
2017 1021 000B 0000 0000 0005 -58.0 1.07379 17417
2017 1021 000B 0000 0000 0004 -55.0 5.35052 17436
2017 1021 000B 0000 0000 0001 -56.0 2.59550 17471
