2017 1021 000B 0000 0000 0004 -57.0 5.39961 0
2017 1021 000B 0000 0000 0001 -62.0 6.27091 7
2017 1021 000B 0000 0000 0001 -62.0 6.27091 26
2017 1021 000B 0000 0000 0004 -56.5 5.45484 31
2017 1021 000B 0000 0000 0004 -55.5 5.89662 308
2017 1021 000B 0000 0000 0005 -61.5 4.22765 312
2017 1021 000B 0000 0000 0001 -61.5 0.34975 318
2017 1021 000B 0000 0000 0001 -61.0 0.33134 339
2017 1021 000B 0000 0000 0005 -60.5 4.27060 344
2017 1021 000B 0000 0000 0004 -55.0 6.00707 349
2017 1021 000B 0000 0000 0005 -59.5 4.73080 622
2017 1021 000B 0000 0000 0004 -54.5 0.17181 626
2017 1021 000B 0000 0000 0001 -62.5 0.77313 641
2017 1021 000B 0000 0000 0004 -55.0 0.20249 665
2017 1021 000B 0000 0000 0005 -60.0 4.87192 669
2017 1021 000B 0000 0000 0001 -62.0 0.74245 674
2017 1021 000B 0000 0000 0005 -57.0 5.20326 950
2017 1021 000B 0000 0000 0004 -54.0 0.73017 954
2017 1021 000B 0000 0000 0001 -61.0 1.12901 959
2017 1021 000B 0000 0000 0001 -61.0 1.23332 981
2017 1021 000B 0000 0000 0004 -54.0 0.75472 986
2017 1021 000B 0000 0000 0005 -58.0 5.26462 991
2017 1021 000B 0000 0000 0001 -62.5 1.42353 1263
2017 1021 000B 0000 0000 0004 -52.5 1.11674 1268
2017 1021 000B 0000 0000 0005 -56.5 5.71868 1272
2017 1021 000B 0000 0000 0001 -62.0 1.56466 1295
2017 1021 000B 0000 0000 0005 -57.0 5.78004 1300
2017 1021 000B 0000 0000 0004 -53.0 1.15969 1304
2017 1021 000B 0000 0000 0005 -55.5 6.19115 1580
2017 1021 000B 0000 0000 0004 -52.5 1.58307 1584
2017 1021 000B 0000 0000 0001 -61.5 2.12303 1589
2017 1021 000B 0000 0000 0005 -56.0 6.09297 1612
2017 1021 000B 0000 0000 0004 -52.5 1.55852 1616
2017 1021 000B 0000 0000 0004 -51.5 1.95122 1900
2017 1021 000B 0000 0000 0005 -54.5 0.21476 1905
2017 1021 000B 0000 0000 0004 -52.0 1.96350 1925
2017 1021 000B 0000 0000 0005 -54.0 0.24544 1929
2017 1021 000B 0000 0000 0005 -53.5 0.62586 2201
2017 1021 000B 0000 0000 0004 -52.0 2.32551 2206
2017 1021 000B 0000 0000 0005 -53.5 0.62586 2230
2017 1021 000B 0000 0000 0004 -52.0 2.38687 2235
2017 1021 000B 0000 0000 0004 -51.5 2.74889 2506
2017 1021 000B 0000 0000 0005 -52.5 1.04924 2511
2017 1021 000B 0000 0000 0001 -62.0 4.05585 2516
2017 1021 000B 0000 0000 0004 -52.0 2.75503 2535
2017 1021 000B 0000 0000 0005 -52.5 1.03697 2540
2017 1021 000B 0000 0000 0001 -62.0 4.25219 2545
2017 1021 000B 0000 0000 0004 -52.0 3.23363 2816
2017 1021 000B 0000 0000 0005 -52.5 1.30082 2821
2017 1021 000B 0000 0000 0001 -61.0 4.68171 2826
2017 1021 000B 0000 0000 0001 -61.0 4.74920 2845
2017 1021 000B 0000 0000 0004 -52.0 3.26431 2850
2017 1021 000B 0000 0000 0005 -52.0 1.30082 2854
2017 1021 000B 0000 0000 0004 -52.0 3.73678 3126
2017 1021 000B 0000 0000 0005 -52.0 1.61375 3131
2017 1021 000B 0000 0000 0001 -60.0 5.27689 3136
2017 1021 000B 0000 0000 0004 -52.0 3.76132 3154
2017 1021 000B 0000 0000 0005 -52.5 1.68738 3159
2017 1021 000B 0000 0000 0001 -60.0 5.28917 3164
2017 1021 000B 0000 0000 0005 -52.0 2.03099 3436
2017 1021 000B 0000 0000 0004 -51.5 4.16016 3441
2017 1021 000B 0000 0000 0001 -60.5 5.49165 3446
2017 1021 000B 0000 0000 0001 -60.0 5.62664 3465
2017 1021 000B 0000 0000 0005 -52.5 2.09235 3470
2017 1021 000B 0000 0000 0004 -52.0 4.23379 3475
2017 1021 000B 0000 0000 0001 -59.5 6.08684 3747
2017 1021 000B 0000 0000 0004 -52.5 1.42967 3758
2017 1021 000B 0000 0000 0001 -59.0 6.19728 3804
2017 1021 000B 0000 0000 0004 -53.0 1.52171 3815
2017 1021 000B 0000 0000 0005 -53.5 5.82913 3836
2017 1021 000B 0000 0000 0005 -53.5 5.90889 3875
2017 1021 000B 0000 0000 0004 -53.0 4.80443 3904
2017 1021 000B 0000 0000 0001 -60.5 6.22183 3934
2017 1021 000B 0000 0000 0005 -54.0 3.40544 4217
2017 1021 000B 0000 0000 0004 -53.0 5.23394 4222
2017 1021 000B 0000 0000 0001 -59.5 0.28839 4226
2017 1021 000B 0000 0000 0004 -53.0 5.25849 4249
2017 1021 000B 0000 0000 0005 -53.0 3.47293 4254
2017 1021 000B 0000 0000 0001 -59.5 0.34975 4259
2017 1021 000B 0000 0000 0004 -54.0 5.76777 4533
2017 1021 000B 0000 0000 0005 -53.5 4.01289 4538
2017 1021 000B 0000 0000 0001 -60.0 0.62586 4543
2017 1021 000B 0000 0000 0001 -60.5 0.72404 4562
2017 1021 000B 0000 0000 0004 -53.5 5.85367 4566
2017 1021 000B 0000 0000 0005 -53.5 4.08039 4571
2017 1021 000B 0000 0000 0005 -53.0 4.54058 4845
2017 1021 000B 0000 0000 0004 -55.0 0.01841 4849
2017 1021 000B 0000 0000 0001 -60.5 0.90198 4854
2017 1021 000B 0000 0000 0004 -55.0 0.21476 4877
2017 1021 000B 0000 0000 0001 -60.5 0.89584 4882
2017 1021 000B 0000 0000 0005 -53.0 4.66944 4887
2017 1021 000B 0000 0000 0004 -55.5 0.86517 5163
2017 1021 000B 0000 0000 0001 -60.5 1.22718 5167
2017 1021 000B 0000 0000 0005 -52.5 5.14804 5172
2017 1021 000B 0000 0000 0003 -63.0 5.34439 5191
2017 1021 000B 0000 0000 0005 -52.5 5.25235 5228
2017 1021 000B 0000 0000 0004 -55.0 1.03697 5234
2017 1021 000B 0000 0000 0001 -61.0 1.18423 5239
2017 1021 000B 0000 0000 0004 -56.0 1.54625 5513
2017 1021 000B 0000 0000 0005 -52.0 5.78004 5518
2017 1021 000B 0000 0000 0003 -61.5 2.41142 5523
2017 1021 000B 0000 0000 0001 -61.5 1.39285 5528
2017 1021 000B 0000 0000 0005 -52.0 5.87208 5551
2017 1021 000B 0000 0000 0003 -62.0 2.49118 5561
2017 1021 000B 0000 0000 0004 -55.5 1.77942 5566
2017 1021 000B 0000 0000 0005 -52.0 0.14726 5841
2017 1021 000B 0000 0000 0003 -61.5 2.71821 5846
2017 1021 000B 0000 0000 0004 -56.5 2.54027 5851
2017 1021 000B 0000 0000 0004 -56.0 2.57709 5874
2017 1021 000B 0000 0000 0003 -61.0 2.58322 5879
2017 1021 000B 0000 0000 0005 -52.0 0.15953 5883
2017 1021 000B 0000 0000 0002 -57.0 2.72435 6160
2017 1021 000B 0000 0000 0005 -51.5 0.77313 6165
2017 1021 000B 0000 0000 0004 -56.5 3.58952 6179
2017 1021 000B 0000 0000 0003 -61.0 5.90276 6213
2017 1021 000B 0000 0000 0005 -51.5 0.90812 6247
2017 1021 000B 0000 0000 0004 -56.0 3.92699 6252
2017 1021 000B 0000 0000 0003 -61.0 2.82252 6269
2017 1021 000B 0000 0000 0002 -57.5 2.85934 6299
2017 1021 000B 0000 0000 0005 -52.0 1.52784 6588
2017 1021 000B 0000 0000 0004 -54.5 4.92715 6593
2017 1021 000B 0000 0000 0003 -60.5 6.14206 6604
2017 1021 000B 0000 0000 0002 -57.0 6.19115 6623
2017 1021 000B 0000 0000 0002 -57.0 3.04342 6650
2017 1021 000B 0000 0000 0003 -59.5 3.01274 6655
2017 1021 000B 0000 0000 0005 -52.0 4.83511 6671
2017 1021 000B 0000 0000 0004 -54.0 5.16645 6690
2017 1021 000B 0000 0000 0002 -56.5 3.21522 6966
2017 1021 000B 0000 0000 0004 -51.5 6.02548 6971
2017 1021 000B 0000 0000 0005 -53.0 2.33779 6976
2017 1021 000B 0000 0000 0003 -59.5 3.23363 6981
2017 1021 000B 0000 0000 0003 -59.0 3.29499 7004
2017 1021 000B 0000 0000 0005 -53.5 5.61437 7018
2017 1021 000B 0000 0000 0004 -52.0 6.22183 7051
2017 1021 000B 0000 0000 0002 -56.5 0.19021 7081
2017 1021 000B 0000 0000 0005 -54.5 3.35635 7363
2017 1021 000B 0000 0000 0004 -50.0 0.79153 7367
2017 1021 000B 0000 0000 0002 -56.5 0.28839 7377
2017 1021 000B 0000 0000 0003 -59.5 0.33134 7397
2017 1021 000B 0000 0000 0004 -49.0 0.90198 7424
2017 1021 000B 0000 0000 0002 -56.0 3.47907 7429
2017 1021 000B 0000 0000 0005 -54.5 3.65701 7434
2017 1021 000B 0000 0000 0003 -58.5 3.52816 7439
2017 1021 000B 0000 0000 0005 -54.5 4.55285 7712
2017 1021 000B 0000 0000 0002 -55.5 3.61406 7716
2017 1021 000B 0000 0000 0004 -48.0 1.53398 7721
2017 1021 000B 0000 0000 0004 -48.0 4.67251 7738
2017 1021 000B 0000 0000 0003 -59.5 0.45099 7744
2017 1021 000B 0000 0000 0002 -56.5 0.38350 7750
2017 1021 000B 0000 0000 0005 -55.0 1.51864 7756
2017 1021 000B 0000 0000 0005 -55.0 4.77375 7776
2017 1021 000B 0000 0000 0002 -55.5 3.52816 7781
2017 1021 000B 0000 0000 0004 -47.5 1.63829 7785
2017 1021 000B 0000 0000 0003 -58.0 3.55270 7790
2017 1021 000B 0000 0000 0002 -55.5 3.58952 8063
2017 1021 000B 0000 0000 0004 -46.0 2.10462 8067
2017 1021 000B 0000 0000 0005 -54.0 5.72482 8072
2017 1021 000B 0000 0000 0003 -58.0 3.73064 8076
2017 1021 000B 0000 0000 0004 -45.5 2.15371 8098
2017 1021 000B 0000 0000 0005 -54.5 2.76730 8110
2017 1021 000B 0000 0000 0002 -56.0 0.47247 8128
2017 1021 000B 0000 0000 0003 -59.0 0.57678 8148
2017 1021 000B 0000 0000 0005 -52.0 0.66882 8423
2017 1021 000B 0000 0000 0004 -44.0 2.63845 8428
2017 1021 000B 0000 0000 0002 -55.0 3.72451 8432
2017 1021 000B 0000 0000 0003 -58.0 3.87177 8439
2017 1021 000B 0000 0000 0004 -44.0 2.73662 8458
2017 1021 000B 0000 0000 0005 -52.0 0.82835 8463
2017 1021 000B 0000 0000 0002 -54.5 3.46066 8467
2017 1021 000B 0000 0000 0003 -58.0 3.77973 8472
2017 1021 000B 0000 0000 0004 -43.0 3.09864 8744
2017 1021 000B 0000 0000 0005 -49.5 1.46649 8749
2017 1021 000B 0000 0000 0003 -57.5 3.81654 8753
2017 1021 000B 0000 0000 0002 -54.5 3.69996 8759
2017 1021 000B 0000 0000 0003 -58.0 3.84109 8777
2017 1021 000B 0000 0000 0005 -49.5 1.58307 8782
2017 1021 000B 0000 0000 0004 -43.0 3.15386 8787
2017 1021 000B 0000 0000 0002 -54.5 3.90245 8791
2017 1021 000B 0000 0000 0002 -53.5 3.90245 9063
2017 1021 000B 0000 0000 0004 -41.0 3.43612 9068
2017 1021 000B 0000 0000 0003 -58.0 3.74905 9073
2017 1021 000B 0000 0000 0005 -48.0 2.17825 9078
2017 1021 000B 0000 0000 0003 -58.0 3.70610 9097
2017 1021 000B 0000 0000 0002 -54.0 3.84722 9101
2017 1021 000B 0000 0000 0004 -41.0 3.46066 9106
2017 1021 000B 0000 0000 0005 -48.0 2.20280 9111
2017 1021 000B 0000 0000 0004 -39.5 3.68155 9383
2017 1021 000B 0000 0000 0002 -53.0 3.95153 9388
2017 1021 000B 0000 0000 0005 -47.5 2.71208 9392
2017 1021 000B 0000 0000 0003 -57.5 3.75518 9397
2017 1021 000B 0000 0000 0004 -39.5 3.70610 9416
2017 1021 000B 0000 0000 0005 -47.0 2.76730 9421
2017 1021 000B 0000 0000 0002 -53.0 3.98221 9426
2017 1021 000B 0000 0000 0003 -58.5 0.68722 9437
2017 1021 000B 0000 0000 0002 -52.0 4.11720 9719
2017 1021 000B 0000 0000 0004 -38.5 3.89018 9723
2017 1021 000B 0000 0000 0005 -47.0 3.29499 9728
2017 1021 000B 0000 0000 0003 -57.5 3.68769 9733
2017 1021 000B 0000 0000 0005 -46.5 3.39317 9752
2017 1021 000B 0000 0000 0003 -58.0 3.74291 9756
2017 1021 000B 0000 0000 0004 -38.5 3.91472 9761
2017 1021 000B 0000 0000 0002 -52.0 4.26447 9766
2017 1021 000B 0000 0000 0002 -51.5 4.39332 10041
2017 1021 000B 0000 0000 0004 -37.0 4.03744 10045
2017 1021 000B 0000 0000 0005 -46.0 3.77359 10050
2017 1021 000B 0000 0000 0003 -57.5 3.72451 10055
2017 1021 000B 0000 0000 0004 -37.0 4.05585 10074
2017 1021 000B 0000 0000 0005 -46.5 3.99449 10078
2017 1021 000B 0000 0000 0002 -51.5 4.35651 10083
2017 1021 000B 0000 0000 0003 -57.5 4.00676 10089
2017 1021 000B 0000 0000 0002 -51.5 4.50990 10361
2017 1021 000B 0000 0000 0004 -36.0 4.12948 10366
2017 1021 000B 0000 0000 0005 -44.5 4.38105 10371
2017 1021 000B 0000 0000 0003 -58.0 0.74858 10382
2017 1021 000B 0000 0000 0005 -44.5 4.46695 10410
2017 1021 000B 0000 0000 0004 -36.0 4.14175 10415
2017 1021 000B 0000 0000 0002 -51.5 4.57740 10421
2017 1021 000B 0000 0000 0003 -57.5 3.92085 10425
2017 1021 000B 0000 0000 0002 -51.5 4.84738 10699
2017 1021 000B 0000 0000 0003 -57.5 3.71837 10704
2017 1021 000B 0000 0000 0004 -35.0 4.17856 10709
2017 1021 000B 0000 0000 0005 -43.5 4.87192 10713
2017 1021 000B 0000 0000 0005 -43.5 4.86579 10735
2017 1021 000B 0000 0000 0003 -57.5 3.93926 10740
2017 1021 000B 0000 0000 0004 -35.0 4.16629 10745
2017 1021 000B 0000 0000 0002 -51.5 4.81670 10750
2017 1021 000B 0000 0000 0005 -42.5 5.22167 11026
2017 1021 000B 0000 0000 0004 -34.5 4.16016 11031
2017 1021 000B 0000 0000 0002 -50.0 5.08668 11036
2017 1021 000B 0000 0000 0003 -57.0 3.88404 11041
2017 1021 000B 0000 0000 0004 -34.5 4.14788 11060
2017 1021 000B 0000 0000 0005 -42.0 5.23394 11065
2017 1021 000B 0000 0000 0003 -56.5 0.75472 11077
2017 1021 000B 0000 0000 0002 -51.0 2.01258 11096
2017 1021 000B 0000 0000 0004 -34.5 4.11107 11376
2017 1021 000B 0000 0000 0002 -50.5 5.49165 11380
2017 1021 000B 0000 0000 0005 -41.5 5.53460 11385
2017 1021 000B 0000 0000 0003 -54.5 3.85336 11390
2017 1021 000B 0000 0000 0004 -34.5 4.07425 11412
2017 1021 000B 0000 0000 0002 -50.5 5.47938 11416
2017 1021 000B 0000 0000 0005 -41.0 5.52233 11421
2017 1021 000B 0000 0000 0003 -54.0 3.79814 11426
2017 1021 000B 0000 0000 0005 -40.0 5.67573 11699
2017 1021 000B 0000 0000 0004 -35.0 4.00062 11703
2017 1021 000B 0000 0000 0002 -50.5 5.78618 11708
2017 1021 000B 0000 0000 0003 -52.0 3.92699 11712
2017 1021 000B 0000 0000 0003 -52.0 3.85336 11731
2017 1021 000B 0000 0000 0004 -35.0 3.99449 11736
2017 1021 000B 0000 0000 0005 -39.5 5.68800 11741
2017 1021 000B 0000 0000 0002 -49.5 5.81686 11745
2017 1021 000B 0000 0000 0005 -39.0 5.79231 12017
2017 1021 000B 0000 0000 0004 -35.5 3.85950 12022
2017 1021 000B 0000 0000 0003 -50.0 4.01289 12027
2017 1021 000B 0000 0000 0002 -50.0 6.16047 12038
2017 1021 000B 0000 0000 0004 -35.5 3.83495 12067
2017 1021 000B 0000 0000 0005 -39.0 5.80458 12071
2017 1021 000B 0000 0000 0002 -50.0 6.20342 12076
2017 1021 000B 0000 0000 0003 -49.5 3.98835 12081
2017 1021 000B 0000 0000 0002 -49.5 0.20249 12353
2017 1021 000B 0000 0000 0005 -38.5 5.84140 12357
2017 1021 000B 0000 0000 0004 -36.0 3.66928 12362
2017 1021 000B 0000 0000 0003 -47.5 4.17856 12367
2017 1021 000B 0000 0000 0003 -47.5 4.16629 12386
2017 1021 000B 0000 0000 0004 -36.0 3.64474 12391
2017 1021 000B 0000 0000 0005 -38.5 5.87208 12395
2017 1021 000B 0000 0000 0002 -49.0 0.13499 12400
2017 1021 000B 0000 0000 0005 -38.5 5.88435 12672
2017 1021 000B 0000 0000 0003 -46.5 4.29515 12676
2017 1021 000B 0000 0000 0004 -36.5 3.47907 12681
2017 1021 000B 0000 0000 0002 -47.5 0.48474 12686
2017 1021 000B 0000 0000 0004 -37.0 3.47907 12705
2017 1021 000B 0000 0000 0005 -38.0 5.86594 12710
2017 1021 000B 0000 0000 0003 -46.5 4.26447 12715
2017 1021 000B 0000 0000 0002 -48.0 0.49087 12719
2017 1021 000B 0000 0000 0005 -38.5 5.89662 12991
2017 1021 000B 0000 0000 0004 -38.0 3.31340 12996
2017 1021 000B 0000 0000 0003 -46.0 4.38719 13000
2017 1021 000B 0000 0000 0002 -47.5 0.63200 13005
2017 1021 000B 0000 0000 0003 -45.5 4.38105 13026
2017 1021 000B 0000 0000 0004 -38.0 3.25818 13031
2017 1021 000B 0000 0000 0005 -38.5 5.90276 13035
2017 1021 000B 0000 0000 0002 -47.5 0.63814 13040
2017 1021 000B 0000 0000 0002 -47.0 0.67495 13312
2017 1021 000B 0000 0000 0004 -39.5 3.04342 13317
2017 1021 000B 0000 0000 0005 -39.0 5.82299 13321
2017 1021 000B 0000 0000 0003 -45.5 4.37491 13326
2017 1021 000B 0000 0000 0001 -59.5 2.03713 13343
2017 1021 000B 0000 0000 0004 -39.5 3.00047 13380
2017 1021 000B 0000 0000 0003 -45.5 4.43627 13385
2017 1021 000B 0000 0000 0005 -39.0 5.83526 13389
2017 1021 000B 0000 0000 0002 -47.0 0.72404 13394
2017 1021 000B 0000 0000 0001 -59.0 2.17825 13408
2017 1021 000B 0000 0000 0003 -45.0 4.38719 13686
2017 1021 000B 0000 0000 0004 -40.0 2.73049 13691
2017 1021 000B 0000 0000 0005 -40.0 5.77390 13695
2017 1021 000B 0000 0000 0001 -54.0 2.53414 13700
2017 1021 000B 0000 0000 0002 -47.0 0.68722 13705
2017 1021 000B 0000 0000 0005 -40.0 5.76777 13724
2017 1021 000B 0000 0000 0004 -40.5 2.74276 13729
2017 1021 000B 0000 0000 0002 -47.0 0.70563 13733
2017 1021 000B 0000 0000 0003 -45.0 4.38105 13738
2017 1021 000B 0000 0000 0001 -54.5 2.75503 13743
2017 1021 000B 0000 0000 0004 -41.5 2.48505 14014
2017 1021 000B 0000 0000 0005 -41.0 5.65119 14019
2017 1021 000B 0000 0000 0002 -47.0 0.58905 14023
2017 1021 000B 0000 0000 0001 -50.5 3.12318 14028
2017 1021 000B 0000 0000 0003 -44.5 4.30742 14033
2017 1021 000B 0000 0000 0004 -41.5 2.44823 14052
2017 1021 000B 0000 0000 0001 -51.5 3.36862 14056
2017 1021 000B 0000 0000 0005 -41.5 5.66346 14061
2017 1021 000B 0000 0000 0002 -47.0 0.60746 14066
2017 1021 000B 0000 0000 0003 -44.5 4.31355 14071
2017 1021 000B 0000 0000 0001 -50.0 3.69996 14343
2017 1021 000B 0000 0000 0003 -44.5 4.27060 14348
2017 1021 000B 0000 0000 0004 -42.5 2.14757 14353
2017 1021 000B 0000 0000 0005 -42.5 5.51619 14357
2017 1021 000B 0000 0000 0002 -47.0 0.51542 14368
2017 1021 000B 0000 0000 0004 -42.5 2.08621 14396
2017 1021 000B 0000 0000 0005 -43.0 5.48552 14400
2017 1021 000B 0000 0000 0003 -44.5 4.27060 14405
2017 1021 000B 0000 0000 0001 -50.0 3.74291 14410
2017 1021 000B 0000 0000 0002 -46.5 0.49087 14414
2017 1021 000B 0000 0000 0001 -48.0 4.23379 14686
2017 1021 000B 0000 0000 0004 -43.5 1.81010 14691
2017 1021 000B 0000 0000 0002 -47.0 0.26998 14695
2017 1021 000B 0000 0000 0005 -43.5 5.28303 14700
2017 1021 000B 0000 0000 0003 -44.5 4.14788 14705
2017 1021 000B 0000 0000 0004 -43.5 1.79169 14729
2017 1021 000B 0000 0000 0005 -43.5 5.22167 14734
2017 1021 000B 0000 0000 0003 -44.5 4.15402 14740
2017 1021 000B 0000 0000 0001 -47.0 4.27060 14745
2017 1021 000B 0000 0000 0002 -47.0 0.26998 14750
2017 1021 000B 0000 0000 0004 -45.0 1.45421 15021
2017 1021 000B 0000 0000 0002 -48.0 0.04295 15026
2017 1021 000B 0000 0000 0005 -45.0 1.89600 15037
2017 1021 000B 0000 0000 0003 -45.5 4.03130 15055
2017 1021 000B 0000 0000 0001 -47.5 1.64443 15077
2017 1021 000B 0000 0000 0005 -45.0 5.03759 15098
2017 1021 000B 0000 0000 0002 -48.0 6.25864 15104
2017 1021 000B 0000 0000 0003 -45.0 3.99449 15109
2017 1021 000B 0000 0000 0004 -45.5 1.35604 15114
2017 1021 000B 0000 0000 0004 -46.0 1.06765 15387
2017 1021 000B 0000 0000 0005 -46.5 4.71852 15392
2017 1021 000B 0000 0000 0002 -48.5 6.08070 15398
2017 1021 000B 0000 0000 0001 -45.5 5.13577 15402
2017 1021 000B 0000 0000 0003 -45.5 3.92699 15407
2017 1021 000B 0000 0000 0004 -46.5 1.01243 15427
2017 1021 000B 0000 0000 0002 -47.5 6.05616 15432
2017 1021 000B 0000 0000 0005 -46.5 4.76761 15437
2017 1021 000B 0000 0000 0003 -46.0 3.90245 15442
2017 1021 000B 0000 0000 0001 -45.5 5.19713 15447
2017 1021 000B 0000 0000 0001 -44.5 5.46097 15720
2017 1021 000B 0000 0000 0002 -48.0 5.79231 15725
2017 1021 000B 0000 0000 0005 -47.5 4.30128 15730
2017 1021 000B 0000 0000 0003 -46.5 3.64474 15735
2017 1021 000B 0000 0000 0004 -48.0 0.63814 15740
2017 1021 000B 0000 0000 0001 -45.0 5.49165 15760
2017 1021 000B 0000 0000 0003 -46.5 3.66315 15765
2017 1021 000B 0000 0000 0002 -48.5 5.77390 15771
2017 1021 000B 0000 0000 0005 -48.0 4.31355 15776
2017 1021 000B 0000 0000 0004 -48.0 0.51542 15780
2017 1021 000B 0000 0000 0001 -44.0 5.63278 16052
2017 1021 000B 0000 0000 0005 -49.5 3.72451 16057
2017 1021 000B 0000 0000 0004 -50.5 6.24637 16061
2017 1021 000B 0000 0000 0002 -49.5 5.43029 16066
2017 1021 000B 0000 0000 0003 -48.0 3.32567 16072
2017 1021 000B 0000 0000 0004 -50.5 6.24637 16092
2017 1021 000B 0000 0000 0003 -47.5 3.40544 16097
2017 1021 000B 0000 0000 0001 -44.0 5.66346 16102
2017 1021 000B 0000 0000 0005 -49.5 3.77359 16106
2017 1021 000B 0000 0000 0002 -49.0 5.35666 16111
2017 1021 000B 0000 0000 0001 -43.0 5.76163 16383
2017 1021 000B 0000 0000 0002 -49.5 5.09895 16388
2017 1021 000B 0000 0000 0005 -51.0 3.00047 16393
2017 1021 000B 0000 0000 0003 -49.0 3.03728 16398
2017 1021 000B 0000 0000 0004 -53.0 5.53460 16403
2017 1021 000B 0000 0000 0003 -48.5 3.00047 16423
2017 1021 000B 0000 0000 0002 -49.5 4.98237 16427
2017 1021 000B 0000 0000 0001 -43.0 5.75550 16432
2017 1021 000B 0000 0000 0004 -53.0 5.58983 16436
2017 1021 000B 0000 0000 0005 -51.0 2.74889 16441
2017 1021 000B 0000 0000 0005 -53.0 2.29484 16713
2017 1021 000B 0000 0000 0001 -42.5 5.81686 16717
2017 1021 000B 0000 0000 0003 -50.0 2.43596 16723
2017 1021 000B 0000 0000 0002 -51.0 4.62649 16727
2017 1021 000B 0000 0000 0004 -57.5 4.71239 16741
2017 1021 000B 0000 0000 0002 -50.5 4.53445 16781
2017 1021 000B 0000 0000 0001 -42.5 5.80458 16786
2017 1021 000B 0000 0000 0003 -51.0 5.48552 16797
2017 1021 000B 0000 0000 0005 -54.0 5.12350 16816
2017 1021 000B 0000 0000 0004 -59.5 4.37491 16837
2017 1021 000B 0000 0000 0002 -52.5 4.03130 17111
2017 1021 000B 0000 0000 0001 -42.5 5.82299 17116
2017 1021 000B 0000 0000 0003 -52.5 1.71806 17129
2017 1021 000B 0000 0000 0005 -56.0 1.27627 17148
2017 1021 000B 0000 0000 0002 -53.0 3.92699 17174
2017 1021 000B 0000 0000 0001 -42.0 5.81686 17179
2017 1021 000B 0000 0000 0005 -56.5 1.22105 17193
2017 1021 000B 0000 0000 0003 -53.0 1.57080 17223
2017 1021 000B 0000 0000 0001 -42.5 5.76163 17513
2017 1021 000B 0000 0000 0003 -54.0 0.82221 17518
2017 1021 000B 0000 0000 0005 -59.5 0.53383 17530
2017 1021 000B 0000 0000 0002 -55.5 0.17794 17548
2017 1021 000B 0000 0000 0002 -54.0 3.35635 17575
2017 1021 000B 0000 0000 0001 -42.5 5.78004 17580
2017 1021 000B 0000 0000 0003 -55.0 0.80994 17591
2017 1021 000B 0000 0000 0002 -56.5 2.75503 17903
2017 1021 000B 0000 0000 0001 -43.5 5.75550 17908
2017 1021 000B 0000 0000 0003 -56.0 0.11658 17913
2017 1021 000B 0000 0000 0003 -56.0 0.03068 17932
2017 1021 000B 0000 0000 0001 -43.5 5.70641 17937
2017 1021 000B 0000 0000 0002 -57.0 3.04342 17941
2017 1021 000B 0000 0000 0001 -44.0 5.72482 18213
2017 1021 000B 0000 0000 0003 -57.0 5.96412 18220
2017 1021 000B 0000 0000 0001 -44.5 5.65732 18298
2017 1021 000B 0000 0000 0003 -58.0 5.35666 18304
2017 1021 000B 0000 0000 0001 -45.5 5.61437 18576
2017 1021 000B 0000 0000 0003 -57.5 4.90260 18581
2017 1021 000B 0000 0000 0003 -58.5 4.92101 18601
2017 1021 000B 0000 0000 0001 -45.5 5.60823 18605
2017 1021 000B 0000 0000 0001 -47.0 5.51006 18878
2017 1021 000B 0000 0000 0003 -60.0 4.40559 18883
2017 1021 000B 0000 0000 0003 -58.5 4.22765 18902
2017 1021 000B 0000 0000 0001 -47.0 5.47938 18907
2017 1021 000B 0000 0000 0003 -60.0 3.55884 19180
2017 1021 000B 0000 0000 0001 -48.0 5.36280 19185
2017 1021 000B 0000 0000 0001 -47.5 5.30757 19204
2017 1021 000B 0000 0000 0003 -59.5 3.70610 19209
2017 1021 000B 0000 0000 0001 -49.0 5.07441 19481
2017 1021 000B 0000 0000 0003 -60.0 2.84093 19491
2017 1021 000B 0000 0000 0001 -51.5 4.79216 19794
2017 1021 000B 0000 0000 0003 -60.5 1.93282 19798
2017 1021 000B 0000 0000 0001 -51.0 4.73080 19818
2017 1021 000B 0000 0000 0003 -60.0 2.08008 19823
2017 1021 000B 0000 0000 0003 -60.5 1.44194 20094
2017 1021 000B 0000 0000 0001 -53.0 4.42400 20100
2017 1021 000B 0000 0000 0003 -60.5 1.31922 20122
2017 1021 000B 0000 0000 0001 -53.5 4.40559 20127
2017 1021 000B 0000 0000 0001 -57.0 3.90858 20400
2017 1021 000B 0000 0000 0001 -57.5 3.87790 20425
2017 1021 000B 0000 0000 0001 -61.5 3.18454 20696
2017 1021 000B 0000 0000 0001 -62.5 3.34408 20719
