2017 1021 000B 0000 0000 0001 -51.5 3.01274 0
2017 1021 000B 0000 0000 0001 -53.5 6.19728 79
2017 1021 000B 0000 0000 0001 -53.0 0.32520 365
2017 1021 000B 0000 0000 0002 -56.5 5.41188 384
2017 1021 000B 0000 0000 0001 -52.5 0.55223 420
2017 1021 000B 0000 0000 0002 -55.5 5.34439 439
2017 1021 000B 0000 0000 0002 -56.5 5.71254 729
2017 1021 000B 0000 0000 0001 -52.0 3.98835 747
2017 1021 000B 0000 0000 0001 -51.0 4.17243 789
2017 1021 000B 0000 0000 0001 -51.0 4.39332 1100
2017 1021 000B 0000 0000 0002 -57.0 0.09817 1119
2017 1021 000B 0000 0000 0002 -57.5 0.26384 1152
2017 1021 000B 0000 0000 0001 -51.5 4.54058 1171
2017 1021 000B 0000 0000 0001 -50.5 4.91487 1461
2017 1021 000B 0000 0000 0001 -50.5 5.06827 1516
2017 1021 000B 0000 0000 0001 -50.5 5.36280 1812
2017 1021 000B 0000 0000 0001 -50.5 5.50392 1860
2017 1021 000B 0000 0000 0001 -48.0 5.92730 2142
2017 1021 000B 0000 0000 0001 -48.5 5.62664 2183
2017 1021 000B 0000 0000 0001 -51.5 0.08590 2476
2017 1021 000B 0000 0000 0002 -57.0 2.59550 2497
2017 1021 000B 0000 0000 0001 -50.0 0.28839 2518
2017 1021 000B 0000 0000 0001 -49.5 0.22089 2791
2017 1021 000B 0000 0000 0001 -50.5 0.63200 2833
2017 1021 000B 0000 0000 0002 -54.0 0.51542 3170
2017 1021 000B 0000 0000 0001 -51.0 1.21491 3215
2017 1021 000B 0000 0000 0002 -55.5 3.77973 3234
2017 1021 000B 0000 0000 0002 -56.0 4.16016 3521
2017 1021 000B 0000 0000 0001 -51.0 4.93328 3541
2017 1021 000B 0000 0000 0001 -51.0 1.83464 3574
2017 1021 000B 0000 0000 0002 -56.0 4.52831 3594
2017 1021 000B 0000 0000 0002 -55.5 4.97623 3881
2017 1021 000B 0000 0000 0001 -51.0 2.41755 3899
2017 1021 000B 0000 0000 0002 -55.0 4.98851 3932
2017 1021 000B 0000 0000 0001 -51.0 5.66346 3950
2017 1021 000B 0000 0000 0001 -49.0 3.04342 4230
2017 1021 000B 0000 0000 0002 -55.0 5.43643 4241
2017 1021 000B 0000 0000 0001 -49.5 3.09251 4270
2017 1021 000B 0000 0000 0002 -55.0 5.72482 4290
2017 1021 000B 0000 0000 0001 -50.0 3.57111 4576
2017 1021 000B 0000 0000 0002 -56.0 6.03161 4589
2017 1021 000B 0000 0000 0001 -51.0 0.63814 4626
2017 1021 000B 0000 0000 0002 -53.5 0.00614 4659
2017 1021 000B 0000 0000 0001 -51.5 1.30082 4959
2017 1021 000B 0000 0000 0002 -55.0 0.66882 4980
2017 1021 000B 0000 0000 0001 -51.5 4.54672 5018
2017 1021 000B 0000 0000 0002 -54.5 0.55223 5037
2017 1021 000B 0000 0000 0001 -51.5 5.18486 5324
2017 1021 000B 0000 0000 0002 -55.0 1.34377 5343
2017 1021 000B 0000 0000 0001 -52.0 5.35052 5379
2017 1021 000B 0000 0000 0002 -55.0 1.42353 5398
2017 1021 000B 0000 0000 0001 -52.5 6.11138 5683
2017 1021 000B 0000 0000 0002 -54.0 1.92668 5704
2017 1021 000B 0000 0000 0001 -49.5 5.98253 5730
2017 1021 000B 0000 0000 0002 -54.5 2.12303 5744
2017 1021 000B 0000 0000 0002 -55.0 5.98866 6027
2017 1021 000B 0000 0000 0001 -52.0 0.91425 6047
2017 1021 000B 0000 0000 0001 -51.0 0.93880 6084
2017 1021 000B 0000 0000 0001 -50.5 5.10509 6425
2017 1021 000B 0000 0000 0002 -52.5 0.66268 6455
2017 1021 000B 0000 0000 0002 -54.0 3.92085 6498
2017 1021 000B 0000 0000 0001 -50.5 5.42416 6517
2017 1021 000B 0000 0000 0001 -49.0 2.82866 6798
2017 1021 000B 0000 0000 0002 -51.5 1.47876 6812
2017 1021 000B 0000 0000 0001 -48.0 3.00047 6851
2017 1021 000B 0000 0000 0002 -53.0 4.60194 6863
2017 1021 000B 0000 0000 0001 -46.0 3.98835 7144
2017 1021 000B 0000 0000 0002 -51.5 2.10462 7162
2017 1021 000B 0000 0000 0001 -46.0 4.34423 7198
2017 1021 000B 0000 0000 0002 -52.5 5.43029 7215
2017 1021 000B 0000 0000 0001 -44.5 5.01305 7505
2017 1021 000B 0000 0000 0002 -52.5 5.99480 7517
2017 1021 000B 0000 0000 0001 -44.0 4.93942 7546
2017 1021 000B 0000 0000 0002 -52.0 2.88388 7551
2017 1021 000B 0000 0000 0001 -44.0 5.49165 7825
2017 1021 000B 0000 0000 0002 -52.5 0.55837 7839
2017 1021 000B 0000 0000 0001 -43.0 5.55301 7864
2017 1021 000B 0000 0000 0002 -51.0 0.63200 7878
2017 1021 000B 0000 0000 0001 -41.5 5.90276 8171
2017 1021 000B 0000 0000 0002 -51.0 4.49763 8187
2017 1021 000B 0000 0000 0001 -41.5 6.07456 8225
2017 1021 000B 0000 0000 0002 -50.5 4.71852 8246
2017 1021 000B 0000 0000 0001 -39.5 0.02454 8531
2017 1021 000B 0000 0000 0002 -51.0 5.35052 8547
2017 1021 000B 0000 0000 0001 -39.0 0.00000 8586
2017 1021 000B 0000 0000 0002 -50.5 2.39301 8598
2017 1021 000B 0000 0000 0002 -48.0 6.27705 8878
2017 1021 000B 0000 0000 0001 -37.0 0.49087 8883
2017 1021 000B 0000 0000 0001 -37.0 0.49087 8902
2017 1021 000B 0000 0000 0002 -49.0 6.19115 8907
2017 1021 000B 0000 0000 0001 -35.5 0.77313 9182
2017 1021 000B 0000 0000 0002 -48.0 0.58905 9187
2017 1021 000B 0000 0000 0002 -48.5 0.85289 9237
2017 1021 000B 0000 0000 0001 -35.5 0.77313 9242
2017 1021 000B 0000 0000 0001 -33.5 1.04924 9514
2017 1021 000B 0000 0000 0002 -47.0 1.60148 9519
2017 1021 000B 0000 0000 0005 -58.5 6.26478 9530
2017 1021 000B 0000 0000 0001 -33.0 1.09219 9558
2017 1021 000B 0000 0000 0002 -47.5 1.34377 9563
2017 1021 000B 0000 0000 0005 -58.0 0.01841 9581
2017 1021 000B 0000 0000 0001 -31.5 1.33150 9870
2017 1021 000B 0000 0000 0002 -46.0 2.01872 9876
2017 1021 000B 0000 0000 0004 -57.0 0.26998 9897
2017 1021 000B 0000 0000 0002 -47.0 2.03099 9921
2017 1021 000B 0000 0000 0001 -31.5 1.36217 9926
2017 1021 000B 0000 0000 0004 -57.0 0.38043 9937
2017 1021 000B 0000 0000 0001 -30.5 1.57080 10218
2017 1021 000B 0000 0000 0002 -44.5 2.53414 10223
2017 1021 000B 0000 0000 0004 -54.0 0.69950 10237
2017 1021 000B 0000 0000 0005 -55.5 4.25833 10268
2017 1021 000B 0000 0000 0001 -30.0 1.64443 10305
2017 1021 000B 0000 0000 0002 -44.5 2.68140 10310
2017 1021 000B 0000 0000 0005 -55.0 4.34423 10321
2017 1021 000B 0000 0000 0004 -54.5 0.91425 10340
2017 1021 000B 0000 0000 0001 -29.0 1.77328 10620
2017 1021 000B 0000 0000 0004 -51.5 1.01856 10624
2017 1021 000B 0000 0000 0002 -43.5 3.28885 10629
2017 1021 000B 0000 0000 0005 -53.5 4.81670 10645
2017 1021 000B 0000 0000 0005 -52.0 1.77942 10683
2017 1021 000B 0000 0000 0002 -43.5 3.31340 10688
2017 1021 000B 0000 0000 0001 -29.0 1.77942 10692
2017 1021 000B 0000 0000 0004 -52.5 1.33763 10708
2017 1021 000B 0000 0000 0002 -42.0 3.54043 11000
2017 1021 000B 0000 0000 0001 -28.5 1.85918 11005
2017 1021 000B 0000 0000 0005 -52.0 2.33779 11009
2017 1021 000B 0000 0000 0004 -50.0 1.75487 11014
2017 1021 000B 0000 0000 0001 -28.5 1.84691 11036
2017 1021 000B 0000 0000 0002 -42.0 3.45452 11044
2017 1021 000B 0000 0000 0004 -50.0 1.73647 11049
2017 1021 000B 0000 0000 0005 -53.0 5.51006 11068
2017 1021 000B 0000 0000 0001 -29.0 1.85918 11357
2017 1021 000B 0000 0000 0004 -47.5 2.12917 11361
2017 1021 000B 0000 0000 0002 -41.0 3.81041 11367
2017 1021 000B 0000 0000 0005 -51.0 2.84093 11372
2017 1021 000B 0000 0000 0001 -29.0 1.84078 11396
2017 1021 000B 0000 0000 0004 -48.5 2.09235 11401
2017 1021 000B 0000 0000 0002 -41.0 3.81041 11406
2017 1021 000B 0000 0000 0005 -50.5 2.98819 11410
2017 1021 000B 0000 0000 0005 -51.5 3.32567 11685
2017 1021 000B 0000 0000 0002 -40.5 4.04971 11690
2017 1021 000B 0000 0000 0001 -30.5 1.72419 11694
2017 1021 000B 0000 0000 0004 -47.0 2.44823 11699
2017 1021 000B 0000 0000 0002 -40.5 3.94540 11721
2017 1021 000B 0000 0000 0001 -30.5 1.71806 11726
2017 1021 000B 0000 0000 0005 -51.0 3.55884 11731
2017 1021 000B 0000 0000 0004 -47.0 2.36847 11735
2017 1021 000B 0000 0000 0001 -32.0 1.58307 12010
2017 1021 000B 0000 0000 0004 -46.0 2.65685 12015
2017 1021 000B 0000 0000 0005 -49.0 3.74905 12020
2017 1021 000B 0000 0000 0002 -40.0 4.07425 12025
2017 1021 000B 0000 0000 0001 -32.5 1.55239 12046
2017 1021 000B 0000 0000 0004 -45.5 2.64458 12051
2017 1021 000B 0000 0000 0005 -49.5 3.81654 12056
2017 1021 000B 0000 0000 0002 -40.0 4.14175 12061
2017 1021 000B 0000 0000 0001 -34.5 4.54672 12343
2017 1021 000B 0000 0000 0002 -42.0 1.04311 12364
2017 1021 000B 0000 0000 0005 -49.0 1.18423 12383
2017 1021 000B 0000 0000 0002 -41.5 4.17856 12403
2017 1021 000B 0000 0000 0001 -34.0 1.33763 12408
2017 1021 000B 0000 0000 0001 -35.5 1.16583 12681
2017 1021 000B 0000 0000 0005 -47.5 4.77375 12685
2017 1021 000B 0000 0000 0004 -44.0 2.68753 12690
2017 1021 000B 0000 0000 0002 -42.5 4.36878 12695
2017 1021 000B 0000 0000 0001 -35.5 1.15355 12717
2017 1021 000B 0000 0000 0002 -42.5 4.21538 12721
2017 1021 000B 0000 0000 0005 -47.5 4.71852 12726
2017 1021 000B 0000 0000 0004 -43.0 2.66913 12731
2017 1021 000B 0000 0000 0005 -46.5 4.91487 13008
2017 1021 000B 0000 0000 0001 -37.5 0.96948 13012
2017 1021 000B 0000 0000 0002 -44.0 4.18470 13017
2017 1021 000B 0000 0000 0004 -42.0 2.57709 13022
2017 1021 000B 0000 0000 0002 -44.5 4.27674 13044
2017 1021 000B 0000 0000 0001 -37.5 0.91425 13049
2017 1021 000B 0000 0000 0004 -42.0 2.54641 13053
2017 1021 000B 0000 0000 0005 -46.5 4.95169 13058
2017 1021 000B 0000 0000 0005 -45.5 5.13577 13330
2017 1021 000B 0000 0000 0001 -39.5 0.70563 13334
2017 1021 000B 0000 0000 0004 -41.5 2.41755 13339
2017 1021 000B 0000 0000 0002 -46.0 4.03130 13343
2017 1021 000B 0000 0000 0004 -41.5 2.42369 13363
2017 1021 000B 0000 0000 0001 -39.5 0.70563 13367
2017 1021 000B 0000 0000 0005 -45.5 5.04986 13372
2017 1021 000B 0000 0000 0002 -46.0 4.05585 13377
2017 1021 000B 0000 0000 0001 -41.0 0.38043 13648
2017 1021 000B 0000 0000 0004 -41.0 2.33165 13653
2017 1021 000B 0000 0000 0002 -47.5 3.82882 13658
2017 1021 000B 0000 0000 0005 -45.0 5.10509 13663
2017 1021 000B 0000 0000 0001 -42.0 0.34975 13697
2017 1021 000B 0000 0000 0004 -41.0 2.26416 13727
2017 1021 000B 0000 0000 0005 -46.0 2.08621 13756
2017 1021 000B 0000 0000 0004 -40.0 2.13530 14037
2017 1021 000B 0000 0000 0001 -42.5 6.12979 14041
2017 1021 000B 0000 0000 0005 -44.5 5.19099 14046
2017 1021 000B 0000 0000 0003 -55.0 1.94509 14051
2017 1021 000B 0000 0000 0002 -50.0 3.69996 14056
2017 1021 000B 0000 0000 0001 -45.0 6.02548 14078
2017 1021 000B 0000 0000 0004 -40.0 2.10462 14083
2017 1021 000B 0000 0000 0005 -44.0 5.17872 14088
2017 1021 000B 0000 0000 0002 -51.0 0.39270 14102
2017 1021 000B 0000 0000 0003 -55.5 1.93895 14133
2017 1021 000B 0000 0000 0002 -53.0 3.02501 14423
2017 1021 000B 0000 0000 0001 -44.0 5.50392 14428
2017 1021 000B 0000 0000 0005 -44.5 5.19713 14433
2017 1021 000B 0000 0000 0004 -40.0 2.06167 14437
2017 1021 000B 0000 0000 0003 -53.5 2.35006 14451
2017 1021 000B 0000 0000 0004 -40.0 2.01258 14491
2017 1021 000B 0000 0000 0001 -44.0 5.47324 14497
2017 1021 000B 0000 0000 0005 -44.0 5.23394 14502
2017 1021 000B 0000 0000 0003 -53.5 2.42369 14509
2017 1021 000B 0000 0000 0002 -54.5 2.73049 14515
2017 1021 000B 0000 0000 0004 -41.0 1.95736 14790
2017 1021 000B 0000 0000 0005 -44.5 5.16031 14794
2017 1021 000B 0000 0000 0001 -44.5 4.82897 14799
2017 1021 000B 0000 0000 0003 -52.0 5.90276 14818
2017 1021 000B 0000 0000 0003 -50.5 2.73662 14884
2017 1021 000B 0000 0000 0005 -46.0 5.11736 14899
2017 1021 000B 0000 0000 0004 -42.0 1.96350 14932
2017 1021 000B 0000 0000 0001 -46.0 4.63876 14962
2017 1021 000B 0000 0000 0004 -43.0 1.93282 15243
2017 1021 000B 0000 0000 0003 -48.0 3.00660 15247
2017 1021 000B 0000 0000 0001 -46.0 4.04357 15252
2017 1021 000B 0000 0000 0005 -46.0 5.11122 15258
2017 1021 000B 0000 0000 0004 -42.5 1.97577 15279
2017 1021 000B 0000 0000 0003 -49.0 3.01274 15284
2017 1021 000B 0000 0000 0005 -46.0 5.03759 15289
2017 1021 000B 0000 0000 0001 -46.5 4.01289 15294
2017 1021 000B 0000 0000 0005 -47.5 4.85352 15566
2017 1021 000B 0000 0000 0004 -44.0 1.87759 15571
2017 1021 000B 0000 0000 0003 -48.5 3.23363 15576
2017 1021 000B 0000 0000 0001 -46.5 3.48520 15581
2017 1021 000B 0000 0000 0001 -46.5 3.71837 15603
2017 1021 000B 0000 0000 0004 -44.0 1.87759 15607
2017 1021 000B 0000 0000 0003 -47.5 3.27658 15613
2017 1021 000B 0000 0000 0005 -48.0 4.93328 15618
2017 1021 000B 0000 0000 0003 -48.5 0.17794 15907
2017 1021 000B 0000 0000 0004 -46.5 1.74874 15937
2017 1021 000B 0000 0000 0001 -49.0 5.97639 15966
2017 1021 000B 0000 0000 0003 -47.5 3.13546 15994
2017 1021 000B 0000 0000 0004 -46.0 1.67511 15999
2017 1021 000B 0000 0000 0003 -47.0 3.14773 16274
2017 1021 000B 0000 0000 0004 -46.5 1.30695 16279
2017 1021 000B 0000 0000 0001 -48.5 2.25188 16284
2017 1021 000B 0000 0000 0001 -49.0 2.00645 16321
2017 1021 000B 0000 0000 0005 -51.5 4.03744 16326
2017 1021 000B 0000 0000 0004 -45.5 1.40513 16331
2017 1021 000B 0000 0000 0003 -47.0 3.23977 16336
2017 1021 000B 0000 0000 0002 -59.5 5.25849 16381
2017 1021 000B 0000 0000 0005 -50.5 3.82882 16416
2017 1021 000B 0000 0000 0004 -47.5 1.36217 16421
2017 1021 000B 0000 0000 0003 -47.5 3.62019 16426
2017 1021 000B 0000 0000 0001 -48.5 2.04326 16430
2017 1021 000B 0000 0000 0002 -59.5 5.05600 16442
2017 1021 000B 0000 0000 0004 -48.0 1.01856 16722
2017 1021 000B 0000 0000 0001 -50.5 0.86517 16727
2017 1021 000B 0000 0000 0003 -47.5 3.62633 16737
2017 1021 000B 0000 0000 0005 -56.0 0.12885 16756
2017 1021 000B 0000 0000 0002 -59.5 1.63829 16786
2017 1021 000B 0000 0000 0001 -49.5 1.22105 16821
2017 1021 000B 0000 0000 0003 -48.0 3.46680 16826
2017 1021 000B 0000 0000 0004 -48.5 0.68109 16830
2017 1021 000B 0000 0000 0005 -56.5 6.22183 16848
2017 1021 000B 0000 0000 0002 -57.5 1.52784 16878
2017 1021 000B 0000 0000 0003 -50.5 3.30113 17167
2017 1021 000B 0000 0000 0004 -49.5 0.01841 17172
2017 1021 000B 0000 0000 0001 -51.0 0.75472 17177
2017 1021 000B 0000 0000 0005 -56.5 5.06827 17196
2017 1021 000B 0000 0000 0002 -59.0 1.10447 17226
2017 1021 000B 0000 0000 0003 -50.5 3.52816 17260
2017 1021 000B 0000 0000 0001 -52.5 0.11045 17266
2017 1021 000B 0000 0000 0004 -49.0 5.97025 17270
2017 1021 000B 0000 0000 0005 -56.0 5.04986 17318
2017 1021 000B 0000 0000 0004 -51.0 5.39961 17646
2017 1021 000B 0000 0000 0001 -55.5 5.76777 17676
2017 1021 000B 0000 0000 0005 -57.5 1.12901 17713
2017 1021 000B 0000 0000 0004 -49.5 5.08668 17741
2017 1021 000B 0000 0000 0001 -54.5 5.71254 17756
2017 1021 000B 0000 0000 0004 -52.5 4.52831 18064
2017 1021 000B 0000 0000 0005 -57.5 0.47247 18095
2017 1021 000B 0000 0000 0001 -56.0 1.59534 18127
2017 1021 000B 0000 0000 0004 -54.0 4.34423 18167
2017 1021 000B 0000 0000 0004 -55.0 0.50928 18512
2017 1021 000B 0000 0000 0004 -56.0 3.65087 18557
2017 1021 000B 0000 0000 0003 -55.5 0.00000 20429
2017 1021 000B 0000 0000 0003 -57.5 6.01320 20478
