2017 1021 000B 0000 0000 0001 -63.5 0.11045 0
2017 1021 000B 0000 0000 0004 -60.0 2.46971 6
2017 1021 000B 0000 0000 0004 -59.0 2.65072 27
2017 1021 000B 0000 0000 0004 -59.0 2.95751 305
2017 1021 000B 0000 0000 0001 -63.5 3.81041 318
2017 1021 000B 0000 0000 0004 -59.0 2.98819 342
2017 1021 000B 0000 0000 0001 -62.0 3.75518 347
2017 1021 000B 0000 0000 0004 -59.0 3.24590 624
2017 1021 000B 0000 0000 0001 -63.5 4.25833 637
2017 1021 000B 0000 0000 0004 -59.0 3.23977 669
2017 1021 000B 0000 0000 0001 -61.5 4.68171 941
2017 1021 000B 0000 0000 0004 -58.0 3.84722 945
2017 1021 000B 0000 0000 0004 -58.5 3.73678 965
2017 1021 000B 0000 0000 0001 -61.0 4.70625 969
2017 1021 000B 0000 0000 0004 -57.0 4.28901 1242
2017 1021 000B 0000 0000 0001 -60.5 5.21553 1246
2017 1021 000B 0000 0000 0004 -57.5 4.43014 1266
2017 1021 000B 0000 0000 0001 -62.0 5.31985 1271
2017 1021 000B 0000 0000 0004 -57.5 4.79829 1545
2017 1021 000B 0000 0000 0001 -60.5 5.71254 1550
2017 1021 000B 0000 0000 0004 -57.5 4.71852 1568
2017 1021 000B 0000 0000 0004 -56.0 5.19099 1841
2017 1021 000B 0000 0000 0001 -61.0 6.02548 1846
2017 1021 000B 0000 0000 0001 -61.5 5.88435 1865
2017 1021 000B 0000 0000 0004 -56.0 5.41188 1869
2017 1021 000B 0000 0000 0005 -61.5 4.28287 2141
2017 1021 000B 0000 0000 0004 -55.0 5.71254 2146
2017 1021 000B 0000 0000 0001 -60.5 0.15953 2151
2017 1021 000B 0000 0000 0004 -55.5 5.83526 2170
2017 1021 000B 0000 0000 0001 -61.0 0.25157 2175
2017 1021 000B 0000 0000 0005 -61.5 4.20311 2180
2017 1021 000B 0000 0000 0005 -59.0 4.65717 2452
2017 1021 000B 0000 0000 0004 -55.0 0.04909 2456
2017 1021 000B 0000 0000 0001 -60.5 0.58291 2461
2017 1021 000B 0000 0000 0005 -59.5 4.71852 2480
2017 1021 000B 0000 0000 0004 -55.0 0.09204 2485
2017 1021 000B 0000 0000 0001 -61.0 0.62586 2490
2017 1021 000B 0000 0000 0004 -54.0 0.59518 2762
2017 1021 000B 0000 0000 0005 -57.5 5.22781 2767
2017 1021 000B 0000 0000 0001 -62.0 1.15969 2771
2017 1021 000B 0000 0000 0001 -61.5 1.09219 2794
2017 1021 000B 0000 0000 0004 -54.0 0.60132 2799
2017 1021 000B 0000 0000 0005 -58.0 5.24008 2804
2017 1021 000B 0000 0000 0004 -53.0 1.12287 3079
2017 1021 000B 0000 0000 0005 -56.5 5.65732 3084
2017 1021 000B 0000 0000 0001 -62.0 1.44194 3089
2017 1021 000B 0000 0000 0005 -56.5 5.74936 3108
2017 1021 000B 0000 0000 0004 -53.0 1.12287 3112
2017 1021 000B 0000 0000 0001 -62.5 1.52171 3118
2017 1021 000B 0000 0000 0005 -56.0 6.14206 3389
2017 1021 000B 0000 0000 0004 -52.5 1.52171 3394
2017 1021 000B 0000 0000 0005 -55.5 6.11138 3415
2017 1021 000B 0000 0000 0004 -52.5 1.55239 3420
2017 1021 000B 0000 0000 0005 -54.5 0.20862 3691
2017 1021 000B 0000 0000 0004 -52.0 1.85305 3696
2017 1021 000B 0000 0000 0004 -51.5 1.93282 3715
2017 1021 000B 0000 0000 0005 -54.0 0.22089 3720
2017 1021 000B 0000 0000 0004 -52.0 2.24575 3992
2017 1021 000B 0000 0000 0005 -53.5 0.61973 3997
2017 1021 000B 0000 0000 0005 -53.0 0.95107 4303
2017 1021 000B 0000 0000 0004 -52.0 2.73049 4308
2017 1021 000B 0000 0000 0004 -51.5 2.77344 4328
2017 1021 000B 0000 0000 0005 -53.0 0.95107 4332
2017 1021 000B 0000 0000 0005 -52.5 1.23946 4604
2017 1021 000B 0000 0000 0004 -52.5 3.16000 4609
2017 1021 000B 0000 0000 0001 -61.0 4.65717 4614
2017 1021 000B 0000 0000 0004 -52.5 3.18454 4634
2017 1021 000B 0000 0000 0005 -53.0 4.46082 4645
2017 1021 000B 0000 0000 0001 -62.5 4.74307 4665
2017 1021 000B 0000 0000 0005 -52.5 1.62602 4943
2017 1021 000B 0000 0000 0004 -52.0 3.62019 4948
2017 1021 000B 0000 0000 0001 -61.0 5.46097 4952
2017 1021 000B 0000 0000 0005 -52.5 1.66284 4972
2017 1021 000B 0000 0000 0004 -52.5 3.68155 4977
2017 1021 000B 0000 0000 0001 -60.5 5.41802 4981
2017 1021 000B 0000 0000 0005 -52.5 1.98190 5253
2017 1021 000B 0000 0000 0004 -52.5 4.13561 5258
2017 1021 000B 0000 0000 0001 -60.0 5.82299 5263
2017 1021 000B 0000 0000 0004 -52.0 4.19697 5282
2017 1021 000B 0000 0000 0005 -53.0 2.06167 5286
2017 1021 000B 0000 0000 0001 -60.0 5.46711 5291
2017 1021 000B 0000 0000 0004 -52.5 4.53445 5564
2017 1021 000B 0000 0000 0005 -53.0 2.46051 5568
2017 1021 000B 0000 0000 0001 -60.5 6.13592 5585
2017 1021 000B 0000 0000 0004 -53.0 4.65103 5622
2017 1021 000B 0000 0000 0005 -53.0 2.58322 5627
2017 1021 000B 0000 0000 0001 -60.0 0.07363 5632
2017 1021 000B 0000 0000 0001 -59.5 0.46019 5905
2017 1021 000B 0000 0000 0004 -52.5 5.08668 5910
2017 1021 000B 0000 0000 0005 -53.5 3.16614 5915
2017 1021 000B 0000 0000 0005 -53.5 3.39317 5935
2017 1021 000B 0000 0000 0004 -52.5 5.18486 5940
2017 1021 000B 0000 0000 0001 -60.5 0.34361 5952
2017 1021 000B 0000 0000 0005 -54.0 3.32567 5979
2017 1021 000B 0000 0000 0001 -59.5 0.25771 5984
2017 1021 000B 0000 0000 0004 -53.0 5.22167 5988
2017 1021 000B 0000 0000 0005 -53.5 3.88404 6260
2017 1021 000B 0000 0000 0001 -60.0 0.69950 6264
2017 1021 000B 0000 0000 0004 -54.0 5.70641 6269
2017 1021 000B 0000 0000 0004 -54.0 5.79231 6289
2017 1021 000B 0000 0000 0005 -54.0 3.91472 6293
2017 1021 000B 0000 0000 0001 -60.0 0.63814 6298
2017 1021 000B 0000 0000 0005 -53.0 4.52831 6571
2017 1021 000B 0000 0000 0004 -55.0 6.27091 6577
2017 1021 000B 0000 0000 0001 -60.5 1.06151 6597
2017 1021 000B 0000 0000 0005 -53.5 4.66330 6629
2017 1021 000B 0000 0000 0004 -55.0 0.10431 6634
2017 1021 000B 0000 0000 0001 -60.0 1.03697 6639
2017 1021 000B 0000 0000 0004 -56.0 0.77926 6914
2017 1021 000B 0000 0000 0005 -52.5 5.22781 6919
2017 1021 000B 0000 0000 0001 -60.0 1.07379 6924
2017 1021 000B 0000 0000 0005 -52.5 5.21553 6948
2017 1021 000B 0000 0000 0004 -56.0 0.80381 6953
2017 1021 000B 0000 0000 0001 -60.0 1.29468 6958
2017 1021 000B 0000 0000 0001 -61.0 1.49717 7233
2017 1021 000B 0000 0000 0005 -52.5 5.77390 7238
2017 1021 000B 0000 0000 0004 -56.5 1.60761 7243
2017 1021 000B 0000 0000 0003 -62.5 5.68186 7263
2017 1021 000B 0000 0000 0004 -56.0 1.76101 7295
2017 1021 000B 0000 0000 0005 -52.0 5.85981 7300
2017 1021 000B 0000 0000 0003 -61.0 2.60163 7305
2017 1021 000B 0000 0000 0001 -62.0 1.52784 7309
2017 1021 000B 0000 0000 0003 -61.0 2.72435 7585
2017 1021 000B 0000 0000 0005 -52.0 0.17794 7590
2017 1021 000B 0000 0000 0004 -56.5 2.57095 7595
2017 1021 000B 0000 0000 0005 -51.5 0.28225 7617
2017 1021 000B 0000 0000 0003 -61.5 2.76117 7622
2017 1021 000B 0000 0000 0004 -56.5 2.65072 7627
2017 1021 000B 0000 0000 0005 -51.5 0.77313 7903
2017 1021 000B 0000 0000 0003 -60.5 2.87161 7907
2017 1021 000B 0000 0000 0002 -57.5 2.87161 7912
2017 1021 000B 0000 0000 0004 -56.5 3.60792 7917
2017 1021 000B 0000 0000 0004 -56.5 3.80427 7941
2017 1021 000B 0000 0000 0005 -51.5 0.83449 7945
2017 1021 000B 0000 0000 0003 -60.0 2.93297 7950
2017 1021 000B 0000 0000 0002 -57.0 2.96979 7955
2017 1021 000B 0000 0000 0004 -55.5 4.66944 8231
2017 1021 000B 0000 0000 0005 -51.5 1.33150 8235
2017 1021 000B 0000 0000 0003 -60.0 2.93297 8240
2017 1021 000B 0000 0000 0002 -56.5 3.07410 8245
2017 1021 000B 0000 0000 0004 -56.0 4.81056 8267
2017 1021 000B 0000 0000 0002 -56.5 3.21522 8272
2017 1021 000B 0000 0000 0003 -60.0 2.87161 8277
2017 1021 000B 0000 0000 0005 -52.0 1.41740 8281
2017 1021 000B 0000 0000 0004 -54.5 5.61437 8557
2017 1021 000B 0000 0000 0005 -52.5 1.91441 8562
2017 1021 000B 0000 0000 0003 -60.0 3.16000 8566
2017 1021 000B 0000 0000 0002 -56.0 3.35635 8571
2017 1021 000B 0000 0000 0003 -59.5 3.28885 8593
2017 1021 000B 0000 0000 0004 -53.5 5.67573 8598
2017 1021 000B 0000 0000 0005 -52.5 2.03713 8603
2017 1021 000B 0000 0000 0002 -55.5 3.38703 8607
2017 1021 000B 0000 0000 0004 -52.0 0.27612 8884
2017 1021 000B 0000 0000 0002 -55.5 3.45452 8889
2017 1021 000B 0000 0000 0005 -54.0 2.59550 8894
2017 1021 000B 0000 0000 0003 -60.0 0.30680 8905
2017 1021 000B 0000 0000 0003 -59.5 3.47293 8932
2017 1021 000B 0000 0000 0004 -51.5 0.44792 8937
2017 1021 000B 0000 0000 0002 -55.5 3.56497 8942
2017 1021 000B 0000 0000 0005 -55.0 2.85934 8946
2017 1021 000B 0000 0000 0004 -49.5 1.14742 9218
2017 1021 000B 0000 0000 0005 -56.5 3.52816 9223
2017 1021 000B 0000 0000 0002 -56.0 0.52769 9235
2017 1021 000B 0000 0000 0003 -59.5 0.50928 9254
2017 1021 000B 0000 0000 0005 -56.0 3.82268 9280
2017 1021 000B 0000 0000 0002 -54.5 3.69996 9285
2017 1021 000B 0000 0000 0003 -59.0 3.63247 9289
2017 1021 000B 0000 0000 0004 -49.0 1.32536 9294
2017 1021 000B 0000 0000 0004 -47.5 1.93895 9566
2017 1021 000B 0000 0000 0002 -55.5 3.68769 9571
2017 1021 000B 0000 0000 0005 -56.5 4.97010 9576
2017 1021 000B 0000 0000 0003 -59.0 0.64427 9588
2017 1021 000B 0000 0000 0005 -56.0 4.95169 9616
2017 1021 000B 0000 0000 0004 -47.5 2.01872 9620
2017 1021 000B 0000 0000 0002 -55.5 0.69336 9632
2017 1021 000B 0000 0000 0003 -59.0 0.65041 9653
2017 1021 000B 0000 0000 0002 -55.0 3.89631 9930
2017 1021 000B 0000 0000 0004 -46.0 2.58322 9934
2017 1021 000B 0000 0000 0005 -55.0 0.03682 9940
2017 1021 000B 0000 0000 0003 -58.5 3.95767 9945
2017 1021 000B 0000 0000 0003 -57.5 3.89631 9965
2017 1021 000B 0000 0000 0005 -55.5 0.09817 9969
2017 1021 000B 0000 0000 0004 -45.5 2.63845 9974
2017 1021 000B 0000 0000 0002 -54.5 4.01289 9981
2017 1021 000B 0000 0000 0004 -44.5 3.09864 10253
2017 1021 000B 0000 0000 0005 -53.0 1.06765 10258
2017 1021 000B 0000 0000 0002 -54.5 0.92039 10271
2017 1021 000B 0000 0000 0003 -58.5 0.83449 10291
2017 1021 000B 0000 0000 0004 -44.5 3.20295 10316
2017 1021 000B 0000 0000 0002 -54.5 0.95107 10332
2017 1021 000B 0000 0000 0005 -53.0 4.50990 10362
2017 1021 000B 0000 0000 0003 -58.0 3.96381 10394
2017 1021 000B 0000 0000 0004 -42.0 3.63860 10675
2017 1021 000B 0000 0000 0002 -53.0 4.17856 10680
2017 1021 000B 0000 0000 0003 -57.0 4.17243 10685
2017 1021 000B 0000 0000 0005 -50.0 2.13530 10689
2017 1021 000B 0000 0000 0003 -57.0 3.94540 10708
2017 1021 000B 0000 0000 0004 -42.0 3.70610 10713
2017 1021 000B 0000 0000 0005 -49.5 2.20280 10717
2017 1021 000B 0000 0000 0002 -53.0 4.21538 10722
2017 1021 000B 0000 0000 0003 -56.0 4.01289 10996
2017 1021 000B 0000 0000 0005 -48.5 2.79185 11000
2017 1021 000B 0000 0000 0004 -40.5 3.96381 11005
2017 1021 000B 0000 0000 0002 -52.0 4.36264 11010
2017 1021 000B 0000 0000 0004 -40.5 3.96994 11033
2017 1021 000B 0000 0000 0003 -56.5 4.06812 11038
2017 1021 000B 0000 0000 0005 -48.5 2.79798 11042
2017 1021 000B 0000 0000 0002 -52.5 4.33196 11047
2017 1021 000B 0000 0000 0005 -47.5 3.39317 11320
2017 1021 000B 0000 0000 0004 -38.5 4.17856 11324
2017 1021 000B 0000 0000 0002 -52.5 4.50990 11338
2017 1021 000B 0000 0000 0003 -57.0 4.17243 11374
2017 1021 000B 0000 0000 0003 -56.0 4.13561 11405
2017 1021 000B 0000 0000 0004 -38.5 4.22765 11410
2017 1021 000B 0000 0000 0005 -47.5 3.47293 11415
2017 1021 000B 0000 0000 0002 -52.5 4.57126 11435
2017 1021 000B 0000 0000 0005 -47.0 4.01903 11720
2017 1021 000B 0000 0000 0002 -52.0 4.71852 11724
2017 1021 000B 0000 0000 0004 -37.0 4.33196 11728
2017 1021 000B 0000 0000 0003 -57.0 4.31355 11733
2017 1021 000B 0000 0000 0004 -37.0 4.35651 11752
2017 1021 000B 0000 0000 0005 -47.5 4.03744 11757
2017 1021 000B 0000 0000 0002 -52.5 4.70012 11762
2017 1021 000B 0000 0000 0003 -55.5 4.33810 11766
2017 1021 000B 0000 0000 0005 -46.0 4.56513 12038
2017 1021 000B 0000 0000 0004 -36.0 4.40559 12042
2017 1021 000B 0000 0000 0002 -51.5 4.95783 12047
2017 1021 000B 0000 0000 0003 -56.5 4.40559 12052
2017 1021 000B 0000 0000 0004 -36.0 4.44241 12074
2017 1021 000B 0000 0000 0002 -52.0 4.98851 12078
2017 1021 000B 0000 0000 0003 -56.5 4.54058 12083
2017 1021 000B 0000 0000 0005 -46.0 4.63262 12088
2017 1021 000B 0000 0000 0005 -44.5 5.04986 12360
2017 1021 000B 0000 0000 0004 -35.5 4.45468 12364
2017 1021 000B 0000 0000 0002 -51.5 5.16031 12369
2017 1021 000B 0000 0000 0003 -56.5 4.55899 12374
2017 1021 000B 0000 0000 0005 -44.5 5.08054 12396
2017 1021 000B 0000 0000 0004 -35.5 4.47922 12401
2017 1021 000B 0000 0000 0003 -57.0 4.49763 12406
2017 1021 000B 0000 0000 0002 -51.5 5.15418 12410
2017 1021 000B 0000 0000 0002 -52.0 5.46097 12682
2017 1021 000B 0000 0000 0003 -57.5 4.68171 12686
2017 1021 000B 0000 0000 0004 -35.0 4.47922 12691
2017 1021 000B 0000 0000 0005 -44.0 5.48552 12696
2017 1021 000B 0000 0000 0005 -43.5 5.52233 12715
2017 1021 000B 0000 0000 0002 -51.5 5.52233 12719
2017 1021 000B 0000 0000 0004 -34.5 4.46695 12724
2017 1021 000B 0000 0000 0003 -57.5 4.61421 12728
2017 1021 000B 0000 0000 0005 -41.5 5.80458 13000
2017 1021 000B 0000 0000 0004 -34.0 4.40559 13005
2017 1021 000B 0000 0000 0002 -51.0 5.77390 13010
2017 1021 000B 0000 0000 0003 -56.5 4.70625 13014
2017 1021 000B 0000 0000 0004 -34.0 4.41786 13033
2017 1021 000B 0000 0000 0005 -41.5 5.82299 13038
2017 1021 000B 0000 0000 0003 -55.5 4.63876 13043
2017 1021 000B 0000 0000 0002 -51.0 5.91503 13048
2017 1021 000B 0000 0000 0004 -34.0 4.31969 13323
2017 1021 000B 0000 0000 0002 -51.0 6.20955 13328
2017 1021 000B 0000 0000 0005 -40.5 6.02548 13332
2017 1021 000B 0000 0000 0003 -54.5 4.62649 13337
2017 1021 000B 0000 0000 0005 -40.5 6.02548 13359
2017 1021 000B 0000 0000 0002 -51.0 0.01227 13363
2017 1021 000B 0000 0000 0003 -54.0 4.63876 13368
2017 1021 000B 0000 0000 0004 -34.0 4.28287 13373
2017 1021 000B 0000 0000 0004 -34.5 4.19084 13648
2017 1021 000B 0000 0000 0003 -52.0 4.58967 13653
2017 1021 000B 0000 0000 0005 -39.5 6.14819 13657
2017 1021 000B 0000 0000 0002 -50.0 0.34361 13662
2017 1021 000B 0000 0000 0002 -50.0 0.31907 13681
2017 1021 000B 0000 0000 0005 -39.5 6.16047 13685
2017 1021 000B 0000 0000 0004 -34.5 4.16629 13690
2017 1021 000B 0000 0000 0003 -52.0 4.71239 13695
2017 1021 000B 0000 0000 0005 -39.0 6.20342 13966
2017 1021 000B 0000 0000 0004 -35.5 4.01289 13971
2017 1021 000B 0000 0000 0002 -49.0 0.61359 13976
2017 1021 000B 0000 0000 0003 -50.0 4.76148 13980
2017 1021 000B 0000 0000 0004 -36.0 4.00062 14002
2017 1021 000B 0000 0000 0005 -39.0 6.17274 14007
2017 1021 000B 0000 0000 0003 -49.5 4.71852 14012
2017 1021 000B 0000 0000 0002 -49.0 0.67495 14016
2017 1021 000B 0000 0000 0004 -37.0 3.85336 14289
2017 1021 000B 0000 0000 0005 -38.5 6.22183 14293
2017 1021 000B 0000 0000 0002 -48.0 0.92039 14298
2017 1021 000B 0000 0000 0003 -48.0 4.82897 14303
2017 1021 000B 0000 0000 0004 -37.0 3.84109 14325
2017 1021 000B 0000 0000 0005 -38.5 6.20342 14329
2017 1021 000B 0000 0000 0002 -48.0 0.87744 14334
2017 1021 000B 0000 0000 0003 -47.5 4.83511 14339
2017 1021 000B 0000 0000 0003 -47.0 4.88419 14610
2017 1021 000B 0000 0000 0002 -47.0 1.08606 14615
2017 1021 000B 0000 0000 0005 -39.0 6.19728 14620
2017 1021 000B 0000 0000 0004 -37.5 3.61406 14625
2017 1021 000B 0000 0000 0004 -38.0 3.61406 14643
2017 1021 000B 0000 0000 0005 -38.5 6.16047 14648
2017 1021 000B 0000 0000 0002 -47.0 1.06151 14652
2017 1021 000B 0000 0000 0003 -46.5 4.86579 14657
2017 1021 000B 0000 0000 0004 -39.0 3.42998 14929
2017 1021 000B 0000 0000 0005 -39.5 6.17887 14934
2017 1021 000B 0000 0000 0002 -47.0 1.08606 14939
2017 1021 000B 0000 0000 0003 -46.0 4.89033 14943
2017 1021 000B 0000 0000 0005 -39.0 6.14819 14962
2017 1021 000B 0000 0000 0003 -46.0 4.93942 14967
2017 1021 000B 0000 0000 0004 -39.0 3.39317 14971
2017 1021 000B 0000 0000 0002 -46.5 1.14128 14976
2017 1021 000B 0000 0000 0003 -46.0 4.86579 15248
2017 1021 000B 0000 0000 0002 -46.5 1.13515 15252
2017 1021 000B 0000 0000 0005 -40.5 6.09911 15269
2017 1021 000B 0000 0000 0004 -41.0 0.04295 15298
2017 1021 000B 0000 0000 0001 -61.5 6.12365 15329
2017 1021 000B 0000 0000 0003 -45.5 4.84738 15357
2017 1021 000B 0000 0000 0004 -41.0 3.10478 15362
2017 1021 000B 0000 0000 0005 -40.0 6.06229 15367
2017 1021 000B 0000 0000 0002 -46.0 1.11674 15372
2017 1021 000B 0000 0000 0004 -41.5 2.85320 15643
2017 1021 000B 0000 0000 0005 -41.0 6.00707 15648
2017 1021 000B 0000 0000 0003 -45.0 4.78602 15653
2017 1021 000B 0000 0000 0002 -46.0 1.04311 15657
2017 1021 000B 0000 0000 0001 -57.5 0.30066 15669
2017 1021 000B 0000 0000 0004 -41.5 2.82866 15697
2017 1021 000B 0000 0000 0002 -46.0 1.06151 15702
2017 1021 000B 0000 0000 0005 -41.5 5.97639 15706
2017 1021 000B 0000 0000 0003 -45.0 4.75534 15711
2017 1021 000B 0000 0000 0001 -57.0 0.39884 15721
2017 1021 000B 0000 0000 0005 -42.5 5.88435 16003
2017 1021 000B 0000 0000 0004 -42.5 2.55254 16008
2017 1021 000B 0000 0000 0001 -53.0 4.03130 16012
2017 1021 000B 0000 0000 0002 -46.5 0.88971 16018
2017 1021 000B 0000 0000 0003 -45.0 4.62649 16023
2017 1021 000B 0000 0000 0003 -45.0 4.67557 16043
2017 1021 000B 0000 0000 0004 -43.0 2.53414 16048
2017 1021 000B 0000 0000 0001 -53.0 4.12948 16052
2017 1021 000B 0000 0000 0005 -42.5 5.84753 16057
2017 1021 000B 0000 0000 0002 -47.0 0.91425 16062
2017 1021 000B 0000 0000 0004 -44.0 2.22734 16333
2017 1021 000B 0000 0000 0003 -44.5 4.55285 16338
2017 1021 000B 0000 0000 0005 -43.5 5.68800 16343
2017 1021 000B 0000 0000 0002 -47.0 0.79153 16347
2017 1021 000B 0000 0000 0001 -50.5 4.76148 16352
2017 1021 000B 0000 0000 0004 -44.0 2.19666 16374
2017 1021 000B 0000 0000 0005 -43.5 5.73095 16379
2017 1021 000B 0000 0000 0003 -45.0 4.56513 16383
2017 1021 000B 0000 0000 0002 -47.5 0.74858 16400
2017 1021 000B 0000 0000 0001 -50.5 4.75534 16431
2017 1021 000B 0000 0000 0002 -47.0 0.47247 16719
2017 1021 000B 0000 0000 0003 -45.0 4.43014 16724
2017 1021 000B 0000 0000 0001 -48.0 5.24621 16729
2017 1021 000B 0000 0000 0005 -45.5 5.50392 16735
2017 1021 000B 0000 0000 0004 -45.0 1.83464 16740
2017 1021 000B 0000 0000 0003 -45.0 4.41786 16760
2017 1021 000B 0000 0000 0004 -45.5 1.84691 16765
2017 1021 000B 0000 0000 0005 -45.5 5.47324 16770
2017 1021 000B 0000 0000 0001 -48.0 5.36280 16774
2017 1021 000B 0000 0000 0002 -48.0 0.49087 16788
2017 1021 000B 0000 0000 0001 -46.5 5.78004 17065
2017 1021 000B 0000 0000 0005 -46.0 5.19713 17069
2017 1021 000B 0000 0000 0002 -48.0 0.33748 17075
2017 1021 000B 0000 0000 0003 -45.0 4.24606 17080
2017 1021 000B 0000 0000 0004 -47.0 1.47876 17084
2017 1021 000B 0000 0000 0005 -46.5 5.14190 17104
2017 1021 000B 0000 0000 0001 -46.5 5.76163 17109
2017 1021 000B 0000 0000 0004 -47.0 1.40513 17114
2017 1021 000B 0000 0000 0003 -45.5 4.28901 17119
2017 1021 000B 0000 0000 0002 -48.0 0.28225 17125
2017 1021 000B 0000 0000 0004 -48.5 0.98788 17397
2017 1021 000B 0000 0000 0002 -49.0 6.18501 17403
2017 1021 000B 0000 0000 0001 -45.5 6.09911 17408
2017 1021 000B 0000 0000 0005 -48.5 4.82284 17414
2017 1021 000B 0000 0000 0003 -47.0 4.09880 17419
2017 1021 000B 0000 0000 0002 -49.0 6.19115 17439
2017 1021 000B 0000 0000 0004 -48.5 1.03084 17443
2017 1021 000B 0000 0000 0003 -47.5 4.03130 17459
2017 1021 000B 0000 0000 0001 -45.5 6.12979 17489
2017 1021 000B 0000 0000 0005 -49.0 1.48489 17520
2017 1021 000B 0000 0000 0003 -48.0 3.75518 17801
2017 1021 000B 0000 0000 0004 -52.0 0.37429 17806
2017 1021 000B 0000 0000 0001 -44.5 0.03682 17810
2017 1021 000B 0000 0000 0005 -50.0 4.16629 17815
2017 1021 000B 0000 0000 0002 -49.5 5.78004 17820
2017 1021 000B 0000 0000 0003 -48.0 3.62019 17842
2017 1021 000B 0000 0000 0001 -44.5 0.03068 17847
2017 1021 000B 0000 0000 0004 -52.5 0.30680 17852
2017 1021 000B 0000 0000 0002 -50.0 5.79845 17857
2017 1021 000B 0000 0000 0005 -51.0 3.93926 17861
2017 1021 000B 0000 0000 0001 -43.5 0.11658 18136
2017 1021 000B 0000 0000 0004 -56.0 5.95185 18141
2017 1021 000B 0000 0000 0003 -49.5 3.30726 18146
2017 1021 000B 0000 0000 0005 -53.0 0.19021 18156
2017 1021 000B 0000 0000 0002 -51.0 2.24575 18175
2017 1021 000B 0000 0000 0001 -43.5 0.09204 18202
2017 1021 000B 0000 0000 0003 -49.5 3.20295 18207
2017 1021 000B 0000 0000 0002 -51.5 5.36280 18212
2017 1021 000B 0000 0000 0004 -58.5 5.70027 18222
2017 1021 000B 0000 0000 0005 -53.5 6.26478 18241
2017 1021 000B 0000 0000 0002 -52.0 5.02532 18522
2017 1021 000B 0000 0000 0001 -43.0 0.08590 18526
2017 1021 000B 0000 0000 0003 -50.5 2.65685 18531
2017 1021 000B 0000 0000 0005 -55.5 2.38687 18536
2017 1021 000B 0000 0000 0001 -43.0 0.09204 18554
2017 1021 000B 0000 0000 0003 -51.5 2.57095 18559
2017 1021 000B 0000 0000 0005 -55.5 2.58322 18564
2017 1021 000B 0000 0000 0002 -51.5 5.03759 18568
2017 1021 000B 0000 0000 0005 -57.0 1.87759 18840
2017 1021 000B 0000 0000 0002 -54.0 4.49763 18845
2017 1021 000B 0000 0000 0003 -52.0 1.97577 18849
2017 1021 000B 0000 0000 0001 -42.5 0.07977 18854
2017 1021 000B 0000 0000 0003 -52.5 2.03099 18877
2017 1021 000B 0000 0000 0001 -42.5 0.05522 18881
2017 1021 000B 0000 0000 0002 -53.5 4.39946 18886
2017 1021 000B 0000 0000 0005 -57.5 1.73033 18891
2017 1021 000B 0000 0000 0002 -55.5 4.07425 19163
2017 1021 000B 0000 0000 0001 -43.0 0.01227 19167
2017 1021 000B 0000 0000 0003 -55.0 1.32536 19177
2017 1021 000B 0000 0000 0001 -43.0 0.02454 19237
2017 1021 000B 0000 0000 0003 -55.0 1.27627 19254
2017 1021 000B 0000 0000 0002 -56.5 0.71790 19284
2017 1021 000B 0000 0000 0003 -56.5 0.61359 19572
2017 1021 000B 0000 0000 0001 -44.0 6.27705 19576
2017 1021 000B 0000 0000 0002 -58.5 3.27658 19581
2017 1021 000B 0000 0000 0001 -44.0 6.26478 19603
2017 1021 000B 0000 0000 0002 -58.5 3.33181 19607
2017 1021 000B 0000 0000 0003 -56.0 0.57678 19613
2017 1021 000B 0000 0000 0001 -44.5 0.01227 19884
2017 1021 000B 0000 0000 0003 -58.5 6.17274 19889
2017 1021 000B 0000 0000 0003 -57.0 6.25864 19911
2017 1021 000B 0000 0000 0001 -45.0 6.24637 19916
2017 1021 000B 0000 0000 0003 -58.0 5.54074 20188
2017 1021 000B 0000 0000 0001 -46.0 6.26478 20193
2017 1021 000B 0000 0000 0001 -46.0 6.25864 20212
2017 1021 000B 0000 0000 0003 -60.0 5.51619 20230
2017 1021 000B 0000 0000 0001 -47.5 6.27091 20512
2017 1021 000B 0000 0000 0003 -61.0 1.66284 20529
2017 1021 000B 0000 0000 0001 -47.5 6.22796 20553
2017 1021 000B 0000 0000 0003 -60.5 5.00691 20558
2017 1021 000B 0000 0000 0001 -48.0 6.06229 20830
2017 1021 000B 0000 0000 0001 -49.0 6.09297 20850
2017 1021 000B 0000 0000 0001 -50.0 5.88435 21123
2017 1021 000B 0000 0000 0001 -49.5 5.97639 21142
2017 1021 000B 0000 0000 0001 -52.5 5.67573 21417
2017 1021 000B 0000 0000 0001 -52.5 5.65119 21437
2017 1021 000B 0000 0000 0001 -54.5 5.17872 21709
2017 1021 000B 0000 0000 0001 -55.5 5.37507 21733
2017 1021 000B 0000 0000 0001 -59.0 4.85965 22010
2017 1021 000B 0000 0000 0001 -59.0 4.74307 22032
