2017 1021 000B 0000 0000 0004 -53.0 6.21569 0
2017 1021 000B 0000 0000 0003 -57.5 0.58291 20
2017 1021 000B 0000 0000 0004 -54.0 6.18501 51
2017 1021 000B 0000 0000 0003 -57.5 0.71177 71
2017 1021 000B 0000 0000 0004 -53.5 0.40497 361
2017 1021 000B 0000 0000 0003 -58.0 1.17810 380
2017 1021 000B 0000 0000 0004 -53.0 3.53429 417
2017 1021 000B 0000 0000 0003 -58.5 1.27627 439
2017 1021 000B 0000 0000 0004 -52.0 4.21538 723
2017 1021 000B 0000 0000 0003 -55.5 1.98804 743
2017 1021 000B 0000 0000 0004 -50.5 0.96334 769
2017 1021 000B 0000 0000 0003 -56.0 2.09849 847
2017 1021 000B 0000 0000 0004 -52.0 1.59534 1139
2017 1021 000B 0000 0000 0003 -56.5 2.81025 1158
2017 1021 000B 0000 0000 0003 -55.0 5.88435 1198
2017 1021 000B 0000 0000 0004 -51.5 1.84691 1231
2017 1021 000B 0000 0000 0003 -55.5 0.31293 1527
2017 1021 000B 0000 0000 0004 -52.5 5.40575 1546
2017 1021 000B 0000 0000 0004 -49.5 2.74276 1897
2017 1021 000B 0000 0000 0003 -55.0 1.25786 1909
2017 1021 000B 0000 0000 0004 -50.5 2.83480 1938
2017 1021 000B 0000 0000 0003 -55.5 4.38105 1955
2017 1021 000B 0000 0000 0004 -49.5 3.79814 2246
2017 1021 000B 0000 0000 0003 -55.5 5.04373 2261
2017 1021 000B 0000 0000 0003 -54.0 5.10509 2293
2017 1021 000B 0000 0000 0004 -52.0 0.36816 2313
2017 1021 000B 0000 0000 0004 -52.5 0.86517 2598
2017 1021 000B 0000 0000 0003 -54.0 5.88435 2621
2017 1021 000B 0000 0000 0003 -54.0 5.93957 2652
2017 1021 000B 0000 0000 0004 -52.0 1.17810 2671
2017 1021 000B 0000 0000 0002 -59.5 6.11138 2958
2017 1021 000B 0000 0000 0003 -53.5 0.52155 2977
2017 1021 000B 0000 0000 0004 -52.0 1.71806 2996
2017 1021 000B 0000 0000 0003 -53.5 0.52155 3025
2017 1021 000B 0000 0000 0002 -59.0 5.84140 3044
2017 1021 000B 0000 0000 0003 -51.5 1.27014 3331
2017 1021 000B 0000 0000 0004 -52.5 5.65119 3350
2017 1021 000B 0000 0000 0002 -58.5 0.33134 3372
2017 1021 000B 0000 0000 0004 -52.0 5.70027 3403
2017 1021 000B 0000 0000 0003 -51.0 4.55899 3422
2017 1021 000B 0000 0000 0003 -50.5 2.05553 3710
2017 1021 000B 0000 0000 0004 -53.0 0.09204 3729
2017 1021 000B 0000 0000 0002 -57.5 0.68722 3748
2017 1021 000B 0000 0000 0003 -50.0 2.23961 3776
2017 1021 000B 0000 0000 0004 -52.0 0.39270 3799
2017 1021 000B 0000 0000 0003 -48.5 2.90843 4087
2017 1021 000B 0000 0000 0004 -52.5 1.15355 4118
2017 1021 000B 0000 0000 0003 -48.0 3.39317 4153
2017 1021 000B 0000 0000 0004 -52.5 1.26400 4166
2017 1021 000B 0000 0000 0003 -48.0 0.50928 4452
2017 1021 000B 0000 0000 0004 -52.0 5.08054 4475
2017 1021 000B 0000 0000 0003 -45.5 3.57724 4516
2017 1021 000B 0000 0000 0004 -52.5 5.25849 4526
2017 1021 000B 0000 0000 0002 -57.5 4.88419 4816
2017 1021 000B 0000 0000 0003 -46.5 4.34423 4835
2017 1021 000B 0000 0000 0004 -51.5 6.27091 4855
2017 1021 000B 0000 0000 0003 -45.5 4.50990 4876
2017 1021 000B 0000 0000 0002 -57.5 5.00078 4890
2017 1021 000B 0000 0000 0004 -50.0 4.14175 5169
2017 1021 000B 0000 0000 0003 -44.5 4.83511 5173
2017 1021 000B 0000 0000 0003 -43.5 4.90874 5207
2017 1021 000B 0000 0000 0003 -42.5 5.29530 5486
2017 1021 000B 0000 0000 0004 -49.5 5.11122 5501
2017 1021 000B 0000 0000 0004 -47.5 5.02532 5526
2017 1021 000B 0000 0000 0003 -42.5 5.31985 5531
2017 1021 000B 0000 0000 0004 -46.5 5.93344 5805
2017 1021 000B 0000 0000 0003 -42.0 5.73095 5810
2017 1021 000B 0000 0000 0003 -41.5 5.83526 5833
2017 1021 000B 0000 0000 0004 -48.0 6.05616 5852
2017 1021 000B 0000 0000 0003 -40.0 5.89662 6144
2017 1021 000B 0000 0000 0004 -46.0 0.33748 6149
2017 1021 000B 0000 0000 0001 -56.5 1.70579 6170
2017 1021 000B 0000 0000 0004 -45.0 0.41111 6201
2017 1021 000B 0000 0000 0003 -40.0 6.08070 6206
2017 1021 000B 0000 0000 0001 -58.0 5.06214 6221
2017 1021 000B 0000 0000 0003 -39.0 6.20342 6500
2017 1021 000B 0000 0000 0004 -43.0 1.10447 6505
2017 1021 000B 0000 0000 0001 -55.5 5.24621 6516
2017 1021 000B 0000 0000 0003 -39.0 0.03068 6546
2017 1021 000B 0000 0000 0004 -43.5 1.13515 6551
2017 1021 000B 0000 0000 0001 -53.5 5.56528 6571
2017 1021 000B 0000 0000 0003 -37.0 0.16567 6859
2017 1021 000B 0000 0000 0004 -42.5 1.53398 6864
2017 1021 000B 0000 0000 0001 -54.0 5.88435 6874
2017 1021 000B 0000 0000 0003 -37.0 0.24544 6902
2017 1021 000B 0000 0000 0004 -43.0 1.52171 6910
2017 1021 000B 0000 0000 0001 -54.0 5.89662 6923
2017 1021 000B 0000 0000 0003 -36.0 0.31293 7205
2017 1021 000B 0000 0000 0004 -42.0 1.92668 7209
2017 1021 000B 0000 0000 0001 -49.0 0.25157 7214
2017 1021 000B 0000 0000 0003 -36.0 0.47247 7236
2017 1021 000B 0000 0000 0004 -41.0 1.92054 7241
2017 1021 000B 0000 0000 0001 -50.5 0.06750 7247
2017 1021 000B 0000 0000 0004 -40.5 2.32551 7518
2017 1021 000B 0000 0000 0003 -35.5 0.55837 7523
2017 1021 000B 0000 0000 0001 -50.0 0.60746 7528
2017 1021 000B 0000 0000 0004 -40.5 2.37460 7547
2017 1021 000B 0000 0000 0003 -35.5 0.60746 7552
2017 1021 000B 0000 0000 0001 -46.5 0.92039 7557
2017 1021 000B 0000 0000 0003 -35.0 0.75472 7832
2017 1021 000B 0000 0000 0001 -46.5 1.00016 7837
2017 1021 000B 0000 0000 0004 -38.5 2.62618 7842
2017 1021 000B 0000 0000 0005 -59.0 0.55223 7853
2017 1021 000B 0000 0000 0003 -35.0 0.76085 7882
2017 1021 000B 0000 0000 0004 -38.5 2.69367 7887
2017 1021 000B 0000 0000 0001 -47.0 0.93880 7892
2017 1021 000B 0000 0000 0004 -37.5 2.88388 8182
2017 1021 000B 0000 0000 0003 -35.0 0.73017 8187
2017 1021 000B 0000 0000 0005 -58.5 1.11060 8205
2017 1021 000B 0000 0000 0001 -47.5 1.50330 8235
2017 1021 000B 0000 0000 0002 -55.5 0.30680 8266
2017 1021 000B 0000 0000 0003 -35.0 0.74245 8294
2017 1021 000B 0000 0000 0004 -36.5 3.11091 8299
2017 1021 000B 0000 0000 0001 -47.0 1.72419 8304
2017 1021 000B 0000 0000 0005 -57.5 1.25173 8322
2017 1021 000B 0000 0000 0001 -44.5 2.00645 8612
2017 1021 000B 0000 0000 0004 -35.5 3.23363 8616
2017 1021 000B 0000 0000 0003 -35.5 0.67495 8621
2017 1021 000B 0000 0000 0002 -51.5 0.60132 8633
2017 1021 000B 0000 0000 0005 -56.5 1.90827 8659
2017 1021 000B 0000 0000 0003 -35.5 0.59518 8690
2017 1021 000B 0000 0000 0004 -35.5 3.27045 8695
2017 1021 000B 0000 0000 0001 -44.0 1.99418 8700
2017 1021 000B 0000 0000 0002 -51.5 0.82221 8711
2017 1021 000B 0000 0000 0005 -58.5 5.01919 8731
2017 1021 000B 0000 0000 0003 -36.5 0.44792 9009
2017 1021 000B 0000 0000 0004 -35.0 3.39317 9014
2017 1021 000B 0000 0000 0001 -44.5 2.33779 9019
2017 1021 000B 0000 0000 0002 -47.5 1.07992 9024
2017 1021 000B 0000 0000 0005 -56.5 5.67573 9039
2017 1021 000B 0000 0000 0002 -47.5 1.11060 9078
2017 1021 000B 0000 0000 0001 -44.0 2.40528 9082
2017 1021 000B 0000 0000 0004 -35.0 3.41157 9087
2017 1021 000B 0000 0000 0003 -36.5 0.41111 9093
2017 1021 000B 0000 0000 0005 -56.5 6.05002 9109
2017 1021 000B 0000 0000 0004 -35.0 3.48520 9400
2017 1021 000B 0000 0000 0003 -38.0 0.19021 9405
2017 1021 000B 0000 0000 0001 -43.0 2.52800 9410
2017 1021 000B 0000 0000 0002 -47.0 4.44241 9420
2017 1021 000B 0000 0000 0005 -58.0 0.11658 9440
2017 1021 000B 0000 0000 0001 -42.5 2.59550 9467
2017 1021 000B 0000 0000 0003 -38.5 0.08590 9472
2017 1021 000B 0000 0000 0004 -35.5 3.49748 9477
2017 1021 000B 0000 0000 0002 -46.0 1.33763 9482
2017 1021 000B 0000 0000 0005 -58.0 0.39884 9507
2017 1021 000B 0000 0000 0002 -44.5 1.50944 9792
2017 1021 000B 0000 0000 0004 -37.0 3.46066 9797
2017 1021 000B 0000 0000 0003 -40.5 6.20955 9811
2017 1021 000B 0000 0000 0001 -42.0 2.72435 9841
2017 1021 000B 0000 0000 0005 -56.0 1.06765 9874
2017 1021 000B 0000 0000 0003 -40.0 6.11138 9902
2017 1021 000B 0000 0000 0001 -41.0 2.68753 9906
2017 1021 000B 0000 0000 0004 -37.0 3.46066 9911
2017 1021 000B 0000 0000 0002 -45.0 1.46649 9916
2017 1021 000B 0000 0000 0004 -38.5 3.49134 10198
2017 1021 000B 0000 0000 0002 -44.5 1.49717 10203
2017 1021 000B 0000 0000 0001 -40.0 2.68140 10208
2017 1021 000B 0000 0000 0003 -41.0 5.89049 10212
2017 1021 000B 0000 0000 0005 -55.0 5.18486 10228
2017 1021 000B 0000 0000 0004 -39.0 3.52202 10267
2017 1021 000B 0000 0000 0002 -43.0 1.60148 10271
2017 1021 000B 0000 0000 0003 -41.0 5.88435 10276
2017 1021 000B 0000 0000 0001 -39.0 2.73662 10281
2017 1021 000B 0000 0000 0005 -55.0 2.27029 10298
2017 1021 000B 0000 0000 0002 -42.5 1.66284 10589
2017 1021 000B 0000 0000 0004 -40.5 3.47907 10594
2017 1021 000B 0000 0000 0001 -38.5 2.69981 10598
2017 1021 000B 0000 0000 0003 -43.0 5.52233 10603
2017 1021 000B 0000 0000 0005 -55.0 6.05616 10620
2017 1021 000B 0000 0000 0002 -43.0 1.77942 10657
2017 1021 000B 0000 0000 0004 -41.0 3.43612 10662
2017 1021 000B 0000 0000 0003 -43.5 5.51619 10666
2017 1021 000B 0000 0000 0001 -38.5 2.70594 10671
2017 1021 000B 0000 0000 0005 -54.5 6.18501 10685
2017 1021 000B 0000 0000 0002 -42.5 1.75487 10977
2017 1021 000B 0000 0000 0005 -51.5 0.47860 10982
2017 1021 000B 0000 0000 0003 -44.0 5.03146 10986
2017 1021 000B 0000 0000 0001 -38.0 2.62004 10991
2017 1021 000B 0000 0000 0004 -43.0 3.26431 10996
2017 1021 000B 0000 0000 0002 -42.0 1.77328 11018
2017 1021 000B 0000 0000 0003 -45.0 4.97623 11023
2017 1021 000B 0000 0000 0001 -38.5 2.58936 11028
2017 1021 000B 0000 0000 0004 -43.0 3.74291 11032
2017 1021 000B 0000 0000 0005 -50.5 0.76085 11037
2017 1021 000B 0000 0000 0004 -44.0 2.97592 11309
2017 1021 000B 0000 0000 0001 -38.5 2.52800 11313
2017 1021 000B 0000 0000 0005 -49.5 1.42967 11318
2017 1021 000B 0000 0000 0003 -45.0 4.55285 11323
2017 1021 000B 0000 0000 0002 -42.0 1.87759 11328
2017 1021 000B 0000 0000 0004 -44.5 2.90229 11350
2017 1021 000B 0000 0000 0001 -38.0 2.50346 11354
2017 1021 000B 0000 0000 0002 -40.5 1.88986 11359
2017 1021 000B 0000 0000 0003 -46.5 4.49150 11377
2017 1021 000B 0000 0000 0005 -50.5 4.53445 11406
2017 1021 000B 0000 0000 0002 -43.5 1.85918 11695
2017 1021 000B 0000 0000 0001 -39.0 2.45437 11700
2017 1021 000B 0000 0000 0003 -46.5 3.91472 11705
2017 1021 000B 0000 0000 0004 -44.0 2.69981 11711
2017 1021 000B 0000 0000 0005 -48.0 2.05553 11716
2017 1021 000B 0000 0000 0002 -41.5 1.94509 11736
2017 1021 000B 0000 0000 0001 -39.5 2.53414 11741
2017 1021 000B 0000 0000 0003 -46.0 3.89018 11750
2017 1021 000B 0000 0000 0004 -46.0 2.60163 11755
2017 1021 000B 0000 0000 0002 -42.5 1.88373 12033
2017 1021 000B 0000 0000 0001 -40.0 2.44210 12038
2017 1021 000B 0000 0000 0003 -48.0 3.39930 12043
2017 1021 000B 0000 0000 0004 -49.5 2.15371 12061
2017 1021 000B 0000 0000 0005 -47.5 5.62664 12091
2017 1021 000B 0000 0000 0001 -40.5 2.31938 12126
2017 1021 000B 0000 0000 0002 -43.5 1.81623 12137
2017 1021 000B 0000 0000 0005 -46.5 2.63231 12143
2017 1021 000B 0000 0000 0003 -46.5 3.55270 12151
2017 1021 000B 0000 0000 0001 -41.0 2.33165 12424
2017 1021 000B 0000 0000 0005 -44.5 2.81025 12429
2017 1021 000B 0000 0000 0002 -43.5 1.75487 12434
2017 1021 000B 0000 0000 0004 -54.5 1.30082 12449
2017 1021 000B 0000 0000 0003 -50.0 2.44823 12468
2017 1021 000B 0000 0000 0002 -45.0 1.65670 12496
2017 1021 000B 0000 0000 0001 -42.0 2.32551 12500
2017 1021 000B 0000 0000 0005 -45.5 2.84707 12506
2017 1021 000B 0000 0000 0003 -49.5 5.52847 12527
2017 1021 000B 0000 0000 0004 -56.5 1.01243 12560
2017 1021 000B 0000 0000 0001 -42.5 2.02485 12844
2017 1021 000B 0000 0000 0005 -44.0 3.25818 12849
2017 1021 000B 0000 0000 0002 -46.5 1.52784 12854
2017 1021 000B 0000 0000 0003 -51.0 1.49103 12866
2017 1021 000B 0000 0000 0005 -44.5 3.31340 12920
2017 1021 000B 0000 0000 0001 -42.5 1.97577 12925
2017 1021 000B 0000 0000 0003 -51.5 1.40513 12936
2017 1021 000B 0000 0000 0002 -48.0 4.57126 12956
2017 1021 000B 0000 0000 0005 -43.0 3.27658 13236
2017 1021 000B 0000 0000 0002 -49.0 0.96948 13241
2017 1021 000B 0000 0000 0001 -42.5 1.88986 13245
2017 1021 000B 0000 0000 0003 -51.0 0.60132 13263
2017 1021 000B 0000 0000 0003 -49.0 0.54610 13327
2017 1021 000B 0000 0000 0002 -48.5 1.15355 13332
2017 1021 000B 0000 0000 0001 -42.0 1.76715 13342
2017 1021 000B 0000 0000 0001 -44.5 1.27014 13614
2017 1021 000B 0000 0000 0002 -49.5 6.18501 13618
2017 1021 000B 0000 0000 0005 -42.0 3.36862 13623
2017 1021 000B 0000 0000 0003 -51.5 6.01320 13639
2017 1021 000B 0000 0000 0005 -42.5 3.56497 13689
2017 1021 000B 0000 0000 0001 -44.0 1.43581 13694
2017 1021 000B 0000 0000 0003 -49.0 5.82299 13698
2017 1021 000B 0000 0000 0002 -52.0 0.20249 13703
2017 1021 000B 0000 0000 0005 -42.5 3.52202 13978
2017 1021 000B 0000 0000 0003 -48.5 5.33212 13983
2017 1021 000B 0000 0000 0001 -45.0 0.96334 13988
2017 1021 000B 0000 0000 0002 -54.0 6.13592 14001
2017 1021 000B 0000 0000 0004 -59.0 5.31371 14021
2017 1021 000B 0000 0000 0005 -42.5 3.40544 14046
2017 1021 000B 0000 0000 0003 -48.0 5.12963 14051
2017 1021 000B 0000 0000 0001 -45.0 0.85289 14055
2017 1021 000B 0000 0000 0002 -55.0 5.89662 14068
2017 1021 000B 0000 0000 0004 -58.5 5.09895 14087
2017 1021 000B 0000 0000 0001 -46.5 0.28225 14366
2017 1021 000B 0000 0000 0005 -43.0 3.60792 14370
2017 1021 000B 0000 0000 0003 -50.0 4.66944 14381
2017 1021 000B 0000 0000 0004 -57.0 1.63216 14402
2017 1021 000B 0000 0000 0002 -57.5 5.03146 14422
2017 1021 000B 0000 0000 0005 -44.0 3.63860 14448
2017 1021 000B 0000 0000 0001 -47.5 0.15953 14465
2017 1021 000B 0000 0000 0003 -50.0 4.38105 14508
2017 1021 000B 0000 0000 0005 -44.5 3.61406 14789
2017 1021 000B 0000 0000 0003 -50.0 3.81041 14795
2017 1021 000B 0000 0000 0001 -45.5 5.68186 14800
2017 1021 000B 0000 0000 0002 -60.0 0.93880 14811
2017 1021 000B 0000 0000 0005 -44.0 4.06198 14850
2017 1021 000B 0000 0000 0001 -46.5 5.63891 14855
2017 1021 000B 0000 0000 0003 -47.0 4.27060 14859
2017 1021 000B 0000 0000 0005 -46.0 4.12948 15138
2017 1021 000B 0000 0000 0001 -48.0 5.10509 15144
2017 1021 000B 0000 0000 0003 -50.5 0.33134 15167
2017 1021 000B 0000 0000 0003 -50.0 3.36249 15203
2017 1021 000B 0000 0000 0005 -46.5 4.09266 15208
2017 1021 000B 0000 0000 0001 -45.5 5.06214 15214
2017 1021 000B 0000 0000 0005 -45.5 3.78586 15505
2017 1021 000B 0000 0000 0001 -48.5 4.66330 15509
2017 1021 000B 0000 0000 0003 -52.0 2.81025 15525
2017 1021 000B 0000 0000 0001 -49.5 4.52831 15563
2017 1021 000B 0000 0000 0005 -46.5 4.13561 15568
2017 1021 000B 0000 0000 0003 -51.0 5.94571 15618
2017 1021 000B 0000 0000 0005 -48.0 3.95153 15904
2017 1021 000B 0000 0000 0001 -49.0 3.65701 15909
2017 1021 000B 0000 0000 0003 -53.5 2.09235 15922
2017 1021 000B 0000 0000 0001 -50.0 3.44225 15949
2017 1021 000B 0000 0000 0005 -49.0 3.92699 15955
2017 1021 000B 0000 0000 0003 -53.5 1.98190 15969
2017 1021 000B 0000 0000 0001 -51.5 6.25864 16263
2017 1021 000B 0000 0000 0005 -50.0 0.27612 16294
2017 1021 000B 0000 0000 0005 -48.5 3.31340 16339
2017 1021 000B 0000 0000 0001 -53.5 6.08070 16353
2017 1021 000B 0000 0000 0005 -52.0 2.95138 16647
2017 1021 000B 0000 0000 0001 -53.5 2.33165 16665
2017 1021 000B 0000 0000 0003 -56.5 0.32520 16683
2017 1021 000B 0000 0000 0005 -52.0 5.98866 16721
2017 1021 000B 0000 0000 0001 -52.5 2.34392 16750
2017 1021 000B 0000 0000 0001 -54.5 4.67557 17050
2017 1021 000B 0000 0000 0005 -52.5 5.44256 17080
2017 1021 000B 0000 0000 0001 -53.0 1.42353 17150
2017 1021 000B 0000 0000 0005 -54.5 5.10509 17180
2017 1021 000B 0000 0000 0005 -55.0 1.51557 17486
2017 1021 000B 0000 0000 0005 -57.0 4.30128 17562
