2017 1021 000B 0000 0000 0004 -61.0 4.87192 0
2017 1021 000B 0000 0000 0004 -60.5 5.03146 23
2017 1021 000B 0000 0000 0004 -60.0 5.45484 300
2017 1021 000B 0000 0000 0004 -59.5 5.54074 320
2017 1021 000B 0000 0000 0004 -58.0 5.82913 594
2017 1021 000B 0000 0000 0004 -58.0 5.93344 614
2017 1021 000B 0000 0000 0004 -57.5 0.00614 887
2017 1021 000B 0000 0000 0004 -57.5 0.01841 906
2017 1021 000B 0000 0000 0004 -57.0 0.38043 1179
2017 1021 000B 0000 0000 0004 -56.0 0.42951 1198
2017 1021 000B 0000 0000 0004 -56.0 0.67495 1470
2017 1021 000B 0000 0000 0004 -55.5 0.77926 1493
2017 1021 000B 0000 0000 0004 -54.5 1.11674 1765
2017 1021 000B 0000 0000 0004 -55.0 1.09833 1788
2017 1021 000B 0000 0000 0004 -55.0 1.42353 2061
2017 1021 000B 0000 0000 0004 -55.0 1.43581 2081
2017 1021 000B 0000 0000 0004 -55.5 1.66897 2354
2017 1021 000B 0000 0000 0005 -63.5 5.24008 2358
2017 1021 000B 0000 0000 0005 -63.0 5.40575 2381
2017 1021 000B 0000 0000 0004 -55.5 1.74874 2386
2017 1021 000B 0000 0000 0004 -55.5 1.91441 2662
2017 1021 000B 0000 0000 0005 -63.0 5.63278 2667
2017 1021 000B 0000 0000 0004 -56.0 2.03713 2686
2017 1021 000B 0000 0000 0005 -62.0 5.78004 2690
2017 1021 000B 0000 0000 0005 -63.0 6.22183 2964
2017 1021 000B 0000 0000 0004 -56.5 2.52186 2969
2017 1021 000B 0000 0000 0004 -57.0 2.49118 2991
2017 1021 000B 0000 0000 0005 -63.0 0.07363 2996
2017 1021 000B 0000 0000 0004 -56.5 2.91456 3273
2017 1021 000B 0000 0000 0005 -63.0 3.44225 3285
2017 1021 000B 0000 0000 0004 -57.5 3.14159 3311
2017 1021 000B 0000 0000 0005 -62.0 0.18408 3316
2017 1021 000B 0000 0000 0004 -57.5 3.81041 3601
2017 1021 000B 0000 0000 0005 -61.0 0.42338 3606
2017 1021 000B 0000 0000 0004 -58.5 3.68769 3628
2017 1021 000B 0000 0000 0005 -61.5 0.82221 3633
2017 1021 000B 0000 0000 0005 -62.0 0.88971 3910
2017 1021 000B 0000 0000 0004 -57.0 4.42400 3915
2017 1021 000B 0000 0000 0004 -56.5 5.03759 4226
2017 1021 000B 0000 0000 0005 -62.5 1.25786 4231
2017 1021 000B 0000 0000 0005 -62.5 1.14742 4253
2017 1021 000B 0000 0000 0004 -56.0 5.05600 4258
2017 1021 000B 0000 0000 0003 -56.5 6.19115 4534
2017 1021 000B 0000 0000 0004 -55.0 5.44256 4539
2017 1021 000B 0000 0000 0005 -64.0 4.68785 4550
2017 1021 000B 0000 0000 0003 -58.5 6.02548 4590
2017 1021 000B 0000 0000 0004 -57.0 5.76163 4619
2017 1021 000B 0000 0000 0005 -65.0 1.62602 4652
2017 1021 000B 0000 0000 0004 -56.5 0.13499 4935
2017 1021 000B 0000 0000 0003 -56.0 6.20955 4939
2017 1021 000B 0000 0000 0003 -56.0 6.25251 4975
2017 1021 000B 0000 0000 0004 -56.5 0.22703 5006
2017 1021 000B 0000 0000 0003 -54.0 0.18408 5294
2017 1021 000B 0000 0000 0004 -56.0 0.79153 5299
2017 1021 000B 0000 0000 0004 -55.5 0.82835 5321
2017 1021 000B 0000 0000 0003 -54.0 0.16567 5326
2017 1021 000B 0000 0000 0003 -52.0 0.36816 5602
2017 1021 000B 0000 0000 0004 -55.5 1.34990 5607
2017 1021 000B 0000 0000 0004 -55.5 1.41740 5630
2017 1021 000B 0000 0000 0003 -51.5 0.42338 5635
2017 1021 000B 0000 0000 0003 -50.5 0.75472 5911
2017 1021 000B 0000 0000 0001 -57.5 6.27091 5923
2017 1021 000B 0000 0000 0004 -56.5 1.98804 5942
2017 1021 000B 0000 0000 0002 -61.0 0.30066 5962
2017 1021 000B 0000 0000 0003 -50.5 0.66882 5983
2017 1021 000B 0000 0000 0004 -56.0 2.04940 5988
2017 1021 000B 0000 0000 0001 -57.0 3.16614 5994
2017 1021 000B 0000 0000 0003 -49.0 0.82221 6270
2017 1021 000B 0000 0000 0002 -59.0 3.56497 6280
2017 1021 000B 0000 0000 0004 -56.0 2.96979 6285
2017 1021 000B 0000 0000 0001 -55.0 3.61406 6290
2017 1021 000B 0000 0000 0002 -59.5 3.70610 6313
2017 1021 000B 0000 0000 0003 -49.0 0.92652 6318
2017 1021 000B 0000 0000 0001 -56.5 0.30066 6334
2017 1021 000B 0000 0000 0004 -57.5 5.99480 6367
2017 1021 000B 0000 0000 0004 -58.0 3.65087 6652
2017 1021 000B 0000 0000 0003 -48.0 1.12901 6657
2017 1021 000B 0000 0000 0002 -60.0 3.81041 6672
2017 1021 000B 0000 0000 0001 -56.5 0.53996 6702
2017 1021 000B 0000 0000 0003 -48.0 1.20264 6740
2017 1021 000B 0000 0000 0004 -59.5 3.89631 6753
2017 1021 000B 0000 0000 0001 -57.0 0.62586 6772
2017 1021 000B 0000 0000 0002 -59.5 0.75472 6791
2017 1021 000B 0000 0000 0001 -56.0 3.93926 7065
2017 1021 000B 0000 0000 0003 -47.5 1.46649 7070
2017 1021 000B 0000 0000 0002 -59.0 4.04971 7074
2017 1021 000B 0000 0000 0003 -47.0 1.47876 7094
2017 1021 000B 0000 0000 0002 -59.0 0.87130 7105
2017 1021 000B 0000 0000 0001 -57.5 0.77926 7125
2017 1021 000B 0000 0000 0002 -58.5 4.12334 7403
2017 1021 000B 0000 0000 0003 -46.0 1.76101 7408
2017 1021 000B 0000 0000 0001 -57.0 4.04357 7413
2017 1021 000B 0000 0000 0003 -46.0 1.82237 7432
2017 1021 000B 0000 0000 0001 -57.5 4.11720 7437
2017 1021 000B 0000 0000 0002 -58.0 4.31969 7442
2017 1021 000B 0000 0000 0003 -46.0 2.11689 7714
2017 1021 000B 0000 0000 0002 -57.0 4.27060 7719
2017 1021 000B 0000 0000 0004 -60.0 1.80396 7733
2017 1021 000B 0000 0000 0001 -58.5 0.99402 7764
2017 1021 000B 0000 0000 0003 -46.0 2.23348 7803
2017 1021 000B 0000 0000 0001 -59.0 1.05538 7814
2017 1021 000B 0000 0000 0004 -58.0 2.19052 7836
2017 1021 000B 0000 0000 0002 -58.0 1.04924 7854
2017 1021 000B 0000 0000 0003 -46.5 2.34392 7880
2017 1021 000B 0000 0000 0004 -57.0 2.41755 7885
2017 1021 000B 0000 0000 0004 -53.0 3.13546 8157
2017 1021 000B 0000 0000 0003 -45.5 2.68140 8162
2017 1021 000B 0000 0000 0002 -57.0 4.22152 8166
2017 1021 000B 0000 0000 0003 -45.5 2.70594 8188
2017 1021 000B 0000 0000 0004 -52.0 3.30113 8192
2017 1021 000B 0000 0000 0002 -57.0 4.27060 8197
2017 1021 000B 0000 0000 0003 -46.0 3.01887 8469
2017 1021 000B 0000 0000 0001 -57.5 4.29515 8474
2017 1021 000B 0000 0000 0004 -49.5 3.90858 8478
2017 1021 000B 0000 0000 0002 -56.0 4.33810 8483
2017 1021 000B 0000 0000 0002 -56.0 4.28901 8502
2017 1021 000B 0000 0000 0003 -45.5 3.04955 8506
2017 1021 000B 0000 0000 0004 -49.0 3.85950 8511
2017 1021 000B 0000 0000 0001 -57.5 4.22152 8516
2017 1021 000B 0000 0000 0004 -47.0 4.34423 8788
2017 1021 000B 0000 0000 0003 -45.0 3.32567 8792
2017 1021 000B 0000 0000 0002 -56.5 1.26400 8807
2017 1021 000B 0000 0000 0001 -57.5 0.97561 8826
2017 1021 000B 0000 0000 0003 -44.5 3.38089 8849
2017 1021 000B 0000 0000 0002 -56.0 4.39332 8854
2017 1021 000B 0000 0000 0004 -47.0 4.47309 8859
2017 1021 000B 0000 0000 0001 -57.0 4.16016 8863
2017 1021 000B 0000 0000 0001 -56.0 4.11720 9136
2017 1021 000B 0000 0000 0002 -55.5 4.57740 9141
2017 1021 000B 0000 0000 0003 -43.5 3.58952 9146
2017 1021 000B 0000 0000 0004 -46.0 4.81056 9157
2017 1021 000B 0000 0000 0003 -44.0 3.60179 9186
2017 1021 000B 0000 0000 0001 -56.0 4.03744 9190
2017 1021 000B 0000 0000 0004 -46.0 4.85352 9202
2017 1021 000B 0000 0000 0002 -56.0 1.41740 9221
2017 1021 000B 0000 0000 0001 -54.5 4.11720 9500
2017 1021 000B 0000 0000 0002 -56.5 4.71852 9505
2017 1021 000B 0000 0000 0003 -42.5 3.69996 9510
2017 1021 000B 0000 0000 0004 -44.5 5.22167 9516
2017 1021 000B 0000 0000 0002 -55.5 4.75534 9535
2017 1021 000B 0000 0000 0004 -44.5 5.25235 9539
2017 1021 000B 0000 0000 0003 -42.5 3.70610 9544
2017 1021 000B 0000 0000 0001 -54.5 4.12948 9550
2017 1021 000B 0000 0000 0001 -53.0 4.25833 9823
2017 1021 000B 0000 0000 0002 -56.0 4.92715 9829
2017 1021 000B 0000 0000 0004 -44.0 5.55301 9844
2017 1021 000B 0000 0000 0003 -42.0 3.77973 9873
2017 1021 000B 0000 0000 0003 -41.5 3.74905 9912
2017 1021 000B 0000 0000 0004 -43.5 5.55915 9917
2017 1021 000B 0000 0000 0002 -56.5 1.84691 9927
2017 1021 000B 0000 0000 0001 -53.0 4.31355 9946
2017 1021 000B 0000 0000 0002 -56.5 5.15418 10224
2017 1021 000B 0000 0000 0004 -42.0 5.89049 10229
2017 1021 000B 0000 0000 0003 -40.5 3.70610 10234
2017 1021 000B 0000 0000 0001 -50.5 4.52218 10239
2017 1021 000B 0000 0000 0001 -50.5 4.57740 10257
2017 1021 000B 0000 0000 0004 -42.0 5.87821 10262
2017 1021 000B 0000 0000 0003 -40.5 3.69383 10267
2017 1021 000B 0000 0000 0002 -56.0 5.35052 10272
2017 1021 000B 0000 0000 0004 -41.0 6.04388 10544
2017 1021 000B 0000 0000 0003 -40.0 3.62019 10548
2017 1021 000B 0000 0000 0001 -49.0 4.82897 10553
2017 1021 000B 0000 0000 0002 -57.0 5.34439 10558
2017 1021 000B 0000 0000 0001 -49.0 4.86579 10577
2017 1021 000B 0000 0000 0003 -40.0 3.61406 10582
2017 1021 000B 0000 0000 0004 -41.0 6.09911 10587
2017 1021 000B 0000 0000 0002 -57.5 2.22120 10597
2017 1021 000B 0000 0000 0003 -40.0 3.46680 10878
2017 1021 000B 0000 0000 0004 -40.5 6.20342 10883
2017 1021 000B 0000 0000 0002 -57.0 5.43643 10887
2017 1021 000B 0000 0000 0001 -47.0 5.19099 10893
2017 1021 000B 0000 0000 0004 -40.0 6.19115 10912
2017 1021 000B 0000 0000 0003 -40.0 3.44839 10917
2017 1021 000B 0000 0000 0001 -48.0 5.19713 10928
2017 1021 000B 0000 0000 0002 -58.0 2.25802 10946
2017 1021 000B 0000 0000 0002 -56.5 2.22120 11227
2017 1021 000B 0000 0000 0001 -47.0 5.46097 11233
2017 1021 000B 0000 0000 0003 -41.0 0.10124 11240
2017 1021 000B 0000 0000 0004 -40.0 6.22489 11246
2017 1021 000B 0000 0000 0002 -56.5 5.30757 11266
2017 1021 000B 0000 0000 0003 -40.5 3.24590 11271
2017 1021 000B 0000 0000 0001 -46.5 5.52847 11276
2017 1021 000B 0000 0000 0004 -39.5 6.22796 11280
2017 1021 000B 0000 0000 0002 -54.0 5.53460 11552
2017 1021 000B 0000 0000 0003 -41.0 3.09251 11556
2017 1021 000B 0000 0000 0001 -44.5 5.80458 11561
2017 1021 000B 0000 0000 0004 -39.0 0.00000 11566
2017 1021 000B 0000 0000 0004 -39.5 6.20342 11590
2017 1021 000B 0000 0000 0002 -53.5 5.64505 11595
2017 1021 000B 0000 0000 0003 -41.5 6.15433 11612
2017 1021 000B 0000 0000 0001 -45.0 5.76777 11645
2017 1021 000B 0000 0000 0004 -39.5 6.19115 11930
2017 1021 000B 0000 0000 0003 -41.5 2.77344 11934
2017 1021 000B 0000 0000 0001 -43.0 5.87208 11939
2017 1021 000B 0000 0000 0002 -55.0 5.39348 11944
2017 1021 000B 0000 0000 0002 -55.0 5.39961 11962
2017 1021 000B 0000 0000 0004 -39.5 6.17887 11967
2017 1021 000B 0000 0000 0003 -41.5 2.77344 11971
2017 1021 000B 0000 0000 0001 -43.0 5.90889 11976
2017 1021 000B 0000 0000 0002 -53.5 5.28303 12249
2017 1021 000B 0000 0000 0003 -42.5 2.50959 12253
2017 1021 000B 0000 0000 0004 -40.0 6.09911 12265
2017 1021 000B 0000 0000 0001 -43.0 5.92730 12285
2017 1021 000B 0000 0000 0004 -40.0 6.11138 12312
2017 1021 000B 0000 0000 0002 -53.5 5.35666 12317
2017 1021 000B 0000 0000 0001 -41.5 5.90889 12323
2017 1021 000B 0000 0000 0003 -43.0 2.46664 12328
2017 1021 000B 0000 0000 0004 -40.0 6.00093 12600
2017 1021 000B 0000 0000 0002 -51.5 5.48552 12605
2017 1021 000B 0000 0000 0001 -41.5 5.85367 12617
2017 1021 000B 0000 0000 0003 -44.5 2.23961 12637
2017 1021 000B 0000 0000 0003 -44.0 2.19052 12663
2017 1021 000B 0000 0000 0001 -40.5 5.82299 12668
2017 1021 000B 0000 0000 0004 -40.5 6.01320 12673
2017 1021 000B 0000 0000 0002 -52.0 2.15371 12684
2017 1021 000B 0000 0000 0001 -40.0 5.76777 12965
2017 1021 000B 0000 0000 0004 -41.5 5.86594 12970
2017 1021 000B 0000 0000 0003 -45.0 1.95736 12975
2017 1021 000B 0000 0000 0002 -49.5 5.28917 12979
2017 1021 000B 0000 0000 0005 -61.5 0.78540 12995
2017 1021 000B 0000 0000 0005 -60.5 4.02517 13033
2017 1021 000B 0000 0000 0002 -49.5 5.30144 13038
2017 1021 000B 0000 0000 0001 -40.5 5.70027 13049
2017 1021 000B 0000 0000 0003 -46.5 1.87146 13069
2017 1021 000B 0000 0000 0004 -42.5 5.82913 13088
2017 1021 000B 0000 0000 0001 -39.5 5.58369 13362
2017 1021 000B 0000 0000 0003 -47.5 1.61988 13366
2017 1021 000B 0000 0000 0004 -43.0 5.69414 13371
2017 1021 000B 0000 0000 0002 -48.5 5.17258 13376
2017 1021 000B 0000 0000 0005 -56.0 4.29515 13381
2017 1021 000B 0000 0000 0003 -48.0 1.50944 13400
2017 1021 000B 0000 0000 0004 -43.0 5.68186 13404
2017 1021 000B 0000 0000 0001 -39.5 5.57142 13409
2017 1021 000B 0000 0000 0005 -56.0 4.41173 13414
2017 1021 000B 0000 0000 0002 -49.0 5.23394 13418
2017 1021 000B 0000 0000 0003 -49.5 1.20264 13691
2017 1021 000B 0000 0000 0001 -39.5 5.45484 13695
2017 1021 000B 0000 0000 0002 -47.5 5.10509 13700
2017 1021 000B 0000 0000 0004 -44.5 5.52233 13705
2017 1021 000B 0000 0000 0005 -54.0 1.61375 13719
2017 1021 000B 0000 0000 0003 -49.0 1.17810 13758
2017 1021 000B 0000 0000 0004 -44.5 5.48552 13763
2017 1021 000B 0000 0000 0001 -39.5 5.41188 13768
2017 1021 000B 0000 0000 0002 -48.5 1.93895 13779
2017 1021 000B 0000 0000 0005 -50.5 5.24008 14091
2017 1021 000B 0000 0000 0002 -47.5 4.97623 14096
2017 1021 000B 0000 0000 0003 -53.5 0.49087 14100
2017 1021 000B 0000 0000 0001 -39.5 5.28917 14106
2017 1021 000B 0000 0000 0004 -45.0 5.22167 14111
2017 1021 000B 0000 0000 0001 -39.5 5.28917 14131
2017 1021 000B 0000 0000 0004 -45.5 5.22167 14136
2017 1021 000B 0000 0000 0003 -54.5 0.29452 14142
2017 1021 000B 0000 0000 0002 -47.5 5.04373 14147
2017 1021 000B 0000 0000 0005 -50.0 5.41188 14151
2017 1021 000B 0000 0000 0002 -47.5 4.97010 14423
2017 1021 000B 0000 0000 0001 -40.0 5.15418 14428
2017 1021 000B 0000 0000 0004 -46.5 4.94555 14433
2017 1021 000B 0000 0000 0003 -58.0 5.78004 14438
2017 1021 000B 0000 0000 0005 -49.5 5.84140 14449
2017 1021 000B 0000 0000 0005 -48.0 5.85981 14476
2017 1021 000B 0000 0000 0003 -58.0 5.64505 14481
2017 1021 000B 0000 0000 0001 -40.0 5.14804 14486
2017 1021 000B 0000 0000 0002 -47.5 4.89033 14491
2017 1021 000B 0000 0000 0004 -47.0 4.80443 14496
2017 1021 000B 0000 0000 0001 -41.0 5.03146 14769
2017 1021 000B 0000 0000 0005 -48.0 6.24023 14774
2017 1021 000B 0000 0000 0002 -48.0 4.83511 14778
2017 1021 000B 0000 0000 0004 -48.5 4.52218 14783
2017 1021 000B 0000 0000 0005 -48.0 6.25251 14805
2017 1021 000B 0000 0000 0001 -41.0 5.02532 14810
2017 1021 000B 0000 0000 0002 -48.5 4.81670 14815
2017 1021 000B 0000 0000 0004 -49.0 4.42400 14820
2017 1021 000B 0000 0000 0002 -49.0 4.66944 15095
2017 1021 000B 0000 0000 0004 -51.5 4.12334 15099
2017 1021 000B 0000 0000 0001 -42.0 4.90874 15104
2017 1021 000B 0000 0000 0005 -46.0 0.23317 15109
2017 1021 000B 0000 0000 0004 -52.0 3.93926 15128
2017 1021 000B 0000 0000 0005 -46.5 0.27612 15133
2017 1021 000B 0000 0000 0001 -42.5 4.92101 15138
2017 1021 000B 0000 0000 0002 -49.0 4.66944 15144
2017 1021 000B 0000 0000 0001 -43.5 4.75534 15421
2017 1021 000B 0000 0000 0004 -55.5 3.54043 15425
2017 1021 000B 0000 0000 0002 -50.5 4.50990 15430
2017 1021 000B 0000 0000 0005 -45.0 0.44179 15435
2017 1021 000B 0000 0000 0002 -50.5 4.42400 15453
2017 1021 000B 0000 0000 0005 -45.0 0.45406 15458
2017 1021 000B 0000 0000 0001 -43.5 4.71852 15462
2017 1021 000B 0000 0000 0004 -55.5 3.41157 15467
2017 1021 000B 0000 0000 0001 -44.5 4.54672 15742
2017 1021 000B 0000 0000 0004 -58.5 2.84707 15747
2017 1021 000B 0000 0000 0005 -45.0 0.53996 15752
2017 1021 000B 0000 0000 0002 -52.5 4.20924 15757
2017 1021 000B 0000 0000 0005 -45.0 0.56450 15779
2017 1021 000B 0000 0000 0001 -44.5 4.55899 15783
2017 1021 000B 0000 0000 0002 -52.5 4.04357 15789
2017 1021 000B 0000 0000 0004 -58.0 3.06183 15793
2017 1021 000B 0000 0000 0001 -45.0 4.28287 16069
2017 1021 000B 0000 0000 0005 -44.5 0.57064 16074
2017 1021 000B 0000 0000 0002 -54.0 3.49134 16079
2017 1021 000B 0000 0000 0002 -54.5 3.35021 16100
2017 1021 000B 0000 0000 0001 -45.0 4.28287 16105
2017 1021 000B 0000 0000 0005 -44.5 0.56450 16110
2017 1021 000B 0000 0000 0001 -46.5 3.96994 16385
2017 1021 000B 0000 0000 0002 -56.5 2.97592 16390
2017 1021 000B 0000 0000 0005 -44.5 0.58291 16395
2017 1021 000B 0000 0000 0001 -46.5 3.97608 16417
2017 1021 000B 0000 0000 0005 -44.5 0.54610 16422
2017 1021 000B 0000 0000 0002 -56.5 2.93297 16427
2017 1021 000B 0000 0000 0001 -46.5 3.57111 16702
2017 1021 000B 0000 0000 0005 -45.0 0.52155 16707
2017 1021 000B 0000 0000 0002 -57.5 2.40528 16711
2017 1021 000B 0000 0000 0001 -47.5 3.58338 16731
2017 1021 000B 0000 0000 0005 -44.5 0.55223 16735
2017 1021 000B 0000 0000 0002 -59.0 5.36893 16750
2017 1021 000B 0000 0000 0001 -48.0 3.17227 17027
2017 1021 000B 0000 0000 0005 -45.0 0.55223 17032
2017 1021 000B 0000 0000 0002 -61.0 1.66284 17047
2017 1021 000B 0000 0000 0005 -45.0 0.55837 17090
2017 1021 000B 0000 0000 0001 -48.5 3.08023 17096
2017 1021 000B 0000 0000 0002 -62.0 1.46649 17110
2017 1021 000B 0000 0000 0005 -46.0 0.52155 17402
2017 1021 000B 0000 0000 0001 -49.0 2.58322 17407
2017 1021 000B 0000 0000 0005 -46.0 0.60746 17427
2017 1021 000B 0000 0000 0001 -48.5 2.52186 17431
2017 1021 000B 0000 0000 0005 -47.0 0.62586 17710
2017 1021 000B 0000 0000 0001 -50.0 2.06167 17732
2017 1021 000B 0000 0000 0001 -48.5 2.01872 17757
2017 1021 000B 0000 0000 0005 -47.0 0.62586 17761
2017 1021 000B 0000 0000 0001 -51.0 1.44808 18034
2017 1021 000B 0000 0000 0005 -48.0 0.53383 18038
2017 1021 000B 0000 0000 0005 -48.0 0.57678 18058
2017 1021 000B 0000 0000 0001 -51.0 1.46649 18063
2017 1021 000B 0000 0000 0005 -48.5 0.63814 18335
2017 1021 000B 0000 0000 0001 -51.5 1.07992 18340
2017 1021 000B 0000 0000 0005 -48.5 0.51542 18360
2017 1021 000B 0000 0000 0001 -51.0 1.08606 18364
2017 1021 000B 0000 0000 0001 -52.5 0.44792 18637
2017 1021 000B 0000 0000 0005 -50.5 0.39270 18642
2017 1021 000B 0000 0000 0005 -50.5 0.22089 18661
2017 1021 000B 0000 0000 0001 -52.5 0.51542 18666
2017 1021 000B 0000 0000 0001 -54.0 0.08590 18939
2017 1021 000B 0000 0000 0005 -52.0 0.35588 18944
2017 1021 000B 0000 0000 0001 -53.5 0.00614 18963
2017 1021 000B 0000 0000 0005 -53.0 0.22703 18968
2017 1021 000B 0000 0000 0005 -55.5 6.18501 19241
2017 1021 000B 0000 0000 0001 -55.0 5.81072 19245
2017 1021 000B 0000 0000 0001 -54.5 5.84753 19268
2017 1021 000B 0000 0000 0005 -55.5 6.09911 19272
2017 1021 000B 0000 0000 0005 -58.0 5.65732 19548
2017 1021 000B 0000 0000 0001 -55.5 5.32598 19552
2017 1021 000B 0000 0000 0001 -55.5 5.27689 19572
2017 1021 000B 0000 0000 0005 -58.0 5.61437 19576
2017 1021 000B 0000 0000 0001 -56.5 4.86579 19862
2017 1021 000B 0000 0000 0005 -60.5 5.08668 19867
2017 1021 000B 0000 0000 0005 -60.5 5.11122 19887
2017 1021 000B 0000 0000 0001 -57.0 4.94555 19891
2017 1021 000B 0000 0000 0001 -58.0 4.51604 20164
2017 1021 000B 0000 0000 0001 -59.0 4.37491 20182
