2017 1021 000B 0000 0000 0001 -55.0 2.35619 0
2017 1021 000B 0000 0000 0002 -58.0 4.48536 21
2017 1021 000B 0000 0000 0001 -53.0 5.82299 56
2017 1021 000B 0000 0000 0001 -52.5 6.07456 426
2017 1021 000B 0000 0000 0002 -55.5 1.71806 458
2017 1021 000B 0000 0000 0001 -54.0 0.04909 502
2017 1021 000B 0000 0000 0002 -55.5 5.02532 521
2017 1021 000B 0000 0000 0001 -52.0 0.34975 816
2017 1021 000B 0000 0000 0001 -51.5 0.57064 889
2017 1021 000B 0000 0000 0002 -55.5 5.53460 924
2017 1021 000B 0000 0000 0001 -50.5 0.87744 1219
2017 1021 000B 0000 0000 0001 -52.0 4.24606 1261
2017 1021 000B 0000 0000 0001 -50.5 1.44808 1545
2017 1021 000B 0000 0000 0001 -50.5 4.45468 1595
2017 1021 000B 0000 0000 0001 -51.0 4.95783 1922
2017 1021 000B 0000 0000 0002 -57.5 0.83449 1943
2017 1021 000B 0000 0000 0001 -51.0 5.08054 1971
2017 1021 000B 0000 0000 0001 -50.0 5.52847 2268
2017 1021 000B 0000 0000 0001 -51.0 5.64505 2338
2017 1021 000B 0000 0000 0001 -49.5 5.97025 2659
2017 1021 000B 0000 0000 0001 -50.5 0.39270 2971
2017 1021 000B 0000 0000 0002 -56.0 6.03775 3006
2017 1021 000B 0000 0000 0001 -51.0 0.42951 3045
2017 1021 000B 0000 0000 0002 -56.5 5.98866 3064
2017 1021 000B 0000 0000 0001 -51.5 1.09833 3351
2017 1021 000B 0000 0000 0002 -55.5 0.57064 3370
2017 1021 000B 0000 0000 0001 -51.5 1.19037 3405
2017 1021 000B 0000 0000 0002 -56.5 3.74905 3426
2017 1021 000B 0000 0000 0002 -56.5 4.08652 3710
2017 1021 000B 0000 0000 0001 -51.0 1.63216 3728
2017 1021 000B 0000 0000 0001 -51.0 1.72419 3763
2017 1021 000B 0000 0000 0001 -50.5 5.52847 4071
2017 1021 000B 0000 0000 0002 -55.0 1.71806 4101
2017 1021 000B 0000 0000 0002 -55.0 5.01919 4143
2017 1021 000B 0000 0000 0001 -51.5 2.46664 4163
2017 1021 000B 0000 0000 0002 -53.5 2.71821 4454
2017 1021 000B 0000 0000 0001 -49.0 3.14159 4492
2017 1021 000B 0000 0000 0002 -53.5 5.59596 4508
2017 1021 000B 0000 0000 0001 -50.5 0.71177 4816
2017 1021 000B 0000 0000 0002 -55.0 6.25864 4846
2017 1021 000B 0000 0000 0002 -55.0 0.20862 4888
2017 1021 000B 0000 0000 0001 -51.5 0.82221 4909
2017 1021 000B 0000 0000 0001 -50.0 4.63876 5200
2017 1021 000B 0000 0000 0002 -54.0 0.71790 5232
2017 1021 000B 0000 0000 0001 -51.0 4.81670 5273
2017 1021 000B 0000 0000 0002 -55.0 0.74245 5296
2017 1021 000B 0000 0000 0002 -53.0 4.62035 5582
2017 1021 000B 0000 0000 0001 -51.0 5.69414 5614
2017 1021 000B 0000 0000 0001 -51.5 0.19021 5967
2017 1021 000B 0000 0000 0002 -54.5 2.29484 5979
2017 1021 000B 0000 0000 0002 -53.5 5.39961 6023
2017 1021 000B 0000 0000 0001 -51.0 0.69950 6054
2017 1021 000B 0000 0000 0001 -50.5 1.51557 6350
2017 1021 000B 0000 0000 0002 -53.0 0.17181 6371
2017 1021 000B 0000 0000 0001 -50.5 1.68124 6406
2017 1021 000B 0000 0000 0002 -52.0 0.35588 6437
2017 1021 000B 0000 0000 0002 -52.5 3.95153 6732
2017 1021 000B 0000 0000 0001 -50.0 5.82299 6753
2017 1021 000B 0000 0000 0002 -52.0 4.20311 6789
2017 1021 000B 0000 0000 0001 -49.5 6.04388 6808
2017 1021 000B 0000 0000 0001 -47.5 0.41111 7095
2017 1021 000B 0000 0000 0002 -51.5 1.78555 7130
2017 1021 000B 0000 0000 0001 -47.0 3.87177 7163
2017 1021 000B 0000 0000 0002 -52.0 4.98851 7179
2017 1021 000B 0000 0000 0001 -44.0 4.35037 7461
2017 1021 000B 0000 0000 0002 -52.0 5.71868 7471
2017 1021 000B 0000 0000 0001 -44.0 4.31355 7499
2017 1021 000B 0000 0000 0002 -50.0 5.94571 7518
2017 1021 000B 0000 0000 0001 -42.0 5.08054 7808
2017 1021 000B 0000 0000 0001 -43.0 5.03759 7832
2017 1021 000B 0000 0000 0002 -50.0 0.31907 7854
2017 1021 000B 0000 0000 0001 -40.0 5.44256 8146
2017 1021 000B 0000 0000 0002 -50.0 4.06198 8161
2017 1021 000B 0000 0000 0001 -41.5 5.64505 8202
2017 1021 000B 0000 0000 0002 -50.0 1.04924 8215
2017 1021 000B 0000 0000 0001 -40.0 5.80458 8494
2017 1021 000B 0000 0000 0002 -49.5 1.74874 8507
2017 1021 000B 0000 0000 0001 -39.0 5.84140 8534
2017 1021 000B 0000 0000 0002 -49.5 1.85305 8547
2017 1021 000B 0000 0000 0001 -37.5 6.15433 8826
2017 1021 000B 0000 0000 0002 -49.0 5.63891 8837
2017 1021 000B 0000 0000 0001 -37.5 6.19728 8899
2017 1021 000B 0000 0000 0002 -48.5 5.74936 8917
2017 1021 000B 0000 0000 0001 -35.5 0.22089 9206
2017 1021 000B 0000 0000 0002 -48.0 0.44792 9213
2017 1021 000B 0000 0000 0005 -58.5 1.93895 9224
2017 1021 000B 0000 0000 0001 -35.0 0.26998 9252
2017 1021 000B 0000 0000 0002 -46.5 0.24544 9257
2017 1021 000B 0000 0000 0001 -33.5 0.52769 9586
2017 1021 000B 0000 0000 0002 -47.5 0.91425 9602
2017 1021 000B 0000 0000 0002 -45.5 1.00016 9640
2017 1021 000B 0000 0000 0001 -33.5 0.60132 9645
2017 1021 000B 0000 0000 0002 -45.5 1.42967 9921
2017 1021 000B 0000 0000 0001 -32.5 0.82835 9926
2017 1021 000B 0000 0000 0004 -55.0 5.90276 9936
2017 1021 000B 0000 0000 0005 -55.5 0.01841 9957
2017 1021 000B 0000 0000 0002 -46.0 1.65056 9983
2017 1021 000B 0000 0000 0001 -32.0 0.85903 9988
2017 1021 000B 0000 0000 0005 -54.5 6.18501 10004
2017 1021 000B 0000 0000 0004 -56.0 5.88435 10035
2017 1021 000B 0000 0000 0001 -31.0 0.96334 10324
2017 1021 000B 0000 0000 0002 -45.0 5.20940 10337
2017 1021 000B 0000 0000 0005 -54.5 0.39270 10357
2017 1021 000B 0000 0000 0004 -54.0 6.25864 10376
2017 1021 000B 0000 0000 0001 -30.5 1.06151 10397
2017 1021 000B 0000 0000 0002 -44.5 5.24008 10408
2017 1021 000B 0000 0000 0005 -54.0 3.62633 10427
2017 1021 000B 0000 0000 0002 -43.0 2.46051 10707
2017 1021 000B 0000 0000 0001 -30.0 1.10447 10712
2017 1021 000B 0000 0000 0005 -53.5 4.16016 10723
2017 1021 000B 0000 0000 0004 -52.5 0.42338 10742
2017 1021 000B 0000 0000 0001 -30.0 1.17196 10770
2017 1021 000B 0000 0000 0002 -42.0 2.57095 10775
2017 1021 000B 0000 0000 0005 -52.5 1.12901 10794
2017 1021 000B 0000 0000 0004 -51.0 0.47247 10825
2017 1021 000B 0000 0000 0004 -49.5 0.90198 11114
2017 1021 000B 0000 0000 0001 -30.0 1.11060 11119
2017 1021 000B 0000 0000 0002 -41.5 2.77957 11123
2017 1021 000B 0000 0000 0005 -52.0 1.60148 11136
2017 1021 000B 0000 0000 0001 -30.0 1.08606 11162
2017 1021 000B 0000 0000 0002 -41.5 2.81639 11167
2017 1021 000B 0000 0000 0004 -47.5 0.76085 11175
2017 1021 000B 0000 0000 0001 -30.5 1.04924 11447
2017 1021 000B 0000 0000 0002 -41.5 2.94524 11452
2017 1021 000B 0000 0000 0004 -47.5 1.05538 11456
2017 1021 000B 0000 0000 0005 -51.5 5.36893 11471
2017 1021 000B 0000 0000 0001 -31.0 1.09219 11494
2017 1021 000B 0000 0000 0002 -41.0 2.83480 11499
2017 1021 000B 0000 0000 0004 -47.5 1.44808 11503
2017 1021 000B 0000 0000 0005 -51.0 5.41802 11521
2017 1021 000B 0000 0000 0002 -41.5 3.25204 11817
2017 1021 000B 0000 0000 0001 -32.0 0.95720 11822
2017 1021 000B 0000 0000 0005 -50.0 6.05002 11839
2017 1021 000B 0000 0000 0004 -47.5 1.45421 11870
2017 1021 000B 0000 0000 0001 -32.5 0.83449 11905
2017 1021 000B 0000 0000 0002 -40.5 3.10478 11910
2017 1021 000B 0000 0000 0004 -46.5 1.51557 11915
2017 1021 000B 0000 0000 0005 -50.5 6.03161 11927
2017 1021 000B 0000 0000 0005 -49.0 3.38089 12207
2017 1021 000B 0000 0000 0001 -33.5 0.65041 12211
2017 1021 000B 0000 0000 0002 -42.5 3.40544 12216
2017 1021 000B 0000 0000 0004 -46.0 1.68124 12230
2017 1021 000B 0000 0000 0001 -34.0 0.53383 12270
2017 1021 000B 0000 0000 0004 -45.5 1.70579 12275
2017 1021 000B 0000 0000 0002 -41.5 3.33794 12282
2017 1021 000B 0000 0000 0005 -49.5 0.34361 12298
2017 1021 000B 0000 0000 0002 -41.0 3.08023 12576
2017 1021 000B 0000 0000 0001 -35.5 0.30066 12581
2017 1021 000B 0000 0000 0005 -46.5 3.67542 12585
2017 1021 000B 0000 0000 0004 -44.0 1.67511 12590
2017 1021 000B 0000 0000 0002 -43.5 2.98819 12609
2017 1021 000B 0000 0000 0001 -36.0 0.29452 12614
2017 1021 000B 0000 0000 0004 -44.5 1.64443 12619
2017 1021 000B 0000 0000 0005 -47.5 4.15402 12624
2017 1021 000B 0000 0000 0001 -37.5 0.07977 12900
2017 1021 000B 0000 0000 0002 -44.0 3.18454 12906
2017 1021 000B 0000 0000 0004 -44.0 1.44808 12911
2017 1021 000B 0000 0000 0005 -47.0 4.17856 12916
2017 1021 000B 0000 0000 0005 -46.5 3.77359 12938
2017 1021 000B 0000 0000 0001 -37.5 6.27091 12943
2017 1021 000B 0000 0000 0004 -43.0 1.56466 12948
2017 1021 000B 0000 0000 0002 -44.0 3.54043 12952
2017 1021 000B 0000 0000 0004 -43.0 1.37445 13224
2017 1021 000B 0000 0000 0001 -38.5 5.99480 13229
2017 1021 000B 0000 0000 0005 -46.0 4.16016 13234
2017 1021 000B 0000 0000 0002 -44.0 2.79798 13242
2017 1021 000B 0000 0000 0001 -39.0 5.85367 13262
2017 1021 000B 0000 0000 0004 -42.0 1.36217 13267
2017 1021 000B 0000 0000 0005 -47.5 0.91425 13281
2017 1021 000B 0000 0000 0002 -46.5 5.89049 13313
2017 1021 000B 0000 0000 0001 -40.0 5.65732 13602
2017 1021 000B 0000 0000 0005 -45.0 4.26447 13607
2017 1021 000B 0000 0000 0004 -40.0 1.21491 13613
2017 1021 000B 0000 0000 0002 -48.0 5.55915 13626
2017 1021 000B 0000 0000 0003 -56.0 6.06229 13646
2017 1021 000B 0000 0000 0001 -40.0 5.46097 13674
2017 1021 000B 0000 0000 0005 -44.0 4.17856 13680
2017 1021 000B 0000 0000 0004 -40.0 1.36217 13685
2017 1021 000B 0000 0000 0004 -41.5 1.30695 14003
2017 1021 000B 0000 0000 0001 -42.5 4.99464 14008
2017 1021 000B 0000 0000 0003 -55.0 0.42951 14024
2017 1021 000B 0000 0000 0005 -47.0 1.21491 14043
2017 1021 000B 0000 0000 0002 -50.0 5.05600 14062
2017 1021 000B 0000 0000 0001 -41.5 4.85965 14084
2017 1021 000B 0000 0000 0004 -41.0 0.99402 14089
2017 1021 000B 0000 0000 0005 -46.0 4.45468 14094
2017 1021 000B 0000 0000 0003 -54.5 0.26998 14106
2017 1021 000B 0000 0000 0001 -42.5 4.43014 14394
2017 1021 000B 0000 0000 0004 -41.0 1.15355 14400
2017 1021 000B 0000 0000 0005 -46.5 1.05538 14417
2017 1021 000B 0000 0000 0003 -52.0 0.65654 14449
2017 1021 000B 0000 0000 0002 -51.0 0.97561 14478
2017 1021 000B 0000 0000 0001 -42.5 4.22152 14506
2017 1021 000B 0000 0000 0004 -42.5 0.78540 14511
2017 1021 000B 0000 0000 0003 -52.0 0.82221 14524
2017 1021 000B 0000 0000 0005 -47.0 0.98788 14543
2017 1021 000B 0000 0000 0004 -43.0 0.85289 14822
2017 1021 000B 0000 0000 0005 -46.0 4.09266 14827
2017 1021 000B 0000 0000 0003 -50.0 1.15969 14855
2017 1021 000B 0000 0000 0001 -44.5 3.56497 14925
2017 1021 000B 0000 0000 0004 -42.5 0.85289 14930
2017 1021 000B 0000 0000 0005 -45.5 3.99449 14935
2017 1021 000B 0000 0000 0003 -50.5 1.23946 14956
2017 1021 000B 0000 0000 0001 -42.5 2.91456 15250
2017 1021 000B 0000 0000 0004 -45.0 0.58291 15265
2017 1021 000B 0000 0000 0003 -49.5 1.46649 15294
2017 1021 000B 0000 0000 0005 -48.5 0.73017 15327
2017 1021 000B 0000 0000 0004 -45.5 0.11658 15361
2017 1021 000B 0000 0000 0001 -46.0 5.85981 15377
2017 1021 000B 0000 0000 0003 -49.0 1.40513 15410
2017 1021 000B 0000 0000 0001 -47.5 5.40575 15705
2017 1021 000B 0000 0000 0004 -47.0 0.35588 15726
2017 1021 000B 0000 0000 0003 -50.0 4.66330 15751
2017 1021 000B 0000 0000 0001 -47.0 2.04940 15793
2017 1021 000B 0000 0000 0004 -47.0 0.22703 15822
2017 1021 000B 0000 0000 0003 -49.0 1.64443 16121
2017 1021 000B 0000 0000 0005 -51.0 6.03161 16152
2017 1021 000B 0000 0000 0004 -47.5 6.16047 16181
2017 1021 000B 0000 0000 0003 -49.5 4.70625 16216
2017 1021 000B 0000 0000 0005 -52.0 5.82299 16237
2017 1021 000B 0000 0000 0004 -49.5 5.55915 16540
2017 1021 000B 0000 0000 0004 -49.0 5.60823 16587
2017 1021 000B 0000 0000 0004 -50.0 2.06781 16879
2017 1021 000B 0000 0000 0003 -50.5 4.36878 16898
2017 1021 000B 0000 0000 0005 -55.0 1.28854 16917
2017 1021 000B 0000 0000 0004 -49.0 5.04986 16949
2017 1021 000B 0000 0000 0003 -51.5 1.12901 16979
2017 1021 000B 0000 0000 0004 -50.5 1.47262 17274
2017 1021 000B 0000 0000 0001 -52.5 5.24008 17293
2017 1021 000B 0000 0000 0003 -55.0 3.89018 17312
2017 1021 000B 0000 0000 0004 -51.0 1.28241 17340
2017 1021 000B 0000 0000 0001 -53.0 5.18486 17359
2017 1021 000B 0000 0000 0001 -54.5 4.27674 17648
2017 1021 000B 0000 0000 0004 -51.5 0.79153 17667
2017 1021 000B 0000 0000 0001 -54.5 4.07425 17708
2017 1021 000B 0000 0000 0004 -52.5 5.87208 18297
2017 1021 000B 0000 0000 0004 -54.0 5.98253 18343
