2017 1021 000B 0000 0000 0005 -52.5 0.20249 0
2017 1021 000B 0000 0000 0004 -51.5 4.56513 35
2017 1021 000B 0000 0000 0005 -52.0 0.46019 125
2017 1021 000B 0000 0000 0004 -51.5 4.80443 155
2017 1021 000B 0000 0000 0004 -51.5 5.11122 442
2017 1021 000B 0000 0000 0005 -53.0 1.15969 453
2017 1021 000B 0000 0000 0003 -58.0 5.17872 472
2017 1021 000B 0000 0000 0005 -51.5 1.32536 516
2017 1021 000B 0000 0000 0004 -51.5 5.74322 545
2017 1021 000B 0000 0000 0004 -50.0 0.30066 839
2017 1021 000B 0000 0000 0003 -57.5 5.77390 851
2017 1021 000B 0000 0000 0005 -52.5 5.07441 870
2017 1021 000B 0000 0000 0004 -52.5 0.44179 904
2017 1021 000B 0000 0000 0005 -53.0 2.07394 923
2017 1021 000B 0000 0000 0003 -56.0 5.77390 946
2017 1021 000B 0000 0000 0004 -51.5 1.44808 1235
2017 1021 000B 0000 0000 0005 -52.0 6.17887 1264
2017 1021 000B 0000 0000 0003 -55.0 0.00614 1296
2017 1021 000B 0000 0000 0004 -49.5 1.79169 1336
2017 1021 000B 0000 0000 0005 -52.0 0.01227 1365
2017 1021 000B 0000 0000 0004 -50.0 5.76163 1662
2017 1021 000B 0000 0000 0005 -52.5 4.05585 1684
2017 1021 000B 0000 0000 0003 -55.0 0.42951 1703
2017 1021 000B 0000 0000 0004 -50.0 6.06229 1732
2017 1021 000B 0000 0000 0005 -52.5 4.19084 1751
2017 1021 000B 0000 0000 0004 -47.5 3.68155 2030
2017 1021 000B 0000 0000 0005 -52.0 4.86579 2042
2017 1021 000B 0000 0000 0003 -55.0 1.06151 2063
2017 1021 000B 0000 0000 0004 -47.0 3.69996 2089
2017 1021 000B 0000 0000 0005 -51.5 5.01919 2102
2017 1021 000B 0000 0000 0003 -56.0 1.09833 2123
2017 1021 000B 0000 0000 0004 -43.5 4.60808 2401
2017 1021 000B 0000 0000 0005 -47.0 2.44823 2406
2017 1021 000B 0000 0000 0004 -45.5 4.25219 2453
2017 1021 000B 0000 0000 0005 -50.5 5.93344 2471
2017 1021 000B 0000 0000 0004 -43.5 5.00078 2759
2017 1021 000B 0000 0000 0005 -49.0 3.42998 2764
2017 1021 000B 0000 0000 0004 -43.5 5.04373 2818
2017 1021 000B 0000 0000 0005 -48.0 3.54043 2823
2017 1021 000B 0000 0000 0004 -41.0 5.45484 3098
2017 1021 000B 0000 0000 0005 -48.5 1.30082 3109
2017 1021 000B 0000 0000 0003 -57.0 2.64458 3129
2017 1021 000B 0000 0000 0004 -42.5 5.58983 3156
2017 1021 000B 0000 0000 0005 -48.0 4.58967 3170
2017 1021 000B 0000 0000 0005 -46.5 5.14190 3499
2017 1021 000B 0000 0000 0004 -40.0 5.87208 3503
2017 1021 000B 0000 0000 0004 -40.5 6.16660 3527
2017 1021 000B 0000 0000 0005 -48.0 5.32598 3550
2017 1021 000B 0000 0000 0004 -39.0 6.20955 3834
2017 1021 000B 0000 0000 0005 -46.0 6.10524 3839
2017 1021 000B 0000 0000 0004 -38.5 6.17274 3861
2017 1021 000B 0000 0000 0005 -45.0 6.05002 3866
2017 1021 000B 0000 0000 0004 -37.0 0.09204 4142
2017 1021 000B 0000 0000 0005 -45.0 0.44792 4147
2017 1021 000B 0000 0000 0004 -36.5 0.28225 4166
2017 1021 000B 0000 0000 0005 -44.5 0.39884 4171
2017 1021 000B 0000 0000 0005 -43.5 0.58905 4446
2017 1021 000B 0000 0000 0004 -35.0 0.50315 4451
2017 1021 000B 0000 0000 0002 -57.0 5.41802 4465
2017 1021 000B 0000 0000 0005 -44.0 0.88971 4489
2017 1021 000B 0000 0000 0004 -35.0 0.42338 4494
2017 1021 000B 0000 0000 0002 -55.0 5.28303 4517
2017 1021 000B 0000 0000 0005 -43.5 0.82835 4801
2017 1021 000B 0000 0000 0004 -34.0 0.70563 4806
2017 1021 000B 0000 0000 0002 -54.0 5.68800 4824
2017 1021 000B 0000 0000 0004 -34.0 0.74245 4860
2017 1021 000B 0000 0000 0005 -42.5 1.50944 4866
2017 1021 000B 0000 0000 0002 -54.0 5.76777 4876
2017 1021 000B 0000 0000 0004 -32.5 0.93266 5158
2017 1021 000B 0000 0000 0005 -40.0 1.92054 5162
2017 1021 000B 0000 0000 0002 -53.0 6.18501 5184
2017 1021 000B 0000 0000 0004 -32.5 1.00016 5216
2017 1021 000B 0000 0000 0005 -41.0 2.03099 5221
2017 1021 000B 0000 0000 0002 -52.5 0.01227 5237
2017 1021 000B 0000 0000 0005 -40.5 2.23348 5528
2017 1021 000B 0000 0000 0004 -31.5 1.04311 5532
2017 1021 000B 0000 0000 0002 -52.0 0.58905 5547
2017 1021 000B 0000 0000 0003 -54.5 0.58291 5576
2017 1021 000B 0000 0000 0005 -40.0 2.42369 5634
2017 1021 000B 0000 0000 0004 -31.5 1.07992 5639
2017 1021 000B 0000 0000 0002 -51.5 0.69950 5653
2017 1021 000B 0000 0000 0003 -55.5 0.69336 5683
2017 1021 000B 0000 0000 0004 -31.5 1.11060 5974
2017 1021 000B 0000 0000 0005 -37.5 2.64458 5979
2017 1021 000B 0000 0000 0002 -50.5 4.39332 5990
2017 1021 000B 0000 0000 0003 -54.0 4.88419 6009
2017 1021 000B 0000 0000 0005 -36.5 2.93297 6328
2017 1021 000B 0000 0000 0003 -50.5 5.76163 6332
2017 1021 000B 0000 0000 0004 -32.0 1.06765 6337
2017 1021 000B 0000 0000 0002 -46.0 1.54625 6342
2017 1021 000B 0000 0000 0001 -57.5 0.55837 6353
2017 1021 000B 0000 0000 0005 -36.0 2.92684 6382
2017 1021 000B 0000 0000 0004 -32.0 1.06765 6386
2017 1021 000B 0000 0000 0003 -50.5 5.65732 6402
2017 1021 000B 0000 0000 0002 -48.5 1.74260 6433
2017 1021 000B 0000 0000 0001 -55.5 0.72404 6463
2017 1021 000B 0000 0000 0004 -33.0 0.82221 6744
2017 1021 000B 0000 0000 0005 -36.0 3.14773 6749
2017 1021 000B 0000 0000 0002 -47.5 2.06167 6764
2017 1021 000B 0000 0000 0003 -47.5 0.03682 6794
2017 1021 000B 0000 0000 0005 -35.5 3.16614 6857
2017 1021 000B 0000 0000 0004 -33.5 0.84676 6861
2017 1021 000B 0000 0000 0002 -47.0 2.19666 6867
2017 1021 000B 0000 0000 0003 -44.5 0.00000 6872
2017 1021 000B 0000 0000 0005 -35.5 3.22750 7144
2017 1021 000B 0000 0000 0004 -34.5 0.61359 7149
2017 1021 000B 0000 0000 0003 -44.5 0.28225 7154
2017 1021 000B 0000 0000 0002 -46.0 5.47324 7164
2017 1021 000B 0000 0000 0001 -58.0 2.18439 7203
2017 1021 000B 0000 0000 0003 -44.5 0.41724 7224
2017 1021 000B 0000 0000 0002 -45.5 2.36847 7229
2017 1021 000B 0000 0000 0005 -36.5 0.11045 7245
2017 1021 000B 0000 0000 0004 -36.0 0.47247 7276
2017 1021 000B 0000 0000 0004 -35.5 0.31907 7563
2017 1021 000B 0000 0000 0005 -36.5 3.24590 7568
2017 1021 000B 0000 0000 0002 -44.0 2.41142 7572
2017 1021 000B 0000 0000 0003 -43.0 0.37429 7577
2017 1021 000B 0000 0000 0001 -58.0 0.23317 7598
2017 1021 000B 0000 0000 0002 -44.5 2.53414 7623
2017 1021 000B 0000 0000 0004 -36.5 0.10431 7627
2017 1021 000B 0000 0000 0005 -37.0 3.22136 7632
2017 1021 000B 0000 0000 0003 -43.5 0.57064 7637
2017 1021 000B 0000 0000 0001 -57.5 3.32567 7648
2017 1021 000B 0000 0000 0005 -37.5 3.11705 7940
2017 1021 000B 0000 0000 0004 -38.5 6.19115 7952
2017 1021 000B 0000 0000 0002 -44.0 5.66959 7971
2017 1021 000B 0000 0000 0001 -57.0 4.19084 7990
2017 1021 000B 0000 0000 0002 -43.5 2.60777 8012
2017 1021 000B 0000 0000 0005 -37.5 3.09864 8017
2017 1021 000B 0000 0000 0004 -39.0 6.14819 8021
2017 1021 000B 0000 0000 0003 -40.5 0.79767 8297
2017 1021 000B 0000 0000 0002 -42.0 2.53414 8302
2017 1021 000B 0000 0000 0004 -39.0 5.93957 8307
2017 1021 000B 0000 0000 0005 -40.5 3.11091 8311
2017 1021 000B 0000 0000 0001 -54.5 4.89033 8322
2017 1021 000B 0000 0000 0004 -40.0 5.84140 8351
2017 1021 000B 0000 0000 0005 -39.0 3.06796 8355
2017 1021 000B 0000 0000 0002 -42.5 2.49118 8360
2017 1021 000B 0000 0000 0003 -40.5 1.00629 8366
2017 1021 000B 0000 0000 0001 -55.0 4.95783 8380
2017 1021 000B 0000 0000 0004 -41.0 5.48552 8660
2017 1021 000B 0000 0000 0003 -39.5 0.94493 8664
2017 1021 000B 0000 0000 0001 -53.0 5.66346 8681
2017 1021 000B 0000 0000 0005 -42.0 6.05616 8703
2017 1021 000B 0000 0000 0002 -43.0 5.58369 8722
2017 1021 000B 0000 0000 0003 -40.0 0.52769 8743
2017 1021 000B 0000 0000 0004 -39.5 5.33825 8748
2017 1021 000B 0000 0000 0005 -41.0 2.85934 8752
2017 1021 000B 0000 0000 0001 -53.0 5.71868 8763
2017 1021 000B 0000 0000 0003 -40.0 0.61973 9043
2017 1021 000B 0000 0000 0004 -40.5 4.96396 9048
2017 1021 000B 0000 0000 0002 -41.0 2.33779 9053
2017 1021 000B 0000 0000 0005 -42.5 2.68140 9057
2017 1021 000B 0000 0000 0001 -52.0 0.04295 9070
2017 1021 000B 0000 0000 0003 -40.0 0.87130 9097
2017 1021 000B 0000 0000 0004 -41.0 4.84738 9104
2017 1021 000B 0000 0000 0005 -44.0 5.77390 9121
2017 1021 000B 0000 0000 0002 -43.0 5.45484 9154
2017 1021 000B 0000 0000 0001 -51.0 0.21476 9184
2017 1021 000B 0000 0000 0003 -40.5 0.80994 9472
2017 1021 000B 0000 0000 0004 -43.5 4.26447 9482
2017 1021 000B 0000 0000 0002 -43.0 1.95122 9487
2017 1021 000B 0000 0000 0001 -48.0 0.78540 9492
2017 1021 000B 0000 0000 0003 -40.5 0.83449 9518
2017 1021 000B 0000 0000 0004 -43.5 4.29515 9523
2017 1021 000B 0000 0000 0002 -41.0 2.04940 9528
2017 1021 000B 0000 0000 0001 -45.0 0.90812 9534
2017 1021 000B 0000 0000 0005 -44.0 2.09849 9538
2017 1021 000B 0000 0000 0005 -45.0 1.84691 9811
2017 1021 000B 0000 0000 0004 -44.0 3.81041 9816
2017 1021 000B 0000 0000 0003 -41.5 0.89584 9821
2017 1021 000B 0000 0000 0004 -45.0 3.48520 9842
2017 1021 000B 0000 0000 0003 -40.5 0.82221 9847
2017 1021 000B 0000 0000 0002 -43.5 2.01872 9855
2017 1021 000B 0000 0000 0001 -48.5 1.23946 9874
2017 1021 000B 0000 0000 0005 -47.0 4.85352 9893
2017 1021 000B 0000 0000 0004 -43.5 3.28272 9921
2017 1021 000B 0000 0000 0003 -41.0 0.71790 9926
2017 1021 000B 0000 0000 0002 -45.0 1.86532 9950
2017 1021 000B 0000 0000 0005 -46.5 4.73693 9979
2017 1021 000B 0000 0000 0001 -47.5 1.16583 10009
2017 1021 000B 0000 0000 0003 -41.5 0.63814 10291
2017 1021 000B 0000 0000 0001 -47.0 4.85352 10323
2017 1021 000B 0000 0000 0005 -49.5 4.17856 10342
2017 1021 000B 0000 0000 0003 -41.5 0.55223 10373
2017 1021 000B 0000 0000 0001 -47.0 4.84738 10396
2017 1021 000B 0000 0000 0004 -47.5 5.96412 10415
2017 1021 000B 0000 0000 0005 -50.0 3.93926 10434
2017 1021 000B 0000 0000 0001 -46.0 5.06214 10718
2017 1021 000B 0000 0000 0004 -48.0 2.19666 10737
2017 1021 000B 0000 0000 0003 -46.0 0.41724 10758
2017 1021 000B 0000 0000 0004 -48.0 5.30757 10790
2017 1021 000B 0000 0000 0001 -46.5 1.96963 10808
2017 1021 000B 0000 0000 0003 -46.5 0.26998 11084
2017 1021 000B 0000 0000 0002 -47.0 0.98788 11091
2017 1021 000B 0000 0000 0004 -48.0 1.90827 11095
2017 1021 000B 0000 0000 0001 -46.0 5.20326 11108
2017 1021 000B 0000 0000 0003 -44.5 0.28839 11172
2017 1021 000B 0000 0000 0002 -47.0 0.82221 11178
2017 1021 000B 0000 0000 0001 -45.5 2.05553 11194
2017 1021 000B 0000 0000 0004 -49.0 1.33150 11225
2017 1021 000B 0000 0000 0001 -45.5 5.33212 11520
2017 1021 000B 0000 0000 0004 -50.5 0.75472 11541
2017 1021 000B 0000 0000 0002 -50.0 0.31293 11561
2017 1021 000B 0000 0000 0001 -42.5 2.14144 11586
2017 1021 000B 0000 0000 0004 -49.5 0.49087 11604
2017 1021 000B 0000 0000 0003 -49.5 5.84753 11635
2017 1021 000B 0000 0000 0003 -51.0 5.17258 11961
2017 1021 000B 0000 0000 0004 -51.5 6.04388 11980
2017 1021 000B 0000 0000 0001 -46.5 2.19666 12015
2017 1021 000B 0000 0000 0003 -50.0 5.31371 12045
2017 1021 000B 0000 0000 0001 -48.0 2.08621 12341
2017 1021 000B 0000 0000 0002 -51.0 5.19713 12359
2017 1021 000B 0000 0000 0003 -52.0 4.12948 12381
2017 1021 000B 0000 0000 0001 -47.5 2.20280 12415
2017 1021 000B 0000 0000 0002 -49.5 5.24008 12445
2017 1021 000B 0000 0000 0001 -50.0 5.14804 12740
2017 1021 000B 0000 0000 0003 -54.0 3.44839 12759
2017 1021 000B 0000 0000 0002 -52.0 1.38672 12778
2017 1021 000B 0000 0000 0001 -49.5 2.04940 12811
2017 1021 000B 0000 0000 0003 -52.5 0.14113 12846
2017 1021 000B 0000 0000 0001 -53.0 5.03146 13137
2017 1021 000B 0000 0000 0004 -56.5 0.22703 13164
2017 1021 000B 0000 0000 0002 -54.5 0.49087 13183
2017 1021 000B 0000 0000 0001 -51.5 1.74874 13236
