2017 1021 000B 0000 0000 0004 -54.5 5.80765 0
2017 1021 000B 0000 0000 0001 -61.5 3.42998 6
2017 1021 000B 0000 0000 0005 -59.0 1.05538 20
2017 1021 000B 0000 0000 0004 -53.5 5.89049 45
2017 1021 000B 0000 0000 0005 -59.0 4.24606 49
2017 1021 000B 0000 0000 0001 -60.5 0.35588 54
2017 1021 000B 0000 0000 0004 -54.0 0.01227 326
2017 1021 000B 0000 0000 0001 -61.5 0.62586 331
2017 1021 000B 0000 0000 0005 -57.0 4.68171 336
2017 1021 000B 0000 0000 0001 -61.5 0.61973 354
2017 1021 000B 0000 0000 0004 -53.5 0.04909 359
2017 1021 000B 0000 0000 0005 -57.5 4.73693 364
2017 1021 000B 0000 0000 0001 -60.5 1.03084 636
2017 1021 000B 0000 0000 0004 -52.5 0.46633 641
2017 1021 000B 0000 0000 0005 -55.5 5.10509 646
2017 1021 000B 0000 0000 0005 -55.5 5.06827 664
2017 1021 000B 0000 0000 0004 -52.5 0.47860 669
2017 1021 000B 0000 0000 0001 -60.0 1.11674 674
2017 1021 000B 0000 0000 0001 -61.0 1.40513 946
2017 1021 000B 0000 0000 0005 -54.5 5.55915 951
2017 1021 000B 0000 0000 0004 -51.5 0.90812 955
2017 1021 000B 0000 0000 0001 -61.0 1.49717 978
2017 1021 000B 0000 0000 0004 -52.0 0.93880 984
2017 1021 000B 0000 0000 0005 -55.0 5.57142 989
2017 1021 000B 0000 0000 0001 -61.5 1.88373 1265
2017 1021 000B 0000 0000 0004 -51.5 1.26400 1270
2017 1021 000B 0000 0000 0005 -54.5 2.75503 1283
2017 1021 000B 0000 0000 0005 -54.0 6.00093 1308
2017 1021 000B 0000 0000 0004 -51.5 1.31309 1312
2017 1021 000B 0000 0000 0001 -61.5 1.79783 1317
2017 1021 000B 0000 0000 0005 -53.5 6.25251 1589
2017 1021 000B 0000 0000 0004 -51.5 1.67511 1594
2017 1021 000B 0000 0000 0001 -63.0 2.68753 1599
2017 1021 000B 0000 0000 0004 -51.5 1.66897 1619
2017 1021 000B 0000 0000 0005 -53.5 0.07363 1623
2017 1021 000B 0000 0000 0001 -62.5 2.66913 1629
2017 1021 000B 0000 0000 0004 -51.0 1.99418 1901
2017 1021 000B 0000 0000 0005 -52.0 0.36202 1906
2017 1021 000B 0000 0000 0001 -61.5 2.94524 1911
2017 1021 000B 0000 0000 0005 -52.5 0.39270 1933
2017 1021 000B 0000 0000 0004 -51.0 2.05553 1938
2017 1021 000B 0000 0000 0004 -51.5 2.42983 2214
2017 1021 000B 0000 0000 0005 -51.5 0.75472 2220
2017 1021 000B 0000 0000 0001 -63.0 3.52816 2224
2017 1021 000B 0000 0000 0004 -52.0 5.64505 2250
2017 1021 000B 0000 0000 0001 -63.5 3.68769 2271
2017 1021 000B 0000 0000 0005 -52.5 0.80381 2291
2017 1021 000B 0000 0000 0001 -61.5 4.25833 2565
2017 1021 000B 0000 0000 0004 -51.5 2.95751 2570
2017 1021 000B 0000 0000 0005 -51.0 1.10447 2574
2017 1021 000B 0000 0000 0005 -51.5 1.15969 2594
2017 1021 000B 0000 0000 0004 -51.5 3.01887 2599
2017 1021 000B 0000 0000 0001 -62.5 4.35037 2604
2017 1021 000B 0000 0000 0004 -51.5 3.51588 2875
2017 1021 000B 0000 0000 0005 -51.5 1.49717 2880
2017 1021 000B 0000 0000 0001 -61.5 4.94555 2885
2017 1021 000B 0000 0000 0004 -51.5 3.47293 2907
2017 1021 000B 0000 0000 0001 -60.5 4.87192 2912
2017 1021 000B 0000 0000 0005 -51.5 1.56466 2917
2017 1021 000B 0000 0000 0005 -51.0 1.87759 3192
2017 1021 000B 0000 0000 0004 -52.0 4.00676 3197
2017 1021 000B 0000 0000 0001 -61.5 5.20940 3212
2017 1021 000B 0000 0000 0004 -51.5 4.05585 3235
2017 1021 000B 0000 0000 0005 -51.0 1.94509 3240
2017 1021 000B 0000 0000 0001 -60.5 5.36893 3245
2017 1021 000B 0000 0000 0004 -52.0 4.46695 3517
2017 1021 000B 0000 0000 0005 -52.0 2.36847 3522
2017 1021 000B 0000 0000 0001 -60.5 5.74322 3527
2017 1021 000B 0000 0000 0005 -52.0 2.44210 3549
2017 1021 000B 0000 0000 0004 -51.5 4.56513 3553
2017 1021 000B 0000 0000 0001 -60.0 5.80458 3559
2017 1021 000B 0000 0000 0005 -52.5 2.87161 3830
2017 1021 000B 0000 0000 0004 -52.5 5.04373 3835
2017 1021 000B 0000 0000 0001 -60.0 6.10524 3840
2017 1021 000B 0000 0000 0004 -52.5 5.05600 3862
2017 1021 000B 0000 0000 0005 -52.5 3.03115 3867
2017 1021 000B 0000 0000 0001 -60.0 6.09911 3872
2017 1021 000B 0000 0000 0005 -52.5 3.50975 4146
2017 1021 000B 0000 0000 0001 -60.5 0.06136 4151
2017 1021 000B 0000 0000 0004 -53.5 5.55301 4156
2017 1021 000B 0000 0000 0001 -60.5 0.04295 4179
2017 1021 000B 0000 0000 0005 -52.5 3.57724 4184
2017 1021 000B 0000 0000 0004 -53.5 5.62051 4188
2017 1021 000B 0000 0000 0004 -54.0 6.12979 4460
2017 1021 000B 0000 0000 0005 -52.5 4.20311 4465
2017 1021 000B 0000 0000 0001 -60.0 0.14113 4471
2017 1021 000B 0000 0000 0005 -52.5 4.19084 4494
2017 1021 000B 0000 0000 0004 -54.5 6.11752 4499
2017 1021 000B 0000 0000 0001 -60.5 0.23317 4504
2017 1021 000B 0000 0000 0005 -52.5 4.74307 4776
2017 1021 000B 0000 0000 0004 -54.0 0.50315 4781
2017 1021 000B 0000 0000 0001 -62.0 0.68109 4795
2017 1021 000B 0000 0000 0003 -62.0 1.60761 4831
2017 1021 000B 0000 0000 0004 -54.5 0.68109 4863
2017 1021 000B 0000 0000 0005 -52.0 4.90874 4867
2017 1021 000B 0000 0000 0003 -61.5 1.65056 4872
2017 1021 000B 0000 0000 0001 -61.0 0.65654 4877
2017 1021 000B 0000 0000 0003 -60.5 1.82851 5152
2017 1021 000B 0000 0000 0005 -52.0 5.43643 5157
2017 1021 000B 0000 0000 0004 -54.0 1.37445 5161
2017 1021 000B 0000 0000 0001 -62.5 0.80381 5166
2017 1021 000B 0000 0000 0003 -60.5 1.71806 5188
2017 1021 000B 0000 0000 0001 -61.0 0.90198 5193
2017 1021 000B 0000 0000 0005 -52.5 5.50392 5198
2017 1021 000B 0000 0000 0004 -54.5 1.42967 5203
2017 1021 000B 0000 0000 0004 -54.0 2.11076 5478
2017 1021 000B 0000 0000 0003 -60.5 2.05553 5483
2017 1021 000B 0000 0000 0005 -52.0 6.00093 5487
2017 1021 000B 0000 0000 0005 -51.5 6.04388 5513
2017 1021 000B 0000 0000 0004 -54.5 2.14757 5517
2017 1021 000B 0000 0000 0003 -61.0 2.00645 5531
2017 1021 000B 0000 0000 0005 -51.0 0.34975 5824
2017 1021 000B 0000 0000 0002 -57.5 2.12303 5829
2017 1021 000B 0000 0000 0003 -60.5 2.06167 5834
2017 1021 000B 0000 0000 0004 -54.0 3.00047 5838
2017 1021 000B 0000 0000 0003 -60.5 2.12917 5861
2017 1021 000B 0000 0000 0002 -57.5 2.25188 5867
2017 1021 000B 0000 0000 0004 -54.5 3.15386 5872
2017 1021 000B 0000 0000 0005 -51.0 0.41111 5877
2017 1021 000B 0000 0000 0005 -51.0 0.98788 6152
2017 1021 000B 0000 0000 0002 -57.5 2.39915 6157
2017 1021 000B 0000 0000 0004 -53.0 3.93313 6162
2017 1021 000B 0000 0000 0003 -60.0 2.28256 6167
2017 1021 000B 0000 0000 0003 -59.5 2.25188 6189
2017 1021 000B 0000 0000 0002 -57.0 2.38687 6194
2017 1021 000B 0000 0000 0004 -53.0 4.05585 6198
2017 1021 000B 0000 0000 0005 -51.0 1.07992 6203
2017 1021 000B 0000 0000 0005 -51.0 1.61988 6479
2017 1021 000B 0000 0000 0004 -51.5 4.79829 6484
2017 1021 000B 0000 0000 0002 -57.0 5.73709 6501
2017 1021 000B 0000 0000 0003 -60.0 2.62004 6531
2017 1021 000B 0000 0000 0003 -59.0 2.52186 6566
2017 1021 000B 0000 0000 0005 -51.0 1.79783 6570
2017 1021 000B 0000 0000 0004 -50.5 4.98851 6575
2017 1021 000B 0000 0000 0002 -56.5 2.62618 6579
2017 1021 000B 0000 0000 0002 -56.5 2.81025 6856
2017 1021 000B 0000 0000 0004 -50.0 5.65119 6861
2017 1021 000B 0000 0000 0005 -52.0 2.44210 6865
2017 1021 000B 0000 0000 0003 -59.0 2.68140 6870
2017 1021 000B 0000 0000 0004 -49.5 5.70027 6894
2017 1021 000B 0000 0000 0005 -51.5 2.53414 6898
2017 1021 000B 0000 0000 0003 -60.0 2.85320 6914
2017 1021 000B 0000 0000 0002 -57.5 5.98253 6943
2017 1021 000B 0000 0000 0004 -48.5 0.18408 7233
2017 1021 000B 0000 0000 0005 -52.0 3.52816 7238
2017 1021 000B 0000 0000 0002 -58.0 6.06229 7256
2017 1021 000B 0000 0000 0003 -60.0 6.18501 7285
2017 1021 000B 0000 0000 0002 -57.0 2.89002 7320
2017 1021 000B 0000 0000 0005 -52.0 3.70610 7326
2017 1021 000B 0000 0000 0004 -47.5 0.38656 7330
2017 1021 000B 0000 0000 0003 -59.5 6.22183 7344
2017 1021 000B 0000 0000 0004 -46.0 0.97561 7637
2017 1021 000B 0000 0000 0005 -51.5 4.73693 7641
2017 1021 000B 0000 0000 0003 -59.5 0.11045 7657
2017 1021 000B 0000 0000 0004 -45.5 1.09219 7721
2017 1021 000B 0000 0000 0005 -51.0 4.88419 7725
2017 1021 000B 0000 0000 0003 -59.5 0.14726 7735
2017 1021 000B 0000 0000 0002 -58.0 6.09911 7755
2017 1021 000B 0000 0000 0004 -45.0 1.18423 7782
2017 1021 000B 0000 0000 0003 -58.5 3.27658 7786
2017 1021 000B 0000 0000 0005 -50.5 5.09895 7791
2017 1021 000B 0000 0000 0002 -57.5 3.00047 7796
2017 1021 000B 0000 0000 0003 -58.0 3.22136 8070
2017 1021 000B 0000 0000 0005 -50.5 5.99480 8075
2017 1021 000B 0000 0000 0004 -44.0 1.66897 8079
2017 1021 000B 0000 0000 0002 -57.0 2.91456 8084
2017 1021 000B 0000 0000 0002 -57.5 2.89002 8104
2017 1021 000B 0000 0000 0004 -44.0 1.74260 8109
2017 1021 000B 0000 0000 0003 -58.0 3.50361 8113
2017 1021 000B 0000 0000 0005 -50.5 6.12365 8119
2017 1021 000B 0000 0000 0004 -42.5 2.10462 8392
2017 1021 000B 0000 0000 0002 -56.5 2.95138 8397
2017 1021 000B 0000 0000 0003 -58.0 3.49134 8402
2017 1021 000B 0000 0000 0005 -49.0 0.57678 8406
2017 1021 000B 0000 0000 0004 -42.5 2.13530 8427
2017 1021 000B 0000 0000 0005 -48.5 0.60132 8432
2017 1021 000B 0000 0000 0002 -56.0 2.96979 8436
2017 1021 000B 0000 0000 0003 -57.5 3.50361 8441
2017 1021 000B 0000 0000 0005 -47.0 1.23332 8713
2017 1021 000B 0000 0000 0004 -41.5 2.46664 8717
2017 1021 000B 0000 0000 0002 -55.5 6.13592 8730
2017 1021 000B 0000 0000 0001 -63.5 1.90214 8749
2017 1021 000B 0000 0000 0003 -59.0 0.40497 8769
2017 1021 000B 0000 0000 0004 -41.0 2.54641 8791
2017 1021 000B 0000 0000 0002 -55.5 3.03115 8797
2017 1021 000B 0000 0000 0005 -47.5 1.41740 8802
2017 1021 000B 0000 0000 0005 -46.0 1.82851 9074
2017 1021 000B 0000 0000 0002 -54.5 3.01274 9078
2017 1021 000B 0000 0000 0004 -40.0 2.82252 9083
2017 1021 000B 0000 0000 0003 -58.5 3.41157 9088
2017 1021 000B 0000 0000 0005 -46.0 1.93282 9107
2017 1021 000B 0000 0000 0003 -58.5 3.46066 9111
2017 1021 000B 0000 0000 0004 -39.5 2.82866 9116
2017 1021 000B 0000 0000 0002 -54.0 3.03115 9121
2017 1021 000B 0000 0000 0005 -45.5 2.33779 9393
2017 1021 000B 0000 0000 0004 -39.0 3.06183 9398
2017 1021 000B 0000 0000 0002 -53.5 3.17841 9403
2017 1021 000B 0000 0000 0003 -60.0 0.34361 9414
2017 1021 000B 0000 0000 0005 -45.5 2.39915 9442
2017 1021 000B 0000 0000 0004 -39.0 3.08637 9446
2017 1021 000B 0000 0000 0003 -59.0 3.31340 9451
2017 1021 000B 0000 0000 0002 -53.0 3.21522 9456
2017 1021 000B 0000 0000 0004 -38.0 3.23363 9728
2017 1021 000B 0000 0000 0005 -45.0 2.88388 9734
2017 1021 000B 0000 0000 0002 -52.0 3.30113 9738
2017 1021 000B 0000 0000 0003 -60.5 0.09204 9751
2017 1021 000B 0000 0000 0005 -45.0 3.05569 9777
2017 1021 000B 0000 0000 0003 -59.5 3.09864 9781
2017 1021 000B 0000 0000 0004 -37.5 3.29499 9786
2017 1021 000B 0000 0000 0002 -51.5 3.39317 9791
2017 1021 000B 0000 0000 0002 -51.5 3.65087 10063
2017 1021 000B 0000 0000 0004 -36.5 3.41771 10067
2017 1021 000B 0000 0000 0005 -44.5 3.39930 10072
2017 1021 000B 0000 0000 0003 -59.5 3.01887 10077
2017 1021 000B 0000 0000 0003 -59.0 2.93911 10096
2017 1021 000B 0000 0000 0005 -44.0 3.47907 10100
2017 1021 000B 0000 0000 0004 -36.5 3.43612 10105
2017 1021 000B 0000 0000 0002 -51.5 3.64474 10110
2017 1021 000B 0000 0000 0003 -57.5 2.71821 10382
2017 1021 000B 0000 0000 0005 -43.5 3.92085 10387
2017 1021 000B 0000 0000 0004 -35.5 3.50975 10391
2017 1021 000B 0000 0000 0002 -51.0 3.83495 10396
2017 1021 000B 0000 0000 0003 -57.5 2.70594 10415
2017 1021 000B 0000 0000 0004 -35.5 3.52816 10420
2017 1021 000B 0000 0000 0005 -43.5 3.98835 10425
2017 1021 000B 0000 0000 0002 -51.0 3.88404 10429
2017 1021 000B 0000 0000 0002 -50.5 4.10493 10702
2017 1021 000B 0000 0000 0004 -35.0 3.54656 10706
2017 1021 000B 0000 0000 0005 -42.0 4.33810 10711
2017 1021 000B 0000 0000 0003 -56.0 2.77344 10715
2017 1021 000B 0000 0000 0005 -42.0 4.35037 10737
2017 1021 000B 0000 0000 0002 -50.0 4.19084 10742
2017 1021 000B 0000 0000 0004 -35.0 3.56497 10746
2017 1021 000B 0000 0000 0003 -56.0 2.66299 10752
2017 1021 000B 0000 0000 0005 -41.5 4.65717 11023
2017 1021 000B 0000 0000 0004 -34.5 3.55884 11028
2017 1021 000B 0000 0000 0003 -54.5 2.58936 11039
2017 1021 000B 0000 0000 0002 -50.5 1.26400 11059
2017 1021 000B 0000 0000 0005 -41.5 4.71852 11085
2017 1021 000B 0000 0000 0004 -34.5 3.54043 11090
2017 1021 000B 0000 0000 0003 -54.0 2.57709 11095
2017 1021 000B 0000 0000 0002 -49.5 4.45468 11100
2017 1021 000B 0000 0000 0005 -40.0 4.95169 11371
2017 1021 000B 0000 0000 0004 -34.5 3.49748 11376
2017 1021 000B 0000 0000 0003 -51.0 2.52800 11381
2017 1021 000B 0000 0000 0002 -50.0 4.77375 11385
2017 1021 000B 0000 0000 0003 -51.0 2.65685 11405
2017 1021 000B 0000 0000 0004 -34.5 3.49748 11409
2017 1021 000B 0000 0000 0005 -39.5 4.97010 11414
2017 1021 000B 0000 0000 0002 -50.0 4.81670 11419
2017 1021 000B 0000 0000 0004 -34.5 3.42998 11691
2017 1021 000B 0000 0000 0002 -49.5 5.11122 11695
2017 1021 000B 0000 0000 0005 -39.0 5.07441 11699
2017 1021 000B 0000 0000 0003 -49.5 2.82866 11704
2017 1021 000B 0000 0000 0005 -39.0 5.09895 11723
2017 1021 000B 0000 0000 0002 -49.0 5.05600 11728
2017 1021 000B 0000 0000 0004 -35.0 3.39317 11733
2017 1021 000B 0000 0000 0003 -49.0 2.76117 11737
2017 1021 000B 0000 0000 0002 -49.5 5.40575 12012
2017 1021 000B 0000 0000 0004 -35.5 3.26431 12017
2017 1021 000B 0000 0000 0005 -38.5 5.20940 12021
2017 1021 000B 0000 0000 0003 -48.5 2.94524 12026
2017 1021 000B 0000 0000 0004 -35.5 3.26431 12046
2017 1021 000B 0000 0000 0005 -38.0 5.25235 12051
2017 1021 000B 0000 0000 0003 -48.0 3.07410 12055
2017 1021 000B 0000 0000 0002 -49.5 5.43643 12066
2017 1021 000B 0000 0000 0004 -36.5 3.11091 12348
2017 1021 000B 0000 0000 0005 -38.0 5.25235 12353
2017 1021 000B 0000 0000 0001 -64.5 5.06214 12363
2017 1021 000B 0000 0000 0003 -47.5 0.07363 12382
2017 1021 000B 0000 0000 0002 -49.0 5.72482 12404
2017 1021 000B 0000 0000 0004 -36.5 3.03728 12425
2017 1021 000B 0000 0000 0001 -62.5 5.27076 12430
2017 1021 000B 0000 0000 0005 -38.0 5.26462 12435
2017 1021 000B 0000 0000 0003 -47.0 3.38089 12440
2017 1021 000B 0000 0000 0005 -38.0 5.28917 12712
2017 1021 000B 0000 0000 0004 -36.5 2.84093 12717
2017 1021 000B 0000 0000 0002 -48.0 5.95185 12722
2017 1021 000B 0000 0000 0003 -46.0 3.34408 12727
2017 1021 000B 0000 0000 0001 -60.5 6.26478 12738
2017 1021 000B 0000 0000 0004 -36.5 2.82866 12766
2017 1021 000B 0000 0000 0005 -38.0 5.30757 12771
2017 1021 000B 0000 0000 0003 -46.0 3.38089 12776
2017 1021 000B 0000 0000 0002 -48.0 5.97639 12781
2017 1021 000B 0000 0000 0001 -58.5 0.04909 12785
2017 1021 000B 0000 0000 0001 -55.5 0.61359 13057
2017 1021 000B 0000 0000 0004 -37.5 2.62004 13062
2017 1021 000B 0000 0000 0005 -38.5 5.29530 13066
2017 1021 000B 0000 0000 0002 -48.0 6.12365 13077
2017 1021 000B 0000 0000 0003 -46.0 3.49134 13096
2017 1021 000B 0000 0000 0002 -47.5 6.14206 13124
2017 1021 000B 0000 0000 0003 -45.0 3.49134 13129
2017 1021 000B 0000 0000 0004 -37.5 2.55254 13134
2017 1021 000B 0000 0000 0005 -38.0 5.28917 13139
2017 1021 000B 0000 0000 0001 -55.5 0.95720 13144
2017 1021 000B 0000 0000 0001 -52.5 1.42967 13418
2017 1021 000B 0000 0000 0004 -39.0 2.36847 13423
2017 1021 000B 0000 0000 0005 -39.0 5.22781 13428
2017 1021 000B 0000 0000 0003 -45.0 3.55884 13433
2017 1021 000B 0000 0000 0002 -47.5 6.17887 13437
2017 1021 000B 0000 0000 0002 -47.0 6.20955 13461
2017 1021 000B 0000 0000 0004 -39.0 2.35619 13466
2017 1021 000B 0000 0000 0005 -39.0 5.26462 13470
2017 1021 000B 0000 0000 0003 -45.0 3.54656 13475
2017 1021 000B 0000 0000 0001 -53.0 1.53398 13486
2017 1021 000B 0000 0000 0001 -50.0 1.97577 13770
2017 1021 000B 0000 0000 0003 -44.5 3.56497 13774
2017 1021 000B 0000 0000 0004 -39.5 2.06781 13779
2017 1021 000B 0000 0000 0002 -47.0 6.19728 13784
2017 1021 000B 0000 0000 0005 -39.5 5.17258 13789
2017 1021 000B 0000 0000 0004 -39.5 2.03099 13809
2017 1021 000B 0000 0000 0005 -39.5 5.13577 13814
2017 1021 000B 0000 0000 0003 -45.5 0.41724 13825
2017 1021 000B 0000 0000 0002 -47.0 6.20342 13845
2017 1021 000B 0000 0000 0001 -51.0 5.30757 13866
2017 1021 000B 0000 0000 0004 -41.0 1.73647 14141
2017 1021 000B 0000 0000 0005 -40.5 4.99464 14146
2017 1021 000B 0000 0000 0001 -49.0 2.58936 14150
2017 1021 000B 0000 0000 0002 -46.5 6.14206 14156
2017 1021 000B 0000 0000 0003 -44.0 3.50361 14162
2017 1021 000B 0000 0000 0002 -46.5 6.09297 14181
2017 1021 000B 0000 0000 0003 -44.0 3.59565 14186
2017 1021 000B 0000 0000 0004 -41.0 1.73647 14190
2017 1021 000B 0000 0000 0005 -41.0 5.03146 14195
2017 1021 000B 0000 0000 0001 -49.5 5.87208 14207
2017 1021 000B 0000 0000 0002 -46.5 6.01934 14489
2017 1021 000B 0000 0000 0005 -42.5 4.84124 14493
2017 1021 000B 0000 0000 0001 -48.5 3.18454 14498
2017 1021 000B 0000 0000 0004 -42.0 1.39899 14503
2017 1021 000B 0000 0000 0003 -45.0 3.45452 14522
2017 1021 000B 0000 0000 0005 -42.5 4.79829 14555
2017 1021 000B 0000 0000 0002 -46.5 5.92117 14559
2017 1021 000B 0000 0000 0004 -42.5 1.31922 14564
2017 1021 000B 0000 0000 0001 -48.0 3.31953 14568
2017 1021 000B 0000 0000 0003 -44.5 3.41771 14573
2017 1021 000B 0000 0000 0003 -44.5 3.32567 14845
2017 1021 000B 0000 0000 0004 -43.5 1.01856 14850
2017 1021 000B 0000 0000 0005 -44.0 4.64489 14855
2017 1021 000B 0000 0000 0001 -47.5 3.75518 14861
2017 1021 000B 0000 0000 0002 -46.5 5.84140 14865
2017 1021 000B 0000 0000 0005 -43.5 4.54058 14886
2017 1021 000B 0000 0000 0003 -44.5 3.36862 14890
2017 1021 000B 0000 0000 0004 -43.5 0.93880 14895
2017 1021 000B 0000 0000 0001 -47.0 3.78586 14900
2017 1021 000B 0000 0000 0002 -46.5 5.71254 14905
2017 1021 000B 0000 0000 0003 -45.0 3.19068 15182
2017 1021 000B 0000 0000 0004 -45.0 0.65654 15187
2017 1021 000B 0000 0000 0001 -45.5 4.17856 15192
2017 1021 000B 0000 0000 0005 -44.5 4.28287 15199
2017 1021 000B 0000 0000 0002 -47.0 5.55915 15204
2017 1021 000B 0000 0000 0001 -45.5 4.20924 15225
2017 1021 000B 0000 0000 0004 -45.0 0.57678 15229
2017 1021 000B 0000 0000 0005 -45.5 1.07992 15244
2017 1021 000B 0000 0000 0003 -46.0 0.03682 15262
2017 1021 000B 0000 0000 0002 -47.5 2.33779 15281
2017 1021 000B 0000 0000 0001 -45.0 4.52218 15555
2017 1021 000B 0000 0000 0004 -46.5 0.06750 15560
2017 1021 000B 0000 0000 0003 -46.0 2.98206 15565
2017 1021 000B 0000 0000 0005 -47.0 3.84722 15570
2017 1021 000B 0000 0000 0002 -47.5 5.24008 15574
2017 1021 000B 0000 0000 0003 -46.0 3.05569 15595
2017 1021 000B 0000 0000 0001 -44.0 4.55285 15602
2017 1021 000B 0000 0000 0004 -47.0 0.12272 15607
2017 1021 000B 0000 0000 0002 -47.5 5.22167 15612
2017 1021 000B 0000 0000 0005 -47.0 3.76746 15616
2017 1021 000B 0000 0000 0003 -46.5 2.82866 15889
2017 1021 000B 0000 0000 0005 -48.0 3.28272 15894
2017 1021 000B 0000 0000 0001 -44.0 4.76761 15898
2017 1021 000B 0000 0000 0004 -47.5 5.86594 15903
2017 1021 000B 0000 0000 0002 -48.5 4.91487 15917
2017 1021 000B 0000 0000 0003 -46.5 2.72435 15941
2017 1021 000B 0000 0000 0001 -44.0 4.79829 15948
2017 1021 000B 0000 0000 0005 -48.5 3.22136 15953
2017 1021 000B 0000 0000 0002 -48.5 1.71192 15963
2017 1021 000B 0000 0000 0004 -49.0 5.73095 15982
2017 1021 000B 0000 0000 0001 -43.0 4.94555 16263
2017 1021 000B 0000 0000 0002 -49.0 4.60808 16268
2017 1021 000B 0000 0000 0005 -49.5 2.58322 16272
2017 1021 000B 0000 0000 0003 -48.0 2.47278 16277
2017 1021 000B 0000 0000 0004 -49.5 5.18486 16283
2017 1021 000B 0000 0000 0002 -49.0 4.50990 16303
2017 1021 000B 0000 0000 0005 -49.5 2.52800 16308
2017 1021 000B 0000 0000 0001 -43.0 4.94555 16313
2017 1021 000B 0000 0000 0003 -48.0 2.35006 16318
2017 1021 000B 0000 0000 0004 -50.0 5.09282 16324
2017 1021 000B 0000 0000 0003 -48.5 2.01258 16596
2017 1021 000B 0000 0000 0004 -52.0 4.39946 16600
2017 1021 000B 0000 0000 0001 -42.5 4.99464 16605
2017 1021 000B 0000 0000 0002 -50.5 0.97561 16616
2017 1021 000B 0000 0000 0005 -51.5 4.98851 16634
2017 1021 000B 0000 0000 0002 -50.0 4.01903 16662
2017 1021 000B 0000 0000 0004 -53.5 4.40559 16667
2017 1021 000B 0000 0000 0001 -42.5 5.04986 16672
2017 1021 000B 0000 0000 0003 -48.5 1.88986 16677
2017 1021 000B 0000 0000 0005 -51.0 1.71806 16682
2017 1021 000B 0000 0000 0003 -50.5 1.46649 16955
2017 1021 000B 0000 0000 0001 -42.0 5.07441 16960
2017 1021 000B 0000 0000 0002 -52.0 0.42951 16975
2017 1021 000B 0000 0000 0005 -53.5 4.17243 16993
2017 1021 000B 0000 0000 0004 -58.5 0.07977 17012
2017 1021 000B 0000 0000 0001 -42.0 5.11122 17033
2017 1021 000B 0000 0000 0005 -54.0 0.93266 17037
2017 1021 000B 0000 0000 0002 -51.0 3.47293 17042
2017 1021 000B 0000 0000 0003 -50.5 1.36831 17047
2017 1021 000B 0000 0000 0001 -42.0 5.12350 17319
2017 1021 000B 0000 0000 0003 -52.0 0.84062 17324
2017 1021 000B 0000 0000 0005 -55.0 0.31293 17330
2017 1021 000B 0000 0000 0002 -52.0 2.85320 17334
2017 1021 000B 0000 0000 0005 -55.5 0.24544 17357
2017 1021 000B 0000 0000 0001 -42.0 5.12963 17362
2017 1021 000B 0000 0000 0003 -52.5 0.71790 17366
2017 1021 000B 0000 0000 0002 -52.5 2.85320 17371
2017 1021 000B 0000 0000 0001 -42.5 5.09895 17643
2017 1021 000B 0000 0000 0002 -54.5 5.57142 17654
2017 1021 000B 0000 0000 0003 -54.5 0.14113 17674
2017 1021 000B 0000 0000 0005 -58.5 5.81686 17694
2017 1021 000B 0000 0000 0002 -54.0 2.47891 17715
2017 1021 000B 0000 0000 0001 -42.5 5.11736 17720
2017 1021 000B 0000 0000 0003 -54.5 6.20955 17725
2017 1021 000B 0000 0000 0005 -59.5 5.17258 17998
2017 1021 000B 0000 0000 0001 -43.5 5.03759 18003
2017 1021 000B 0000 0000 0002 -55.5 1.77328 18008
2017 1021 000B 0000 0000 0003 -55.5 5.71868 18013
2017 1021 000B 0000 0000 0001 -43.0 5.03146 18032
2017 1021 000B 0000 0000 0002 -56.0 1.77942 18041
2017 1021 000B 0000 0000 0003 -55.5 5.85367 18046
2017 1021 000B 0000 0000 0003 -55.0 5.04986 18320
2017 1021 000B 0000 0000 0001 -44.5 4.94555 18325
2017 1021 000B 0000 0000 0002 -57.5 1.22105 18329
2017 1021 000B 0000 0000 0001 -44.5 4.92715 18349
2017 1021 000B 0000 0000 0002 -57.5 1.22718 18354
2017 1021 000B 0000 0000 0003 -56.0 5.08668 18358
2017 1021 000B 0000 0000 0001 -45.5 4.80443 18632
2017 1021 000B 0000 0000 0003 -58.0 4.52218 18638
2017 1021 000B 0000 0000 0003 -57.5 4.43627 18660
2017 1021 000B 0000 0000 0001 -45.5 4.81670 18664
2017 1021 000B 0000 0000 0001 -47.0 4.62649 18939
2017 1021 000B 0000 0000 0003 -59.0 3.74291 18950
2017 1021 000B 0000 0000 0001 -47.0 4.63876 18979
2017 1021 000B 0000 0000 0003 -58.5 3.74905 18984
2017 1021 000B 0000 0000 0001 -48.0 4.41786 19258
2017 1021 000B 0000 0000 0003 -59.0 3.01274 19263
2017 1021 000B 0000 0000 0001 -48.5 4.41173 19284
2017 1021 000B 0000 0000 0003 -59.0 3.06183 19290
2017 1021 000B 0000 0000 0003 -59.5 2.03713 19561
2017 1021 000B 0000 0000 0001 -49.5 4.15402 19566
2017 1021 000B 0000 0000 0003 -59.5 2.00645 19585
2017 1021 000B 0000 0000 0001 -50.0 4.17243 19590
2017 1021 000B 0000 0000 0001 -51.5 3.75518 19866
2017 1021 000B 0000 0000 0003 -60.5 1.48489 19871
2017 1021 000B 0000 0000 0001 -53.5 3.40544 20172
2017 1021 000B 0000 0000 0003 -61.0 0.79153 20177
2017 1021 000B 0000 0000 0001 -54.0 3.35635 20199
2017 1021 000B 0000 0000 0003 -61.0 0.69336 20204
2017 1021 000B 0000 0000 0001 -56.0 3.06796 20479
2017 1021 000B 0000 0000 0001 -56.0 3.03115 20502
2017 1021 000B 0000 0000 0001 -59.0 2.49118 20778
2017 1021 000B 0000 0000 0001 -59.0 2.39915 20802
