2017 1021 000B 0000 0000 0004 -60.0 4.74307 0
2017 1021 000B 0000 0000 0004 -60.0 4.73080 22
2017 1021 000B 0000 0000 0004 -58.5 5.12350 299
2017 1021 000B 0000 0000 0004 -57.5 5.27076 319
2017 1021 000B 0000 0000 0004 -57.5 5.63891 591
2017 1021 000B 0000 0000 0004 -57.5 5.73095 615
2017 1021 000B 0000 0000 0004 -56.5 6.11138 891
2017 1021 000B 0000 0000 0004 -56.5 6.10524 914
2017 1021 000B 0000 0000 0004 -55.5 0.23317 1189
2017 1021 000B 0000 0000 0004 -55.5 0.26998 1211
2017 1021 000B 0000 0000 0004 -55.0 0.59518 1486
2017 1021 000B 0000 0000 0004 -55.0 0.61973 1509
2017 1021 000B 0000 0000 0004 -54.5 1.00629 1786
2017 1021 000B 0000 0000 0004 -54.5 1.04924 1806
2017 1021 000B 0000 0000 0004 -54.0 1.20264 2077
2017 1021 000B 0000 0000 0004 -54.0 1.38672 2100
2017 1021 000B 0000 0000 0004 -54.5 1.71806 2376
2017 1021 000B 0000 0000 0005 -65.0 5.20326 2391
2017 1021 000B 0000 0000 0004 -54.5 1.78555 2431
2017 1021 000B 0000 0000 0005 -63.0 5.90276 2709
2017 1021 000B 0000 0000 0004 -55.0 2.19052 2714
2017 1021 000B 0000 0000 0004 -55.5 2.22120 2736
2017 1021 000B 0000 0000 0005 -63.0 5.81686 2741
2017 1021 000B 0000 0000 0004 -56.0 2.72435 3017
2017 1021 000B 0000 0000 0005 -62.5 5.91503 3021
2017 1021 000B 0000 0000 0004 -56.0 2.76117 3040
2017 1021 000B 0000 0000 0005 -62.5 0.28839 3045
2017 1021 000B 0000 0000 0004 -57.0 3.36862 3329
2017 1021 000B 0000 0000 0005 -62.0 0.17794 3334
2017 1021 000B 0000 0000 0005 -62.0 0.34975 3354
2017 1021 000B 0000 0000 0004 -56.5 3.41771 3359
2017 1021 000B 0000 0000 0004 -57.0 3.95153 3631
2017 1021 000B 0000 0000 0005 -63.0 0.38656 3636
2017 1021 000B 0000 0000 0004 -56.5 4.03130 3660
2017 1021 000B 0000 0000 0005 -63.0 0.64427 3664
2017 1021 000B 0000 0000 0005 -63.0 0.93880 3941
2017 1021 000B 0000 0000 0004 -55.5 4.58967 3946
2017 1021 000B 0000 0000 0004 -56.0 4.57740 3968
2017 1021 000B 0000 0000 0005 -63.0 0.59518 3973
2017 1021 000B 0000 0000 0004 -55.5 5.06214 4253
2017 1021 000B 0000 0000 0005 -64.5 1.18423 4270
2017 1021 000B 0000 0000 0004 -54.5 5.28303 4310
2017 1021 000B 0000 0000 0005 -64.5 4.36878 4322
2017 1021 000B 0000 0000 0003 -58.5 5.98866 4608
2017 1021 000B 0000 0000 0004 -55.0 5.83526 4613
2017 1021 000B 0000 0000 0003 -59.0 6.05616 4646
2017 1021 000B 0000 0000 0004 -55.5 5.91503 4677
2017 1021 000B 0000 0000 0003 -56.0 6.19115 4966
2017 1021 000B 0000 0000 0004 -54.5 0.20249 4970
2017 1021 000B 0000 0000 0003 -56.0 6.15433 4993
2017 1021 000B 0000 0000 0004 -54.5 0.26998 4998
2017 1021 000B 0000 0000 0003 -54.0 0.06136 5275
2017 1021 000B 0000 0000 0004 -55.0 0.79767 5280
2017 1021 000B 0000 0000 0004 -54.5 0.84676 5303
2017 1021 000B 0000 0000 0003 -54.0 0.10431 5308
2017 1021 000B 0000 0000 0003 -52.0 0.25771 5589
2017 1021 000B 0000 0000 0004 -55.0 1.39899 5594
2017 1021 000B 0000 0000 0002 -61.0 0.03682 5611
2017 1021 000B 0000 0000 0001 -57.5 6.10524 5643
2017 1021 000B 0000 0000 0004 -53.5 1.59534 5679
2017 1021 000B 0000 0000 0001 -55.0 2.69981 5684
2017 1021 000B 0000 0000 0003 -51.0 0.26384 5688
2017 1021 000B 0000 0000 0002 -61.0 0.03068 5703
2017 1021 000B 0000 0000 0003 -50.0 0.57678 5981
2017 1021 000B 0000 0000 0002 -59.5 3.47907 5985
2017 1021 000B 0000 0000 0004 -56.0 2.29484 5990
2017 1021 000B 0000 0000 0001 -56.5 3.22750 5995
2017 1021 000B 0000 0000 0003 -50.0 0.57064 6013
2017 1021 000B 0000 0000 0004 -56.0 2.17212 6018
2017 1021 000B 0000 0000 0001 -56.5 3.14159 6023
2017 1021 000B 0000 0000 0002 -59.0 3.44839 6027
2017 1021 000B 0000 0000 0003 -48.5 0.85289 6303
2017 1021 000B 0000 0000 0002 -59.5 0.43565 6319
2017 1021 000B 0000 0000 0004 -58.5 0.03068 6349
2017 1021 000B 0000 0000 0001 -57.5 0.41724 6378
2017 1021 000B 0000 0000 0004 -58.0 3.38089 6407
2017 1021 000B 0000 0000 0002 -59.5 3.66315 6411
2017 1021 000B 0000 0000 0003 -48.0 0.95107 6416
2017 1021 000B 0000 0000 0003 -47.0 1.08606 6688
2017 1021 000B 0000 0000 0001 -58.0 0.59518 6701
2017 1021 000B 0000 0000 0002 -59.0 0.67495 6720
2017 1021 000B 0000 0000 0004 -60.5 4.40559 6741
2017 1021 000B 0000 0000 0003 -46.5 1.13515 6762
2017 1021 000B 0000 0000 0002 -59.0 3.87177 6767
2017 1021 000B 0000 0000 0001 -57.0 3.81654 6771
2017 1021 000B 0000 0000 0003 -46.0 1.45421 7044
2017 1021 000B 0000 0000 0002 -59.0 4.04971 7049
2017 1021 000B 0000 0000 0003 -46.0 1.47876 7068
2017 1021 000B 0000 0000 0002 -58.0 3.86563 7073
2017 1021 000B 0000 0000 0003 -45.5 1.79169 7349
2017 1021 000B 0000 0000 0002 -58.5 0.92652 7359
2017 1021 000B 0000 0000 0004 -60.5 1.20264 7380
2017 1021 000B 0000 0000 0002 -58.5 4.14175 7406
2017 1021 000B 0000 0000 0003 -45.0 1.81010 7410
2017 1021 000B 0000 0000 0004 -58.5 1.24559 7415
2017 1021 000B 0000 0000 0003 -45.0 2.06781 7686
2017 1021 000B 0000 0000 0002 -57.5 4.17243 7691
2017 1021 000B 0000 0000 0004 -54.5 2.35619 7696
2017 1021 000B 0000 0000 0003 -45.0 2.08621 7715
2017 1021 000B 0000 0000 0004 -54.0 2.38074 7720
2017 1021 000B 0000 0000 0002 -57.5 4.16629 7725
2017 1021 000B 0000 0000 0003 -45.0 2.39301 7997
2017 1021 000B 0000 0000 0004 -51.0 3.04955 8001
2017 1021 000B 0000 0000 0002 -57.0 4.00062 8006
2017 1021 000B 0000 0000 0003 -45.0 2.39915 8025
2017 1021 000B 0000 0000 0004 -50.5 3.09251 8030
2017 1021 000B 0000 0000 0002 -57.5 4.12334 8034
2017 1021 000B 0000 0000 0003 -44.5 2.62004 8307
2017 1021 000B 0000 0000 0004 -47.5 3.57111 8312
2017 1021 000B 0000 0000 0002 -57.0 4.17856 8317
2017 1021 000B 0000 0000 0003 -44.5 2.62004 8336
2017 1021 000B 0000 0000 0002 -57.0 4.20311 8341
2017 1021 000B 0000 0000 0004 -47.5 3.63247 8346
2017 1021 000B 0000 0000 0002 -56.5 4.17856 8618
2017 1021 000B 0000 0000 0003 -44.0 2.84093 8622
2017 1021 000B 0000 0000 0004 -46.0 4.11720 8627
2017 1021 000B 0000 0000 0001 -57.5 3.53429 8632
2017 1021 000B 0000 0000 0003 -44.0 2.85934 8654
2017 1021 000B 0000 0000 0004 -46.0 4.18470 8659
2017 1021 000B 0000 0000 0002 -56.0 4.03744 8664
2017 1021 000B 0000 0000 0001 -56.5 3.59565 8669
2017 1021 000B 0000 0000 0001 -55.5 3.44839 8943
2017 1021 000B 0000 0000 0003 -43.5 3.14159 8948
2017 1021 000B 0000 0000 0004 -44.5 4.49150 8953
2017 1021 000B 0000 0000 0002 -55.5 4.13561 8957
2017 1021 000B 0000 0000 0003 -43.5 3.11091 8977
2017 1021 000B 0000 0000 0002 -56.0 4.05585 8981
2017 1021 000B 0000 0000 0004 -44.5 4.49150 8986
2017 1021 000B 0000 0000 0001 -55.5 3.35635 8990
2017 1021 000B 0000 0000 0004 -43.5 4.79216 9262
2017 1021 000B 0000 0000 0003 -42.5 3.20909 9267
2017 1021 000B 0000 0000 0001 -53.5 3.50975 9272
2017 1021 000B 0000 0000 0002 -55.0 4.29515 9276
2017 1021 000B 0000 0000 0004 -43.5 4.84124 9296
2017 1021 000B 0000 0000 0003 -42.5 3.18454 9300
2017 1021 000B 0000 0000 0002 -55.5 4.15402 9305
2017 1021 000B 0000 0000 0001 -53.0 3.49134 9310
2017 1021 000B 0000 0000 0004 -42.0 5.08668 9582
2017 1021 000B 0000 0000 0003 -41.5 3.25204 9587
2017 1021 000B 0000 0000 0002 -55.5 4.28901 9591
2017 1021 000B 0000 0000 0001 -51.0 3.63860 9596
2017 1021 000B 0000 0000 0004 -42.0 5.13577 9615
2017 1021 000B 0000 0000 0002 -55.5 4.39946 9620
2017 1021 000B 0000 0000 0003 -41.5 3.25204 9624
2017 1021 000B 0000 0000 0001 -51.0 3.78586 9629
2017 1021 000B 0000 0000 0002 -55.5 4.22765 9902
2017 1021 000B 0000 0000 0004 -41.0 5.29530 9906
2017 1021 000B 0000 0000 0003 -40.5 3.27045 9911
2017 1021 000B 0000 0000 0001 -49.5 4.00062 9916
2017 1021 000B 0000 0000 0004 -41.5 5.34439 9938
2017 1021 000B 0000 0000 0001 -49.0 4.00676 9943
2017 1021 000B 0000 0000 0003 -40.5 3.23363 9947
2017 1021 000B 0000 0000 0002 -55.5 4.40559 9952
2017 1021 000B 0000 0000 0001 -47.5 4.31969 10225
2017 1021 000B 0000 0000 0002 -56.0 4.38719 10230
2017 1021 000B 0000 0000 0004 -41.0 5.53460 10240
2017 1021 000B 0000 0000 0003 -40.5 0.01227 10259
2017 1021 000B 0000 0000 0004 -40.5 5.56528 10288
2017 1021 000B 0000 0000 0002 -55.5 4.41173 10292
2017 1021 000B 0000 0000 0003 -40.5 3.14159 10297
2017 1021 000B 0000 0000 0001 -47.5 4.33196 10302
2017 1021 000B 0000 0000 0001 -46.5 4.58967 10574
2017 1021 000B 0000 0000 0003 -40.0 3.04342 10579
2017 1021 000B 0000 0000 0004 -39.5 5.68186 10584
2017 1021 000B 0000 0000 0002 -55.0 4.36878 10589
2017 1021 000B 0000 0000 0003 -40.0 3.03728 10608
2017 1021 000B 0000 0000 0001 -46.5 4.61421 10613
2017 1021 000B 0000 0000 0004 -39.5 5.66959 10618
2017 1021 000B 0000 0000 0002 -55.0 1.26400 10628
2017 1021 000B 0000 0000 0003 -40.5 6.01320 10912
2017 1021 000B 0000 0000 0004 -39.5 5.73402 10918
2017 1021 000B 0000 0000 0002 -54.0 1.38672 10931
2017 1021 000B 0000 0000 0001 -46.0 4.87806 10950
2017 1021 000B 0000 0000 0003 -39.5 2.82252 10976
2017 1021 000B 0000 0000 0004 -38.5 5.74322 10981
2017 1021 000B 0000 0000 0001 -45.0 4.89647 10986
2017 1021 000B 0000 0000 0002 -53.5 4.48536 10990
2017 1021 000B 0000 0000 0003 -40.5 2.63231 11262
2017 1021 000B 0000 0000 0004 -38.5 5.73709 11267
2017 1021 000B 0000 0000 0002 -52.5 4.70012 11272
2017 1021 000B 0000 0000 0001 -43.5 5.01305 11277
2017 1021 000B 0000 0000 0001 -43.5 5.11736 11298
2017 1021 000B 0000 0000 0004 -38.5 5.74322 11303
2017 1021 000B 0000 0000 0003 -40.0 2.62618 11308
2017 1021 000B 0000 0000 0002 -53.0 4.53445 11313
2017 1021 000B 0000 0000 0004 -38.5 5.78004 11588
2017 1021 000B 0000 0000 0002 -52.0 4.57740 11592
2017 1021 000B 0000 0000 0003 -41.0 2.44823 11597
2017 1021 000B 0000 0000 0001 -43.0 5.25849 11601
2017 1021 000B 0000 0000 0001 -42.5 5.25235 11621
2017 1021 000B 0000 0000 0004 -38.5 5.75550 11626
2017 1021 000B 0000 0000 0003 -41.0 2.46664 11630
2017 1021 000B 0000 0000 0002 -52.0 4.59581 11635
2017 1021 000B 0000 0000 0003 -42.0 2.25188 11907
2017 1021 000B 0000 0000 0001 -42.0 5.29530 11912
2017 1021 000B 0000 0000 0004 -39.0 5.69414 11917
2017 1021 000B 0000 0000 0002 -51.0 4.67557 11921
2017 1021 000B 0000 0000 0002 -51.0 4.62649 11940
2017 1021 000B 0000 0000 0003 -42.0 2.17825 11945
2017 1021 000B 0000 0000 0004 -39.0 5.69414 11951
2017 1021 000B 0000 0000 0001 -42.0 5.30144 11956
2017 1021 000B 0000 0000 0003 -42.5 2.00031 12233
2017 1021 000B 0000 0000 0001 -41.0 5.31371 12238
2017 1021 000B 0000 0000 0002 -50.5 4.66330 12243
2017 1021 000B 0000 0000 0004 -40.0 5.63891 12247
2017 1021 000B 0000 0000 0005 -59.0 3.27658 12252
2017 1021 000B 0000 0000 0002 -49.5 4.73693 12272
2017 1021 000B 0000 0000 0003 -43.0 1.97577 12276
2017 1021 000B 0000 0000 0001 -40.5 5.30757 12281
2017 1021 000B 0000 0000 0004 -40.0 5.62051 12286
2017 1021 000B 0000 0000 0005 -59.5 6.16660 12297
2017 1021 000B 0000 0000 0004 -41.0 5.52233 12578
2017 1021 000B 0000 0000 0002 -49.0 4.70625 12583
2017 1021 000B 0000 0000 0005 -55.5 3.38089 12587
2017 1021 000B 0000 0000 0001 -40.0 5.24008 12592
2017 1021 000B 0000 0000 0003 -44.0 1.72419 12598
2017 1021 000B 0000 0000 0003 -44.0 1.69351 12619
2017 1021 000B 0000 0000 0001 -39.5 5.27076 12624
2017 1021 000B 0000 0000 0002 -49.0 4.71852 12629
2017 1021 000B 0000 0000 0004 -41.0 5.48552 12634
2017 1021 000B 0000 0000 0002 -48.0 4.66944 12909
2017 1021 000B 0000 0000 0001 -39.5 5.15418 12914
2017 1021 000B 0000 0000 0004 -42.5 5.34439 12919
2017 1021 000B 0000 0000 0003 -45.5 1.43581 12923
2017 1021 000B 0000 0000 0005 -53.5 0.51542 12935
2017 1021 000B 0000 0000 0004 -42.0 5.33825 12962
2017 1021 000B 0000 0000 0001 -39.5 5.14804 12966
2017 1021 000B 0000 0000 0002 -48.5 4.64489 12971
2017 1021 000B 0000 0000 0005 -52.5 3.67542 12976
2017 1021 000B 0000 0000 0003 -46.0 1.40513 12982
2017 1021 000B 0000 0000 0003 -47.5 1.12287 13256
2017 1021 000B 0000 0000 0002 -48.0 4.58353 13261
2017 1021 000B 0000 0000 0004 -42.5 5.16645 13266
2017 1021 000B 0000 0000 0005 -51.5 4.10493 13271
2017 1021 000B 0000 0000 0001 -39.0 5.04986 13276
2017 1021 000B 0000 0000 0002 -48.0 4.62035 13296
2017 1021 000B 0000 0000 0003 -47.5 0.95107 13300
2017 1021 000B 0000 0000 0005 -51.0 4.09880 13305
2017 1021 000B 0000 0000 0004 -43.0 5.12963 13310
2017 1021 000B 0000 0000 0001 -39.0 5.04373 13317
2017 1021 000B 0000 0000 0003 -49.0 0.47247 13590
2017 1021 000B 0000 0000 0005 -49.5 4.54058 13595
2017 1021 000B 0000 0000 0001 -39.0 4.92101 13601
2017 1021 000B 0000 0000 0004 -44.5 4.91487 13606
2017 1021 000B 0000 0000 0002 -47.5 4.57126 13611
2017 1021 000B 0000 0000 0002 -47.5 4.61421 13633
2017 1021 000B 0000 0000 0001 -39.0 4.92715 13637
2017 1021 000B 0000 0000 0004 -44.0 4.86579 13642
2017 1021 000B 0000 0000 0005 -49.5 4.49150 13647
2017 1021 000B 0000 0000 0003 -49.5 0.48474 13651
2017 1021 000B 0000 0000 0004 -45.5 4.66944 13923
2017 1021 000B 0000 0000 0001 -39.5 4.81670 13928
2017 1021 000B 0000 0000 0003 -52.5 6.26478 13933
2017 1021 000B 0000 0000 0005 -48.0 4.94555 13938
2017 1021 000B 0000 0000 0002 -47.0 4.49763 13943
2017 1021 000B 0000 0000 0001 -40.0 4.79216 13966
2017 1021 000B 0000 0000 0005 -48.5 4.94555 13971
2017 1021 000B 0000 0000 0003 -52.5 6.03161 13976
2017 1021 000B 0000 0000 0002 -47.0 4.44854 13983
2017 1021 000B 0000 0000 0004 -45.5 4.57740 13987
2017 1021 000B 0000 0000 0003 -53.5 5.22167 14260
2017 1021 000B 0000 0000 0005 -47.0 5.25849 14265
2017 1021 000B 0000 0000 0004 -46.5 4.28901 14270
2017 1021 000B 0000 0000 0001 -40.5 4.64489 14275
2017 1021 000B 0000 0000 0002 -48.0 1.23946 14289
2017 1021 000B 0000 0000 0001 -40.5 4.61421 14313
2017 1021 000B 0000 0000 0003 -55.0 5.29530 14318
2017 1021 000B 0000 0000 0004 -47.5 4.22152 14331
2017 1021 000B 0000 0000 0002 -48.0 1.20878 14351
2017 1021 000B 0000 0000 0005 -47.5 5.36280 14370
2017 1021 000B 0000 0000 0002 -48.0 4.14175 14644
2017 1021 000B 0000 0000 0001 -41.5 4.46695 14649
2017 1021 000B 0000 0000 0004 -49.0 3.63247 14654
2017 1021 000B 0000 0000 0005 -46.5 5.62664 14659
2017 1021 000B 0000 0000 0003 -57.0 4.11107 14674
2017 1021 000B 0000 0000 0001 -41.5 4.47922 14698
2017 1021 000B 0000 0000 0002 -48.5 4.21538 14703
2017 1021 000B 0000 0000 0005 -46.5 5.68800 14708
2017 1021 000B 0000 0000 0004 -49.5 3.66315 14712
2017 1021 000B 0000 0000 0003 -57.5 0.76699 14722
2017 1021 000B 0000 0000 0003 -57.5 3.14773 15004
2017 1021 000B 0000 0000 0005 -45.5 5.93344 15009
2017 1021 000B 0000 0000 0004 -52.5 3.04955 15014
2017 1021 000B 0000 0000 0001 -42.0 4.27674 15018
2017 1021 000B 0000 0000 0002 -49.5 3.96994 15023
2017 1021 000B 0000 0000 0001 -42.5 4.28287 15042
2017 1021 000B 0000 0000 0005 -45.0 5.85981 15047
2017 1021 000B 0000 0000 0002 -50.0 3.87177 15052
2017 1021 000B 0000 0000 0004 -53.0 2.74276 15058
2017 1021 000B 0000 0000 0003 -56.5 2.98206 15063
2017 1021 000B 0000 0000 0002 -50.5 3.71223 15335
2017 1021 000B 0000 0000 0004 -54.5 2.42369 15340
2017 1021 000B 0000 0000 0001 -43.5 4.07425 15345
2017 1021 000B 0000 0000 0005 -45.0 6.05002 15350
2017 1021 000B 0000 0000 0001 -43.5 4.12948 15369
2017 1021 000B 0000 0000 0005 -44.5 6.04388 15374
2017 1021 000B 0000 0000 0002 -52.0 0.39884 15386
2017 1021 000B 0000 0000 0004 -56.5 2.17212 15405
2017 1021 000B 0000 0000 0002 -52.5 2.74889 15687
2017 1021 000B 0000 0000 0005 -44.5 6.06229 15692
2017 1021 000B 0000 0000 0001 -44.5 3.71223 15697
2017 1021 000B 0000 0000 0004 -59.0 1.73033 15703
2017 1021 000B 0000 0000 0004 -58.5 1.54012 15723
2017 1021 000B 0000 0000 0005 -44.0 6.12979 15727
2017 1021 000B 0000 0000 0001 -44.5 3.64474 15732
2017 1021 000B 0000 0000 0002 -53.0 2.90229 15738
2017 1021 000B 0000 0000 0002 -53.5 2.34392 16012
2017 1021 000B 0000 0000 0001 -45.0 3.28272 16018
2017 1021 000B 0000 0000 0005 -44.5 6.12365 16023
2017 1021 000B 0000 0000 0001 -45.5 3.28885 16044
2017 1021 000B 0000 0000 0002 -54.5 2.17825 16049
2017 1021 000B 0000 0000 0005 -44.5 6.24637 16054
2017 1021 000B 0000 0000 0001 -46.0 2.98819 16327
2017 1021 000B 0000 0000 0005 -45.0 6.24023 16331
2017 1021 000B 0000 0000 0002 -56.0 1.83464 16336
2017 1021 000B 0000 0000 0001 -47.0 6.05616 16362
2017 1021 000B 0000 0000 0005 -45.0 6.22183 16381
2017 1021 000B 0000 0000 0002 -57.0 4.85352 16401
2017 1021 000B 0000 0000 0001 -46.5 2.42983 16675
2017 1021 000B 0000 0000 0005 -45.5 6.20342 16679
2017 1021 000B 0000 0000 0002 -58.5 1.30695 16684
2017 1021 000B 0000 0000 0001 -47.0 2.39301 16703
2017 1021 000B 0000 0000 0005 -45.5 6.16660 16708
2017 1021 000B 0000 0000 0002 -58.0 0.80994 16713
2017 1021 000B 0000 0000 0005 -45.5 6.12365 16985
2017 1021 000B 0000 0000 0001 -47.5 1.95736 16990
2017 1021 000B 0000 0000 0002 -62.5 0.34975 17005
2017 1021 000B 0000 0000 0001 -47.0 1.85305 17034
2017 1021 000B 0000 0000 0005 -46.0 6.22183 17039
2017 1021 000B 0000 0000 0001 -48.5 1.43581 17312
2017 1021 000B 0000 0000 0005 -46.5 6.16660 17318
2017 1021 000B 0000 0000 0001 -48.5 4.58967 17345
2017 1021 000B 0000 0000 0005 -47.0 6.10524 17364
2017 1021 000B 0000 0000 0005 -47.0 6.04388 17642
2017 1021 000B 0000 0000 0001 -49.0 0.92652 17648
2017 1021 000B 0000 0000 0005 -47.0 6.03775 17667
2017 1021 000B 0000 0000 0001 -49.5 0.84676 17672
2017 1021 000B 0000 0000 0001 -50.0 0.47247 17945
2017 1021 000B 0000 0000 0005 -48.0 5.92730 17950
2017 1021 000B 0000 0000 0001 -51.0 0.39884 17979
2017 1021 000B 0000 0000 0005 -49.0 5.90276 17999
2017 1021 000B 0000 0000 0005 -49.0 5.74322 18278
2017 1021 000B 0000 0000 0001 -51.5 6.11138 18283
2017 1021 000B 0000 0000 0001 -52.5 6.03161 18308
2017 1021 000B 0000 0000 0005 -49.5 5.70027 18327
2017 1021 000B 0000 0000 0001 -51.5 5.58983 18608
2017 1021 000B 0000 0000 0005 -51.0 5.56528 18613
2017 1021 000B 0000 0000 0001 -52.0 5.50392 18636
2017 1021 000B 0000 0000 0005 -50.5 5.39348 18640
2017 1021 000B 0000 0000 0001 -53.5 4.91487 18913
2017 1021 000B 0000 0000 0005 -52.5 5.08054 18917
2017 1021 000B 0000 0000 0001 -53.5 4.86579 18937
2017 1021 000B 0000 0000 0005 -52.5 5.01305 18941
2017 1021 000B 0000 0000 0001 -54.5 4.39332 19215
2017 1021 000B 0000 0000 0005 -54.5 4.72466 19220
2017 1021 000B 0000 0000 0001 -55.0 4.40559 19240
2017 1021 000B 0000 0000 0005 -55.0 4.66944 19245
2017 1021 000B 0000 0000 0001 -57.0 3.85336 19517
2017 1021 000B 0000 0000 0005 -57.5 4.16016 19521
2017 1021 000B 0000 0000 0001 -57.0 3.78586 19544
2017 1021 000B 0000 0000 0005 -58.5 4.19084 19549
2017 1021 000B 0000 0000 0005 -61.0 3.57111 19823
2017 1021 000B 0000 0000 0001 -58.5 3.37476 19828
2017 1021 000B 0000 0000 0001 -59.0 3.17841 19851
2017 1021 000B 0000 0000 0005 -62.0 3.54043 19856
