2017 1021 000B 0000 0000 0004 -57.5 0.81608 0
2017 1021 000B 0000 0000 0003 -57.5 1.61988 19
2017 1021 000B 0000 0000 0004 -55.5 4.12948 53
2017 1021 000B 0000 0000 0003 -57.5 1.68738 72
2017 1021 000B 0000 0000 0004 -52.5 5.73095 1027
2017 1021 000B 0000 0000 0004 -52.5 5.90276 1339
2017 1021 000B 0000 0000 0003 -56.0 3.04955 1370
2017 1021 000B 0000 0000 0004 -54.5 0.04909 1410
2017 1021 000B 0000 0000 0003 -56.5 6.22796 1430
2017 1021 000B 0000 0000 0004 -53.5 0.44792 1732
2017 1021 000B 0000 0000 0004 -55.0 0.50315 1778
2017 1021 000B 0000 0000 0004 -54.0 1.06765 2066
2017 1021 000B 0000 0000 0004 -54.5 1.14742 2133
2017 1021 000B 0000 0000 0004 -53.0 5.11736 2674
2017 1021 000B 0000 0000 0004 -54.5 5.31985 2706
2017 1021 000B 0000 0000 0004 -54.0 2.57709 3005
2017 1021 000B 0000 0000 0004 -53.5 5.87208 3037
2017 1021 000B 0000 0000 0004 -53.5 0.04909 3332
2017 1021 000B 0000 0000 0003 -57.0 0.99402 3352
2017 1021 000B 0000 0000 0004 -53.5 0.18408 3393
2017 1021 000B 0000 0000 0003 -56.5 1.02470 3413
2017 1021 000B 0000 0000 0004 -53.5 3.84109 3694
2017 1021 000B 0000 0000 0003 -55.0 1.70579 3713
2017 1021 000B 0000 0000 0004 -53.0 0.90812 3753
2017 1021 000B 0000 0000 0004 -52.5 1.35604 4069
2017 1021 000B 0000 0000 0003 -54.0 2.52186 4100
2017 1021 000B 0000 0000 0003 -56.0 5.60210 4149
2017 1021 000B 0000 0000 0004 -51.5 4.71852 4168
2017 1021 000B 0000 0000 0004 -51.5 2.17212 4470
2017 1021 000B 0000 0000 0003 -55.5 3.19682 4499
2017 1021 000B 0000 0000 0004 -52.5 2.21507 4543
2017 1021 000B 0000 0000 0003 -55.0 3.42385 4576
2017 1021 000B 0000 0000 0004 -52.5 5.89049 4869
2017 1021 000B 0000 0000 0003 -55.5 4.08039 4889
2017 1021 000B 0000 0000 0004 -51.5 2.53414 4917
2017 1021 000B 0000 0000 0003 -54.5 1.22105 4928
2017 1021 000B 0000 0000 0003 -54.0 4.90260 5216
2017 1021 000B 0000 0000 0004 -52.5 0.30680 5236
2017 1021 000B 0000 0000 0004 -52.0 3.47293 5263
2017 1021 000B 0000 0000 0003 -54.0 4.92101 5276
2017 1021 000B 0000 0000 0003 -55.0 5.60210 5564
2017 1021 000B 0000 0000 0004 -51.0 1.00629 5583
2017 1021 000B 0000 0000 0003 -54.0 5.88435 5621
2017 1021 000B 0000 0000 0004 -52.0 1.06765 5650
2017 1021 000B 0000 0000 0004 -52.5 1.70579 5988
2017 1021 000B 0000 0000 0003 -52.5 0.53383 6007
2017 1021 000B 0000 0000 0003 -51.5 0.49701 6049
2017 1021 000B 0000 0000 0004 -52.5 5.00691 6068
2017 1021 000B 0000 0000 0003 -51.5 1.34990 6355
2017 1021 000B 0000 0000 0004 -52.0 5.63278 6374
2017 1021 000B 0000 0000 0003 -50.0 1.47262 6425
2017 1021 000B 0000 0000 0004 -51.5 5.92730 6454
2017 1021 000B 0000 0000 0004 -53.0 0.33134 6751
2017 1021 000B 0000 0000 0003 -49.5 2.23961 6771
2017 1021 000B 0000 0000 0002 -57.5 0.65041 6792
2017 1021 000B 0000 0000 0003 -49.5 2.42369 6839
2017 1021 000B 0000 0000 0004 -51.0 0.57678 6870
2017 1021 000B 0000 0000 0003 -46.5 2.81639 7154
2017 1021 000B 0000 0000 0004 -52.0 4.43627 7166
2017 1021 000B 0000 0000 0002 -57.0 3.89631 7186
2017 1021 000B 0000 0000 0003 -46.0 3.28885 7212
2017 1021 000B 0000 0000 0004 -52.0 4.60194 7223
2017 1021 000B 0000 0000 0002 -57.5 4.35651 7243
2017 1021 000B 0000 0000 0003 -46.0 3.59565 7522
2017 1021 000B 0000 0000 0004 -51.0 5.55301 7554
2017 1021 000B 0000 0000 0002 -57.5 4.71852 7582
2017 1021 000B 0000 0000 0003 -46.0 3.85336 7604
2017 1021 000B 0000 0000 0004 -52.5 5.72482 7616
2017 1021 000B 0000 0000 0003 -44.5 4.35651 7897
2017 1021 000B 0000 0000 0004 -51.0 0.24544 7916
2017 1021 000B 0000 0000 0004 -49.0 3.54656 7952
2017 1021 000B 0000 0000 0003 -44.5 4.68785 7957
2017 1021 000B 0000 0000 0003 -43.5 4.94555 8235
2017 1021 000B 0000 0000 0004 -50.0 4.50377 8240
2017 1021 000B 0000 0000 0003 -43.5 5.00691 8275
2017 1021 000B 0000 0000 0004 -50.5 4.60808 8307
2017 1021 000B 0000 0000 0004 -46.5 5.30144 8593
2017 1021 000B 0000 0000 0003 -42.0 5.31371 8597
2017 1021 000B 0000 0000 0003 -42.0 5.49779 8621
2017 1021 000B 0000 0000 0004 -48.0 5.45484 8629
2017 1021 000B 0000 0000 0003 -41.0 5.80458 8906
2017 1021 000B 0000 0000 0004 -47.0 6.14206 8911
2017 1021 000B 0000 0000 0003 -41.0 5.91503 8933
2017 1021 000B 0000 0000 0004 -46.5 6.25864 8938
2017 1021 000B 0000 0000 0004 -45.5 0.36202 9210
2017 1021 000B 0000 0000 0003 -40.0 6.05616 9214
2017 1021 000B 0000 0000 0001 -56.0 4.90874 9228
2017 1021 000B 0000 0000 0003 -39.5 6.03161 9252
2017 1021 000B 0000 0000 0004 -45.0 0.68109 9258
2017 1021 000B 0000 0000 0001 -54.0 4.98851 9276
2017 1021 000B 0000 0000 0003 -38.0 6.27705 9565
2017 1021 000B 0000 0000 0004 -43.5 1.31309 9570
2017 1021 000B 0000 0000 0001 -54.0 5.49779 9582
2017 1021 000B 0000 0000 0003 -38.0 0.06136 9609
2017 1021 000B 0000 0000 0004 -43.0 1.32536 9614
2017 1021 000B 0000 0000 0001 -52.5 5.51619 9628
2017 1021 000B 0000 0000 0003 -37.0 0.15953 9920
2017 1021 000B 0000 0000 0004 -42.0 1.69351 9925
2017 1021 000B 0000 0000 0001 -52.5 6.03161 9942
2017 1021 000B 0000 0000 0003 -36.5 0.33134 9982
2017 1021 000B 0000 0000 0004 -41.0 1.71192 9988
2017 1021 000B 0000 0000 0001 -52.0 6.09297 10006
2017 1021 000B 0000 0000 0004 -39.5 2.10462 10293
2017 1021 000B 0000 0000 0001 -50.0 0.02454 10297
2017 1021 000B 0000 0000 0003 -35.5 0.33134 10302
2017 1021 000B 0000 0000 0003 -35.5 0.42951 10329
2017 1021 000B 0000 0000 0004 -39.5 2.12303 10334
2017 1021 000B 0000 0000 0001 -50.0 0.41111 10340
2017 1021 000B 0000 0000 0003 -34.5 0.50928 10612
2017 1021 000B 0000 0000 0004 -39.5 2.36847 10616
2017 1021 000B 0000 0000 0001 -48.0 0.65654 10621
2017 1021 000B 0000 0000 0005 -59.5 3.74291 10632
2017 1021 000B 0000 0000 0003 -35.0 0.53996 10661
2017 1021 000B 0000 0000 0004 -39.0 2.38074 10666
2017 1021 000B 0000 0000 0005 -59.5 0.49087 10678
2017 1021 000B 0000 0000 0001 -49.5 0.88357 10697
2017 1021 000B 0000 0000 0001 -47.0 1.06151 10976
2017 1021 000B 0000 0000 0003 -35.0 0.46633 10982
2017 1021 000B 0000 0000 0004 -37.0 2.79185 10987
2017 1021 000B 0000 0000 0002 -57.0 6.11138 10998
2017 1021 000B 0000 0000 0005 -58.5 4.08039 11016
2017 1021 000B 0000 0000 0003 -35.0 0.61973 11044
2017 1021 000B 0000 0000 0001 -45.5 1.39285 11049
2017 1021 000B 0000 0000 0004 -37.0 2.78571 11053
2017 1021 000B 0000 0000 0002 -56.0 6.07456 11068
2017 1021 000B 0000 0000 0005 -59.0 4.12948 11087
2017 1021 000B 0000 0000 0004 -36.5 2.98206 11363
2017 1021 000B 0000 0000 0003 -35.5 0.52769 11368
2017 1021 000B 0000 0000 0001 -45.0 1.63829 11373
2017 1021 000B 0000 0000 0002 -51.5 0.44179 11392
2017 1021 000B 0000 0000 0005 -57.5 4.58967 11424
2017 1021 000B 0000 0000 0001 -45.5 1.65670 11461
2017 1021 000B 0000 0000 0004 -36.5 2.94524 11466
2017 1021 000B 0000 0000 0003 -35.5 0.39270 11470
2017 1021 000B 0000 0000 0002 -51.5 0.28225 11487
2017 1021 000B 0000 0000 0005 -55.0 4.85965 11522
2017 1021 000B 0000 0000 0003 -36.5 0.20249 11813
2017 1021 000B 0000 0000 0004 -36.0 3.17841 11818
2017 1021 000B 0000 0000 0002 -48.5 0.69950 11822
2017 1021 000B 0000 0000 0001 -43.0 2.01872 11827
2017 1021 000B 0000 0000 0005 -56.0 5.38120 11844
2017 1021 000B 0000 0000 0004 -36.0 3.19682 11881
2017 1021 000B 0000 0000 0003 -37.0 0.22089 11885
2017 1021 000B 0000 0000 0001 -44.5 2.08008 11890
2017 1021 000B 0000 0000 0002 -48.0 0.76699 11897
2017 1021 000B 0000 0000 0005 -56.0 5.51006 11925
2017 1021 000B 0000 0000 0002 -46.5 1.24559 12211
2017 1021 000B 0000 0000 0001 -43.5 2.28256 12216
2017 1021 000B 0000 0000 0004 -36.5 3.23977 12221
2017 1021 000B 0000 0000 0003 -38.5 6.23410 12225
2017 1021 000B 0000 0000 0005 -58.0 0.04909 12236
2017 1021 000B 0000 0000 0001 -43.0 2.33779 12264
2017 1021 000B 0000 0000 0004 -36.0 3.23977 12269
2017 1021 000B 0000 0000 0003 -38.5 6.21569 12274
2017 1021 000B 0000 0000 0005 -58.5 0.01841 12284
2017 1021 000B 0000 0000 0002 -46.5 4.16629 12305
2017 1021 000B 0000 0000 0002 -44.5 1.20878 12583
2017 1021 000B 0000 0000 0001 -42.0 2.45437 12588
2017 1021 000B 0000 0000 0003 -40.0 6.03161 12592
2017 1021 000B 0000 0000 0004 -37.0 3.23363 12598
2017 1021 000B 0000 0000 0005 -56.5 0.83449 12619
2017 1021 000B 0000 0000 0003 -39.5 6.06843 12651
2017 1021 000B 0000 0000 0004 -37.5 3.25204 12656
2017 1021 000B 0000 0000 0001 -41.5 2.44210 12660
2017 1021 000B 0000 0000 0002 -45.0 1.25173 12665
2017 1021 000B 0000 0000 0005 -55.5 0.95720 12679
2017 1021 000B 0000 0000 0001 -40.5 2.46051 12972
2017 1021 000B 0000 0000 0003 -41.0 5.71254 12976
2017 1021 000B 0000 0000 0002 -44.0 1.34990 12981
2017 1021 000B 0000 0000 0004 -39.5 3.15386 12986
2017 1021 000B 0000 0000 0005 -54.5 1.55852 13005
2017 1021 000B 0000 0000 0004 -39.5 3.20295 13038
2017 1021 000B 0000 0000 0003 -41.5 5.61437 13043
2017 1021 000B 0000 0000 0001 -40.5 2.45437 13048
2017 1021 000B 0000 0000 0005 -54.0 1.65670 13065
2017 1021 000B 0000 0000 0002 -44.0 1.34990 13094
2017 1021 000B 0000 0000 0002 -43.0 1.56466 13382
2017 1021 000B 0000 0000 0004 -41.5 3.03115 13387
2017 1021 000B 0000 0000 0001 -40.0 5.57142 13398
2017 1021 000B 0000 0000 0005 -54.5 2.47278 13417
2017 1021 000B 0000 0000 0003 -43.5 5.22781 13435
2017 1021 000B 0000 0000 0004 -41.0 3.14159 13457
2017 1021 000B 0000 0000 0001 -39.0 2.46664 13462
2017 1021 000B 0000 0000 0005 -53.0 5.76163 13478
2017 1021 000B 0000 0000 0002 -43.5 1.47876 13507
2017 1021 000B 0000 0000 0004 -43.0 3.05569 13796
2017 1021 000B 0000 0000 0001 -39.0 2.34392 13801
2017 1021 000B 0000 0000 0002 -42.0 1.64443 13806
2017 1021 000B 0000 0000 0003 -44.0 4.82897 13811
2017 1021 000B 0000 0000 0005 -52.5 0.30066 13822
2017 1021 000B 0000 0000 0003 -44.5 4.58967 13849
2017 1021 000B 0000 0000 0001 -38.5 2.28256 13854
2017 1021 000B 0000 0000 0004 -43.0 2.91456 13860
2017 1021 000B 0000 0000 0002 -42.5 1.58920 13865
2017 1021 000B 0000 0000 0005 -51.5 0.47860 13883
2017 1021 000B 0000 0000 0005 -49.0 1.12901 14173
2017 1021 000B 0000 0000 0003 -45.5 3.92085 14178
2017 1021 000B 0000 0000 0001 -39.5 2.19666 14183
2017 1021 000B 0000 0000 0002 -42.5 1.55852 14188
2017 1021 000B 0000 0000 0004 -45.5 2.84093 14194
2017 1021 000B 0000 0000 0001 -39.5 2.25188 14217
2017 1021 000B 0000 0000 0002 -42.5 1.65056 14221
2017 1021 000B 0000 0000 0005 -48.0 1.09833 14226
2017 1021 000B 0000 0000 0004 -45.5 2.59550 14231
2017 1021 000B 0000 0000 0003 -45.0 4.04971 14236
2017 1021 000B 0000 0000 0003 -46.5 3.47293 14509
2017 1021 000B 0000 0000 0005 -48.0 1.68124 14514
2017 1021 000B 0000 0000 0001 -40.0 2.18439 14518
2017 1021 000B 0000 0000 0002 -41.5 1.44194 14523
2017 1021 000B 0000 0000 0004 -46.5 2.43596 14528
2017 1021 000B 0000 0000 0004 -46.5 2.19666 14547
2017 1021 000B 0000 0000 0001 -40.0 2.12917 14553
2017 1021 000B 0000 0000 0002 -43.5 1.40513 14558
2017 1021 000B 0000 0000 0003 -46.5 3.28885 14568
2017 1021 000B 0000 0000 0005 -48.5 4.72466 14582
2017 1021 000B 0000 0000 0001 -40.5 2.03713 14875
2017 1021 000B 0000 0000 0003 -46.0 2.85320 14880
2017 1021 000B 0000 0000 0002 -44.0 1.52784 14884
2017 1021 000B 0000 0000 0005 -46.0 2.06167 14889
2017 1021 000B 0000 0000 0001 -40.0 1.95736 14911
2017 1021 000B 0000 0000 0003 -46.5 2.84707 14918
2017 1021 000B 0000 0000 0005 -47.0 5.25235 14932
2017 1021 000B 0000 0000 0002 -44.5 4.58967 14952
2017 1021 000B 0000 0000 0004 -49.0 4.54672 14971
2017 1021 000B 0000 0000 0002 -44.0 1.41740 15246
2017 1021 000B 0000 0000 0001 -42.5 1.77942 15252
2017 1021 000B 0000 0000 0005 -45.5 2.38074 15257
2017 1021 000B 0000 0000 0004 -53.0 0.74858 15274
2017 1021 000B 0000 0000 0003 -49.5 2.04326 15303
2017 1021 000B 0000 0000 0002 -44.0 1.28241 15338
2017 1021 000B 0000 0000 0003 -48.5 1.93282 15343
2017 1021 000B 0000 0000 0001 -42.5 1.89600 15359
2017 1021 000B 0000 0000 0005 -46.0 5.69414 15389
2017 1021 000B 0000 0000 0004 -55.0 0.28225 15422
2017 1021 000B 0000 0000 0001 -42.0 1.72419 15703
2017 1021 000B 0000 0000 0005 -42.5 2.70594 15707
2017 1021 000B 0000 0000 0002 -47.5 4.20924 15719
2017 1021 000B 0000 0000 0003 -50.5 1.06765 15739
2017 1021 000B 0000 0000 0001 -44.0 1.30695 15766
2017 1021 000B 0000 0000 0002 -47.0 0.68109 15775
2017 1021 000B 0000 0000 0005 -45.0 2.65072 15780
2017 1021 000B 0000 0000 0003 -49.0 1.00629 15786
2017 1021 000B 0000 0000 0001 -45.0 1.45421 16058
2017 1021 000B 0000 0000 0005 -44.0 2.79798 16063
2017 1021 000B 0000 0000 0002 -49.0 0.61359 16078
2017 1021 000B 0000 0000 0003 -50.5 0.14113 16110
2017 1021 000B 0000 0000 0001 -43.5 1.35604 16157
2017 1021 000B 0000 0000 0002 -46.5 0.51542 16162
2017 1021 000B 0000 0000 0005 -42.0 2.75503 16167
2017 1021 000B 0000 0000 0003 -50.0 6.15433 16182
2017 1021 000B 0000 0000 0005 -43.5 2.91456 16473
2017 1021 000B 0000 0000 0001 -44.0 1.07992 16480
2017 1021 000B 0000 0000 0003 -50.0 5.51619 16496
2017 1021 000B 0000 0000 0002 -52.0 6.25251 16524
2017 1021 000B 0000 0000 0001 -46.5 0.43565 16546
2017 1021 000B 0000 0000 0005 -42.0 3.01274 16550
2017 1021 000B 0000 0000 0003 -50.0 5.38120 16561
2017 1021 000B 0000 0000 0001 -46.0 0.37429 16843
2017 1021 000B 0000 0000 0005 -43.0 3.25204 16847
2017 1021 000B 0000 0000 0003 -48.0 4.68171 16853
2017 1021 000B 0000 0000 0002 -52.0 5.41188 16904
2017 1021 000B 0000 0000 0005 -44.0 3.33794 16955
2017 1021 000B 0000 0000 0001 -47.0 0.18408 16966
2017 1021 000B 0000 0000 0003 -49.5 4.61421 16980
2017 1021 000B 0000 0000 0002 -53.5 1.98804 17021
2017 1021 000B 0000 0000 0001 -47.0 5.90276 17296
2017 1021 000B 0000 0000 0005 -45.0 3.19068 17301
2017 1021 000B 0000 0000 0003 -50.0 3.84722 17305
2017 1021 000B 0000 0000 0003 -48.5 4.08039 17344
2017 1021 000B 0000 0000 0005 -46.0 0.19021 17374
2017 1021 000B 0000 0000 0001 -47.5 5.78004 17408
2017 1021 000B 0000 0000 0005 -46.5 3.41771 17689
2017 1021 000B 0000 0000 0001 -48.5 2.01872 17702
2017 1021 000B 0000 0000 0003 -50.0 0.20249 17721
2017 1021 000B 0000 0000 0002 -57.5 6.18501 17740
2017 1021 000B 0000 0000 0005 -47.0 3.56497 17761
2017 1021 000B 0000 0000 0001 -48.0 5.04986 17778
2017 1021 000B 0000 0000 0003 -50.5 0.04909 17813
2017 1021 000B 0000 0000 0005 -46.5 3.35635 18107
2017 1021 000B 0000 0000 0003 -50.5 2.85320 18124
2017 1021 000B 0000 0000 0001 -49.0 4.35651 18155
2017 1021 000B 0000 0000 0001 -49.5 4.06812 18191
2017 1021 000B 0000 0000 0005 -48.5 3.46066 18195
2017 1021 000B 0000 0000 0003 -51.0 5.73709 18210
2017 1021 000B 0000 0000 0001 -50.0 0.60132 18497
2017 1021 000B 0000 0000 0005 -49.5 0.06750 18530
2017 1021 000B 0000 0000 0003 -51.5 1.94509 18560
2017 1021 000B 0000 0000 0005 -50.5 3.24590 18588
2017 1021 000B 0000 0000 0001 -50.5 3.62019 18607
2017 1021 000B 0000 0000 0005 -49.5 3.26431 18897
2017 1021 000B 0000 0000 0001 -52.0 6.09911 18919
2017 1021 000B 0000 0000 0003 -52.0 1.30695 18951
2017 1021 000B 0000 0000 0005 -50.5 6.04388 18996
2017 1021 000B 0000 0000 0001 -52.5 5.97025 19027
2017 1021 000B 0000 0000 0003 -53.0 1.11060 19060
2017 1021 000B 0000 0000 0001 -53.0 2.00031 19351
2017 1021 000B 0000 0000 0005 -51.0 5.44870 19383
2017 1021 000B 0000 0000 0003 -54.5 0.09817 19412
2017 1021 000B 0000 0000 0001 -53.5 1.92668 19452
2017 1021 000B 0000 0000 0005 -52.0 5.32598 19484
2017 1021 000B 0000 0000 0005 -53.0 4.78602 19778
2017 1021 000B 0000 0000 0001 -55.0 1.17196 19798
2017 1021 000B 0000 0000 0003 -57.0 5.52233 19817
2017 1021 000B 0000 0000 0001 -55.5 1.04311 19845
2017 1021 000B 0000 0000 0005 -54.0 1.54012 19866
