2017 1021 000B 0000 0000 0005 -56.5 4.70625 0
2017 1021 000B 0000 0000 0004 -52.5 0.33748 334
2017 1021 000B 0000 0000 0005 -56.0 5.21553 364
2017 1021 000B 0000 0000 0004 -53.5 0.39270 408
2017 1021 000B 0000 0000 0004 -52.5 3.82268 694
2017 1021 000B 0000 0000 0004 -52.0 3.95153 764
2017 1021 000B 0000 0000 0005 -55.5 5.75550 798
2017 1021 000B 0000 0000 0004 -52.0 4.55285 1088
2017 1021 000B 0000 0000 0005 -56.5 0.23317 1111
2017 1021 000B 0000 0000 0005 -55.5 6.20955 1145
2017 1021 000B 0000 0000 0004 -51.0 4.61421 1174
2017 1021 000B 0000 0000 0004 -51.5 4.98237 1480
2017 1021 000B 0000 0000 0005 -55.0 0.72404 1509
2017 1021 000B 0000 0000 0004 -51.5 5.19713 1568
2017 1021 000B 0000 0000 0005 -54.0 1.01243 1601
2017 1021 000B 0000 0000 0004 -50.5 5.63278 1894
2017 1021 000B 0000 0000 0005 -55.5 4.76761 1928
2017 1021 000B 0000 0000 0004 -52.0 5.69414 1975
2017 1021 000B 0000 0000 0005 -55.5 1.78555 1995
2017 1021 000B 0000 0000 0005 -56.0 5.55301 2277
2017 1021 000B 0000 0000 0004 -51.5 6.19115 2295
2017 1021 000B 0000 0000 0004 -52.0 0.07977 2339
2017 1021 000B 0000 0000 0005 -53.0 6.00707 2384
2017 1021 000B 0000 0000 0004 -51.0 0.55837 2678
2017 1021 000B 0000 0000 0005 -53.0 6.21569 2708
2017 1021 000B 0000 0000 0005 -55.5 3.50361 2750
2017 1021 000B 0000 0000 0004 -52.0 0.74245 2769
2017 1021 000B 0000 0000 0005 -54.0 0.84676 3063
2017 1021 000B 0000 0000 0004 -51.0 1.32536 3094
2017 1021 000B 0000 0000 0005 -54.5 1.00016 3138
2017 1021 000B 0000 0000 0004 -51.5 4.63876 3156
2017 1021 000B 0000 0000 0004 -51.5 2.09235 3446
2017 1021 000B 0000 0000 0005 -53.0 4.66330 3481
2017 1021 000B 0000 0000 0004 -51.5 2.28256 3524
2017 1021 000B 0000 0000 0005 -53.0 4.66330 3543
2017 1021 000B 0000 0000 0004 -51.5 2.85934 3834
2017 1021 000B 0000 0000 0005 -52.5 5.38734 3863
2017 1021 000B 0000 0000 0005 -53.0 5.26462 3911
2017 1021 000B 0000 0000 0004 -52.0 6.22183 3941
2017 1021 000B 0000 0000 0005 -53.0 5.83526 4234
2017 1021 000B 0000 0000 0004 -52.5 0.57064 4254
2017 1021 000B 0000 0000 0004 -51.5 0.58905 4297
2017 1021 000B 0000 0000 0005 -53.0 6.01320 4328
2017 1021 000B 0000 0000 0004 -51.5 4.38719 4639
2017 1021 000B 0000 0000 0005 -52.0 0.31907 4669
2017 1021 000B 0000 0000 0004 -51.5 4.49763 4711
2017 1021 000B 0000 0000 0005 -53.0 0.60746 4733
2017 1021 000B 0000 0000 0004 -51.5 5.22167 5024
2017 1021 000B 0000 0000 0005 -52.5 4.20311 5045
2017 1021 000B 0000 0000 0003 -57.5 5.22781 5064
2017 1021 000B 0000 0000 0004 -51.0 5.40575 5099
2017 1021 000B 0000 0000 0005 -52.0 4.46695 5132
2017 1021 000B 0000 0000 0004 -52.0 0.07363 5424
2017 1021 000B 0000 0000 0005 -53.0 5.10509 5446
2017 1021 000B 0000 0000 0003 -56.0 5.81686 5464
2017 1021 000B 0000 0000 0005 -52.0 5.44256 5496
2017 1021 000B 0000 0000 0004 -51.5 0.28225 5529
2017 1021 000B 0000 0000 0004 -51.0 1.17196 5827
2017 1021 000B 0000 0000 0003 -54.0 0.10431 5856
2017 1021 000B 0000 0000 0005 -52.5 6.15433 5887
2017 1021 000B 0000 0000 0003 -56.0 0.47247 5923
2017 1021 000B 0000 0000 0004 -52.0 1.46035 5942
2017 1021 000B 0000 0000 0004 -52.0 5.52847 6229
2017 1021 000B 0000 0000 0005 -52.5 0.89584 6248
2017 1021 000B 0000 0000 0003 -54.0 0.85903 6269
2017 1021 000B 0000 0000 0005 -52.5 0.84062 6304
2017 1021 000B 0000 0000 0004 -50.5 2.71208 6334
2017 1021 000B 0000 0000 0005 -51.0 1.91441 6635
2017 1021 000B 0000 0000 0003 -53.5 1.43581 6669
2017 1021 000B 0000 0000 0005 -51.5 5.17258 6714
2017 1021 000B 0000 0000 0004 -49.0 3.93926 6743
2017 1021 000B 0000 0000 0003 -52.5 1.55852 6785
2017 1021 000B 0000 0000 0004 -46.0 4.90260 7067
2017 1021 000B 0000 0000 0005 -52.0 0.01841 7088
2017 1021 000B 0000 0000 0003 -55.0 1.90214 7108
2017 1021 000B 0000 0000 0004 -46.5 5.08054 7132
2017 1021 000B 0000 0000 0005 -51.0 3.26431 7137
2017 1021 000B 0000 0000 0003 -55.0 5.17872 7149
2017 1021 000B 0000 0000 0004 -45.5 5.75550 7430
2017 1021 000B 0000 0000 0005 -50.0 3.98835 7435
2017 1021 000B 0000 0000 0003 -55.0 2.49732 7446
2017 1021 000B 0000 0000 0004 -45.5 5.68800 7475
2017 1021 000B 0000 0000 0003 -56.5 5.66959 7491
2017 1021 000B 0000 0000 0005 -50.5 1.11674 7512
2017 1021 000B 0000 0000 0004 -43.5 0.06136 7790
2017 1021 000B 0000 0000 0003 -55.0 6.23410 7806
2017 1021 000B 0000 0000 0005 -49.5 5.10509 7836
2017 1021 000B 0000 0000 0004 -42.0 0.17794 7874
2017 1021 000B 0000 0000 0005 -47.5 5.27076 7880
2017 1021 000B 0000 0000 0003 -57.0 0.04295 7894
2017 1021 000B 0000 0000 0004 -40.5 0.52769 8173
2017 1021 000B 0000 0000 0005 -48.0 5.97639 8179
2017 1021 000B 0000 0000 0003 -58.0 3.55884 8190
2017 1021 000B 0000 0000 0004 -40.0 0.47860 8218
2017 1021 000B 0000 0000 0005 -46.5 0.02454 8223
2017 1021 000B 0000 0000 0003 -58.0 0.74858 8236
2017 1021 000B 0000 0000 0004 -38.5 0.87744 8516
2017 1021 000B 0000 0000 0005 -47.5 0.62586 8520
2017 1021 000B 0000 0000 0003 -61.0 4.14175 8536
2017 1021 000B 0000 0000 0004 -38.0 0.90812 8560
2017 1021 000B 0000 0000 0005 -46.5 0.33134 8564
2017 1021 000B 0000 0000 0003 -59.0 0.89584 8582
2017 1021 000B 0000 0000 0005 -46.0 1.33763 8872
2017 1021 000B 0000 0000 0004 -36.0 1.18423 8876
2017 1021 000B 0000 0000 0005 -45.5 1.44808 8899
2017 1021 000B 0000 0000 0004 -35.5 1.08606 8904
2017 1021 000B 0000 0000 0005 -45.5 2.05553 9176
2017 1021 000B 0000 0000 0004 -34.0 1.39285 9181
2017 1021 000B 0000 0000 0002 -58.5 0.23317 9196
2017 1021 000B 0000 0000 0005 -45.0 2.04940 9235
2017 1021 000B 0000 0000 0004 -34.0 1.47262 9240
2017 1021 000B 0000 0000 0002 -57.5 0.30680 9260
2017 1021 000B 0000 0000 0004 -32.0 1.68124 9546
2017 1021 000B 0000 0000 0005 -43.5 2.68140 9551
2017 1021 000B 0000 0000 0002 -54.0 0.97561 9557
2017 1021 000B 0000 0000 0005 -43.0 2.59550 9579
2017 1021 000B 0000 0000 0004 -32.0 1.66284 9583
2017 1021 000B 0000 0000 0002 -54.5 0.85903 9604
2017 1021 000B 0000 0000 0002 -52.0 1.43581 9895
2017 1021 000B 0000 0000 0005 -42.0 3.14773 9899
2017 1021 000B 0000 0000 0004 -30.5 1.85305 9904
2017 1021 000B 0000 0000 0005 -42.0 3.13546 9927
2017 1021 000B 0000 0000 0004 -30.5 1.88373 9932
2017 1021 000B 0000 0000 0002 -52.0 1.36217 9937
2017 1021 000B 0000 0000 0004 -30.0 1.95736 10208
2017 1021 000B 0000 0000 0002 -50.5 1.77942 10213
2017 1021 000B 0000 0000 0005 -39.0 3.47907 10218
2017 1021 000B 0000 0000 0001 -60.5 3.70610 10235
2017 1021 000B 0000 0000 0002 -49.0 1.79783 10274
2017 1021 000B 0000 0000 0005 -39.0 3.50361 10278
2017 1021 000B 0000 0000 0004 -30.0 1.98804 10283
2017 1021 000B 0000 0000 0001 -60.0 3.79200 10297
2017 1021 000B 0000 0000 0004 -30.0 1.99418 10590
2017 1021 000B 0000 0000 0005 -37.0 3.71837 10594
2017 1021 000B 0000 0000 0002 -49.0 2.35006 10599
2017 1021 000B 0000 0000 0001 -59.5 4.09266 10610
2017 1021 000B 0000 0000 0003 -59.0 5.94571 10629
2017 1021 000B 0000 0000 0004 -29.5 1.98804 10656
2017 1021 000B 0000 0000 0005 -36.5 3.76132 10661
2017 1021 000B 0000 0000 0002 -49.0 2.33779 10666
2017 1021 000B 0000 0000 0003 -57.5 6.25251 10680
2017 1021 000B 0000 0000 0001 -59.0 4.04357 10711
2017 1021 000B 0000 0000 0004 -30.5 1.88373 11008
2017 1021 000B 0000 0000 0005 -35.0 4.02517 11013
2017 1021 000B 0000 0000 0003 -52.5 0.68109 11029
2017 1021 000B 0000 0000 0002 -48.5 6.14206 11060
2017 1021 000B 0000 0000 0001 -59.5 4.63876 11091
2017 1021 000B 0000 0000 0002 -47.5 3.02501 11120
2017 1021 000B 0000 0000 0003 -49.5 0.73631 11124
2017 1021 000B 0000 0000 0005 -34.0 4.11720 11129
2017 1021 000B 0000 0000 0004 -31.0 1.82851 11133
2017 1021 000B 0000 0000 0005 -33.5 4.18470 11409
2017 1021 000B 0000 0000 0002 -46.5 3.29499 11413
2017 1021 000B 0000 0000 0004 -32.5 1.68124 11418
2017 1021 000B 0000 0000 0003 -48.0 1.25786 11423
2017 1021 000B 0000 0000 0001 -60.5 5.31985 11439
2017 1021 000B 0000 0000 0005 -33.0 4.20311 11478
2017 1021 000B 0000 0000 0004 -33.5 1.63216 11482
2017 1021 000B 0000 0000 0003 -47.5 1.09219 11487
2017 1021 000B 0000 0000 0002 -46.0 3.47293 11492
2017 1021 000B 0000 0000 0001 -60.5 5.54074 11509
2017 1021 000B 0000 0000 0005 -33.5 4.30128 11799
2017 1021 000B 0000 0000 0003 -45.0 1.52171 11804
2017 1021 000B 0000 0000 0002 -44.5 3.64474 11808
2017 1021 000B 0000 0000 0004 -34.5 1.40513 11813
2017 1021 000B 0000 0000 0001 -61.5 0.10431 11827
2017 1021 000B 0000 0000 0005 -33.5 4.25833 11867
2017 1021 000B 0000 0000 0004 -35.0 1.41740 11872
2017 1021 000B 0000 0000 0003 -45.5 1.59534 11876
2017 1021 000B 0000 0000 0002 -44.5 3.61406 11881
2017 1021 000B 0000 0000 0001 -62.0 0.00614 11899
2017 1021 000B 0000 0000 0003 -43.5 1.70579 12192
2017 1021 000B 0000 0000 0004 -36.5 1.11060 12197
2017 1021 000B 0000 0000 0005 -35.0 4.30128 12201
2017 1021 000B 0000 0000 0002 -43.0 3.73678 12206
2017 1021 000B 0000 0000 0001 -62.0 0.98788 12223
2017 1021 000B 0000 0000 0002 -43.0 3.61406 12261
2017 1021 000B 0000 0000 0003 -43.0 1.69351 12265
2017 1021 000B 0000 0000 0004 -37.5 1.06765 12286
2017 1021 000B 0000 0000 0005 -36.0 1.18423 12316
2017 1021 000B 0000 0000 0001 -61.0 1.39285 12346
2017 1021 000B 0000 0000 0005 -37.0 4.22152 12627
2017 1021 000B 0000 0000 0003 -41.0 1.82237 12631
2017 1021 000B 0000 0000 0004 -39.5 0.84062 12636
2017 1021 000B 0000 0000 0002 -42.0 3.67542 12640
2017 1021 000B 0000 0000 0001 -59.5 2.60777 12656
2017 1021 000B 0000 0000 0004 -40.0 0.80381 12695
2017 1021 000B 0000 0000 0005 -37.5 4.25833 12700
2017 1021 000B 0000 0000 0003 -41.5 1.82851 12717
2017 1021 000B 0000 0000 0001 -59.5 5.90276 12746
2017 1021 000B 0000 0000 0002 -42.5 0.48474 12778
2017 1021 000B 0000 0000 0005 -40.0 4.26447 13059
2017 1021 000B 0000 0000 0001 -55.5 0.47247 13064
2017 1021 000B 0000 0000 0002 -41.5 3.53429 13069
2017 1021 000B 0000 0000 0003 -40.0 1.92054 13073
2017 1021 000B 0000 0000 0004 -42.0 0.36816 13094
2017 1021 000B 0000 0000 0004 -41.5 0.37429 13126
2017 1021 000B 0000 0000 0005 -40.0 4.30128 13131
2017 1021 000B 0000 0000 0003 -39.0 1.87146 13135
2017 1021 000B 0000 0000 0002 -41.0 3.47293 13140
2017 1021 000B 0000 0000 0001 -53.5 0.84676 13145
2017 1021 000B 0000 0000 0003 -38.5 1.93282 13420
2017 1021 000B 0000 0000 0004 -43.5 6.22183 13425
2017 1021 000B 0000 0000 0005 -42.0 4.15402 13430
2017 1021 000B 0000 0000 0002 -41.0 3.35021 13434
2017 1021 000B 0000 0000 0001 -53.0 1.17810 13453
2017 1021 000B 0000 0000 0005 -42.5 4.13561 13487
2017 1021 000B 0000 0000 0002 -41.5 3.35021 13492
2017 1021 000B 0000 0000 0003 -39.0 1.92668 13497
2017 1021 000B 0000 0000 0004 -44.0 6.10524 13502
2017 1021 000B 0000 0000 0001 -52.0 1.32536 13508
2017 1021 000B 0000 0000 0003 -39.5 1.94509 13783
2017 1021 000B 0000 0000 0002 -42.0 3.24590 13787
2017 1021 000B 0000 0000 0005 -44.0 3.89631 13792
2017 1021 000B 0000 0000 0004 -44.0 5.66959 13797
2017 1021 000B 0000 0000 0001 -50.5 5.01919 13811
2017 1021 000B 0000 0000 0003 -39.0 1.98804 13851
2017 1021 000B 0000 0000 0002 -42.0 3.23363 13857
2017 1021 000B 0000 0000 0005 -44.5 3.77973 13861
2017 1021 000B 0000 0000 0004 -45.0 5.49779 13875
2017 1021 000B 0000 0000 0001 -50.0 5.22167 13912
2017 1021 000B 0000 0000 0004 -45.5 5.04373 14197
2017 1021 000B 0000 0000 0003 -40.0 1.95122 14202
2017 1021 000B 0000 0000 0005 -47.0 0.36202 14216
2017 1021 000B 0000 0000 0002 -43.5 0.03068 14249
2017 1021 000B 0000 0000 0001 -48.5 5.74322 14279
2017 1021 000B 0000 0000 0003 -40.0 2.01872 14308
2017 1021 000B 0000 0000 0002 -43.5 3.06796 14313
2017 1021 000B 0000 0000 0004 -46.0 4.77375 14318
2017 1021 000B 0000 0000 0005 -46.5 3.12932 14322
2017 1021 000B 0000 0000 0001 -46.5 2.87161 14595
2017 1021 000B 0000 0000 0005 -47.5 2.79185 14601
2017 1021 000B 0000 0000 0004 -47.0 4.30128 14606
2017 1021 000B 0000 0000 0003 -41.5 2.01258 14610
2017 1021 000B 0000 0000 0002 -45.0 3.08023 14615
2017 1021 000B 0000 0000 0001 -46.5 3.05569 14638
2017 1021 000B 0000 0000 0003 -42.0 1.99418 14643
2017 1021 000B 0000 0000 0002 -44.5 2.96979 14648
2017 1021 000B 0000 0000 0004 -46.5 4.26447 14652
2017 1021 000B 0000 0000 0005 -50.0 5.87208 14669
2017 1021 000B 0000 0000 0002 -47.0 2.90229 14960
2017 1021 000B 0000 0000 0004 -48.0 3.71837 14968
2017 1021 000B 0000 0000 0003 -44.5 1.95736 14972
2017 1021 000B 0000 0000 0001 -45.5 3.13546 14977
2017 1021 000B 0000 0000 0003 -44.5 2.01872 15005
2017 1021 000B 0000 0000 0001 -44.5 3.11091 15010
2017 1021 000B 0000 0000 0002 -45.5 2.84093 15015
2017 1021 000B 0000 0000 0004 -47.5 3.38703 15020
2017 1021 000B 0000 0000 0005 -55.5 4.93328 15035
2017 1021 000B 0000 0000 0001 -44.5 3.21522 15328
2017 1021 000B 0000 0000 0003 -46.0 1.79169 15333
2017 1021 000B 0000 0000 0004 -49.5 2.88388 15344
2017 1021 000B 0000 0000 0002 -47.5 5.69414 15364
2017 1021 000B 0000 0000 0005 -63.0 0.20249 15388
2017 1021 000B 0000 0000 0002 -47.0 2.50959 15410
2017 1021 000B 0000 0000 0001 -43.5 3.42998 15414
2017 1021 000B 0000 0000 0003 -47.0 1.76715 15419
2017 1021 000B 0000 0000 0004 -47.5 2.59550 15424
2017 1021 000B 0000 0000 0001 -43.0 3.46680 15701
2017 1021 000B 0000 0000 0004 -49.5 2.23348 15706
2017 1021 000B 0000 0000 0002 -48.0 2.15371 15711
2017 1021 000B 0000 0000 0003 -48.5 1.41126 15716
2017 1021 000B 0000 0000 0005 -62.0 1.51557 15731
2017 1021 000B 0000 0000 0001 -43.0 3.52816 15756
2017 1021 000B 0000 0000 0003 -49.0 1.31922 15761
2017 1021 000B 0000 0000 0002 -48.0 1.98190 15766
2017 1021 000B 0000 0000 0004 -50.0 1.63216 15771
2017 1021 000B 0000 0000 0005 -62.0 1.20878 15784
2017 1021 000B 0000 0000 0003 -51.0 0.68722 16061
2017 1021 000B 0000 0000 0001 -43.0 3.54043 16067
2017 1021 000B 0000 0000 0005 -60.0 0.29452 16082
2017 1021 000B 0000 0000 0004 -50.5 1.42967 16112
2017 1021 000B 0000 0000 0002 -50.0 1.38672 16141
2017 1021 000B 0000 0000 0001 -43.0 3.58338 16170
2017 1021 000B 0000 0000 0003 -50.5 0.27612 16174
2017 1021 000B 0000 0000 0004 -49.5 1.33150 16180
2017 1021 000B 0000 0000 0005 -57.5 0.45406 16194
2017 1021 000B 0000 0000 0001 -44.0 3.70610 16487
2017 1021 000B 0000 0000 0002 -49.5 0.41724 16494
2017 1021 000B 0000 0000 0004 -51.0 0.67495 16501
2017 1021 000B 0000 0000 0005 -56.5 5.87821 16516
2017 1021 000B 0000 0000 0003 -55.0 5.75550 16547
2017 1021 000B 0000 0000 0002 -50.0 0.83449 16584
2017 1021 000B 0000 0000 0001 -44.5 3.58952 16589
2017 1021 000B 0000 0000 0005 -58.0 5.97639 16606
2017 1021 000B 0000 0000 0003 -55.5 5.58369 16636
2017 1021 000B 0000 0000 0004 -54.0 0.43565 16665
2017 1021 000B 0000 0000 0001 -46.0 3.71837 16947
2017 1021 000B 0000 0000 0003 -55.5 4.52831 16971
2017 1021 000B 0000 0000 0002 -53.0 5.94571 17002
2017 1021 000B 0000 0000 0004 -54.5 6.04388 17047
2017 1021 000B 0000 0000 0001 -47.5 3.78586 17076
2017 1021 000B 0000 0000 0002 -53.0 5.82299 17094
2017 1021 000B 0000 0000 0003 -58.0 1.07992 17125
2017 1021 000B 0000 0000 0001 -49.0 4.23379 17413
2017 1021 000B 0000 0000 0003 -58.5 6.15433 17424
2017 1021 000B 0000 0000 0004 -58.5 5.09282 17444
2017 1021 000B 0000 0000 0002 -54.5 1.77328 17463
2017 1021 000B 0000 0000 0001 -50.5 0.79767 17492
2017 1021 000B 0000 0000 0004 -58.5 4.93942 17511
2017 1021 000B 0000 0000 0003 -58.0 5.15418 17825
2017 1021 000B 0000 0000 0001 -52.5 0.93880 17854
2017 1021 000B 0000 0000 0002 -55.0 4.06812 17884
2017 1021 000B 0000 0000 0001 -53.0 0.85289 17921
2017 1021 000B 0000 0000 0003 -59.0 4.92715 17943
2017 1021 000B 0000 0000 0001 -53.0 4.00062 18220
2017 1021 000B 0000 0000 0003 -58.0 4.31969 18284
2017 1021 000B 0000 0000 0001 -54.0 4.10493 18318
2017 1021 000B 0000 0000 0001 -54.5 0.53996 18613
2017 1021 000B 0000 0000 0001 -54.0 0.44179 18667
2017 1021 000B 0000 0000 0001 -56.0 0.01227 18988
2017 1021 000B 0000 0000 0001 -57.5 0.15340 19025
