2017 1021 000B 0000 0000 0004 -62.5 3.71837 0
2017 1021 000B 0000 0000 0005 -65.5 0.15953 30
2017 1021 000B 0000 0000 0004 -62.0 3.85336 66
2017 1021 000B 0000 0000 0004 -60.5 4.51604 340
2017 1021 000B 0000 0000 0004 -60.0 4.54058 361
2017 1021 000B 0000 0000 0004 -59.0 4.92101 636
2017 1021 000B 0000 0000 0004 -57.5 5.13577 658
2017 1021 000B 0000 0000 0004 -57.5 5.35666 934
2017 1021 000B 0000 0000 0004 -57.5 5.38120 958
2017 1021 000B 0000 0000 0004 -56.5 5.81686 1233
2017 1021 000B 0000 0000 0004 -56.5 5.89049 1256
2017 1021 000B 0000 0000 0004 -55.5 0.01227 1534
2017 1021 000B 0000 0000 0004 -55.0 6.19728 1553
2017 1021 000B 0000 0000 0004 -54.5 0.33748 1824
2017 1021 000B 0000 0000 0004 -54.5 0.37429 1848
2017 1021 000B 0000 0000 0004 -54.5 0.75472 2123
2017 1021 000B 0000 0000 0004 -54.5 0.79767 2146
2017 1021 000B 0000 0000 0004 -53.0 1.11060 2422
2017 1021 000B 0000 0000 0004 -53.5 1.12287 2445
2017 1021 000B 0000 0000 0004 -54.0 1.53398 2721
2017 1021 000B 0000 0000 0004 -53.5 1.47876 2741
2017 1021 000B 0000 0000 0004 -53.5 1.81623 3021
2017 1021 000B 0000 0000 0004 -53.5 1.91441 3044
2017 1021 000B 0000 0000 0005 -63.5 5.63278 3319
2017 1021 000B 0000 0000 0004 -54.5 2.39301 3323
2017 1021 000B 0000 0000 0005 -63.5 5.66959 3347
2017 1021 000B 0000 0000 0004 -55.0 2.37460 3352
2017 1021 000B 0000 0000 0004 -55.0 2.90229 3627
2017 1021 000B 0000 0000 0005 -62.5 5.92730 3632
2017 1021 000B 0000 0000 0004 -55.5 2.95751 3655
2017 1021 000B 0000 0000 0005 -63.5 6.06843 3660
2017 1021 000B 0000 0000 0005 -63.0 0.04295 3935
2017 1021 000B 0000 0000 0004 -55.5 3.47907 3940
2017 1021 000B 0000 0000 0004 -55.5 3.60792 3962
2017 1021 000B 0000 0000 0005 -63.0 6.25251 3967
2017 1021 000B 0000 0000 0004 -55.5 4.07425 4243
2017 1021 000B 0000 0000 0005 -62.5 0.19635 4262
2017 1021 000B 0000 0000 0005 -63.5 0.57064 4583
2017 1021 000B 0000 0000 0004 -55.5 4.70012 4588
2017 1021 000B 0000 0000 0004 -56.0 4.72466 4611
2017 1021 000B 0000 0000 0005 -63.5 0.52155 4616
2017 1021 000B 0000 0000 0004 -55.0 5.33825 4892
2017 1021 000B 0000 0000 0004 -55.0 5.35666 4915
2017 1021 000B 0000 0000 0003 -56.5 5.21553 5191
2017 1021 000B 0000 0000 0004 -54.5 5.89049 5196
2017 1021 000B 0000 0000 0003 -56.0 5.17258 5218
2017 1021 000B 0000 0000 0004 -54.5 5.94571 5223
2017 1021 000B 0000 0000 0004 -54.5 0.13499 5499
2017 1021 000B 0000 0000 0003 -54.0 5.28303 5504
2017 1021 000B 0000 0000 0004 -53.5 0.15340 5525
2017 1021 000B 0000 0000 0003 -53.5 5.25235 5530
2017 1021 000B 0000 0000 0003 -53.5 5.55301 5801
2017 1021 000B 0000 0000 0004 -54.5 0.87744 5807
2017 1021 000B 0000 0000 0003 -53.5 5.55915 5829
2017 1021 000B 0000 0000 0004 -54.5 0.95107 5834
2017 1021 000B 0000 0000 0003 -51.5 5.74936 6110
2017 1021 000B 0000 0000 0004 -54.5 1.53398 6114
2017 1021 000B 0000 0000 0002 -61.5 5.75550 6140
2017 1021 000B 0000 0000 0003 -51.0 5.75550 6177
2017 1021 000B 0000 0000 0004 -54.5 1.67511 6182
2017 1021 000B 0000 0000 0004 -54.5 2.36847 6506
2017 1021 000B 0000 0000 0003 -50.0 6.01934 6511
2017 1021 000B 0000 0000 0002 -60.5 2.90843 6516
2017 1021 000B 0000 0000 0003 -49.5 6.04388 6539
2017 1021 000B 0000 0000 0002 -60.0 2.78571 6543
2017 1021 000B 0000 0000 0004 -54.5 2.44823 6548
2017 1021 000B 0000 0000 0004 -55.5 3.14773 6823
2017 1021 000B 0000 0000 0002 -60.0 3.08023 6828
2017 1021 000B 0000 0000 0003 -49.5 0.00000 6832
2017 1021 000B 0000 0000 0003 -49.0 6.26478 6856
2017 1021 000B 0000 0000 0002 -59.5 6.20342 6873
2017 1021 000B 0000 0000 0004 -55.5 3.35635 6903
2017 1021 000B 0000 0000 0004 -55.5 4.12334 7193
2017 1021 000B 0000 0000 0003 -47.5 0.29452 7198
2017 1021 000B 0000 0000 0002 -59.5 3.31340 7202
2017 1021 000B 0000 0000 0002 -59.5 3.31953 7225
2017 1021 000B 0000 0000 0003 -47.0 0.34361 7230
2017 1021 000B 0000 0000 0004 -55.0 4.31355 7235
2017 1021 000B 0000 0000 0003 -46.5 0.61973 7510
2017 1021 000B 0000 0000 0002 -58.5 3.47907 7515
2017 1021 000B 0000 0000 0004 -55.0 5.27076 7519
2017 1021 000B 0000 0000 0002 -59.5 3.42998 7543
2017 1021 000B 0000 0000 0003 -46.5 0.62586 7548
2017 1021 000B 0000 0000 0004 -55.5 5.34439 7553
2017 1021 000B 0000 0000 0003 -45.5 0.91425 7828
2017 1021 000B 0000 0000 0002 -59.0 3.52816 7833
2017 1021 000B 0000 0000 0004 -54.5 0.07977 7837
2017 1021 000B 0000 0000 0003 -45.5 0.94493 7857
2017 1021 000B 0000 0000 0002 -59.0 3.51588 7861
2017 1021 000B 0000 0000 0004 -54.0 0.25771 7866
2017 1021 000B 0000 0000 0004 -51.0 1.22718 8138
2017 1021 000B 0000 0000 0002 -58.5 3.56497 8143
2017 1021 000B 0000 0000 0003 -44.5 1.20264 8147
2017 1021 000B 0000 0000 0004 -50.5 1.21491 8167
2017 1021 000B 0000 0000 0003 -44.5 1.24559 8172
2017 1021 000B 0000 0000 0002 -57.5 3.70610 8176
2017 1021 000B 0000 0000 0003 -44.5 1.39899 8449
2017 1021 000B 0000 0000 0002 -59.0 3.60179 8454
2017 1021 000B 0000 0000 0004 -48.0 1.91441 8458
2017 1021 000B 0000 0000 0003 -45.0 1.48489 8477
2017 1021 000B 0000 0000 0004 -48.0 1.99418 8482
2017 1021 000B 0000 0000 0002 -58.5 3.28272 8487
2017 1021 000B 0000 0000 0004 -47.0 2.48505 8758
2017 1021 000B 0000 0000 0003 -43.5 1.70579 8763
2017 1021 000B 0000 0000 0002 -58.0 3.68769 8767
2017 1021 000B 0000 0000 0004 -46.5 2.55254 8786
2017 1021 000B 0000 0000 0003 -43.5 1.72419 8791
2017 1021 000B 0000 0000 0002 -58.5 3.52816 8796
2017 1021 000B 0000 0000 0003 -43.0 1.91441 9068
2017 1021 000B 0000 0000 0002 -58.0 3.30113 9073
2017 1021 000B 0000 0000 0004 -46.0 3.00047 9078
2017 1021 000B 0000 0000 0002 -59.0 3.60179 9097
2017 1021 000B 0000 0000 0003 -43.0 1.92054 9102
2017 1021 000B 0000 0000 0004 -45.5 3.01274 9107
2017 1021 000B 0000 0000 0003 -42.0 2.06167 9379
2017 1021 000B 0000 0000 0001 -54.5 1.98190 9384
2017 1021 000B 0000 0000 0004 -44.5 3.41157 9389
2017 1021 000B 0000 0000 0002 -59.5 0.14726 9401
2017 1021 000B 0000 0000 0004 -44.0 3.41771 9427
2017 1021 000B 0000 0000 0001 -53.0 1.96350 9432
2017 1021 000B 0000 0000 0003 -42.0 2.08621 9436
2017 1021 000B 0000 0000 0002 -59.0 3.05569 9442
2017 1021 000B 0000 0000 0004 -43.5 3.84109 9713
2017 1021 000B 0000 0000 0001 -52.0 2.20893 9718
2017 1021 000B 0000 0000 0003 -41.5 2.25802 9723
2017 1021 000B 0000 0000 0002 -58.5 3.17227 9727
2017 1021 000B 0000 0000 0003 -41.5 2.22734 9746
2017 1021 000B 0000 0000 0004 -43.5 3.81041 9752
2017 1021 000B 0000 0000 0001 -51.0 2.16598 9757
2017 1021 000B 0000 0000 0002 -59.5 6.26478 9769
2017 1021 000B 0000 0000 0002 -58.5 3.28885 10048
2017 1021 000B 0000 0000 0003 -41.0 2.33779 10053
2017 1021 000B 0000 0000 0004 -42.0 4.11720 10058
2017 1021 000B 0000 0000 0001 -50.0 2.40528 10062
2017 1021 000B 0000 0000 0002 -58.5 2.87161 10085
2017 1021 000B 0000 0000 0004 -42.0 4.11107 10089
2017 1021 000B 0000 0000 0003 -41.0 2.31324 10094
2017 1021 000B 0000 0000 0001 -49.5 2.39915 10098
2017 1021 000B 0000 0000 0001 -48.5 2.63231 10370
2017 1021 000B 0000 0000 0002 -58.0 2.81025 10375
2017 1021 000B 0000 0000 0003 -40.5 2.36233 10379
2017 1021 000B 0000 0000 0004 -41.0 4.36264 10385
2017 1021 000B 0000 0000 0002 -56.5 2.77957 10404
2017 1021 000B 0000 0000 0003 -40.5 2.36233 10408
2017 1021 000B 0000 0000 0004 -41.0 4.41173 10413
2017 1021 000B 0000 0000 0001 -48.5 2.73662 10418
2017 1021 000B 0000 0000 0003 -40.0 2.35619 10689
2017 1021 000B 0000 0000 0001 -47.5 2.90229 10694
2017 1021 000B 0000 0000 0002 -55.0 2.51573 10699
2017 1021 000B 0000 0000 0004 -40.0 4.55285 10704
2017 1021 000B 0000 0000 0004 -40.0 4.53445 10723
2017 1021 000B 0000 0000 0003 -40.0 2.39301 10727
2017 1021 000B 0000 0000 0002 -55.0 2.92070 10732
2017 1021 000B 0000 0000 0001 -47.5 3.06183 10737
2017 1021 000B 0000 0000 0001 -46.5 3.28272 11008
2017 1021 000B 0000 0000 0004 -40.0 4.74920 11013
2017 1021 000B 0000 0000 0003 -39.5 2.33165 11017
2017 1021 000B 0000 0000 0002 -54.5 2.69981 11022
2017 1021 000B 0000 0000 0004 -39.5 4.74307 11041
2017 1021 000B 0000 0000 0003 -39.5 2.32551 11046
2017 1021 000B 0000 0000 0002 -54.5 2.76730 11051
2017 1021 000B 0000 0000 0001 -46.5 3.37476 11056
2017 1021 000B 0000 0000 0004 -39.0 4.87806 11328
2017 1021 000B 0000 0000 0003 -39.5 2.20893 11332
2017 1021 000B 0000 0000 0001 -45.5 3.69383 11337
2017 1021 000B 0000 0000 0002 -53.0 2.95138 11342
2017 1021 000B 0000 0000 0004 -38.5 4.87806 11362
2017 1021 000B 0000 0000 0003 -39.5 2.20280 11367
2017 1021 000B 0000 0000 0002 -53.5 2.76117 11371
2017 1021 000B 0000 0000 0001 -45.5 3.67542 11376
2017 1021 000B 0000 0000 0003 -39.0 2.06781 11648
2017 1021 000B 0000 0000 0001 -45.0 3.91472 11653
2017 1021 000B 0000 0000 0004 -38.5 4.93942 11658
2017 1021 000B 0000 0000 0002 -52.0 3.01274 11663
2017 1021 000B 0000 0000 0003 -39.0 2.06167 11682
2017 1021 000B 0000 0000 0004 -38.0 4.95783 11687
2017 1021 000B 0000 0000 0002 -52.5 2.89002 11692
2017 1021 000B 0000 0000 0001 -44.5 3.97608 11697
2017 1021 000B 0000 0000 0003 -39.5 1.90827 11968
2017 1021 000B 0000 0000 0002 -50.0 3.01274 11973
2017 1021 000B 0000 0000 0001 -43.5 4.14175 11979
2017 1021 000B 0000 0000 0004 -38.0 4.98851 11984
2017 1021 000B 0000 0000 0001 -43.5 4.11720 12008
2017 1021 000B 0000 0000 0004 -38.5 4.97623 12012
2017 1021 000B 0000 0000 0003 -39.5 1.90214 12017
2017 1021 000B 0000 0000 0002 -50.5 3.17227 12022
2017 1021 000B 0000 0000 0001 -42.5 4.29515 12294
2017 1021 000B 0000 0000 0002 -50.0 3.28272 12299
2017 1021 000B 0000 0000 0004 -38.0 4.97623 12304
2017 1021 000B 0000 0000 0005 -60.0 0.20249 12308
2017 1021 000B 0000 0000 0003 -40.5 1.71806 12322
2017 1021 000B 0000 0000 0001 -42.0 4.33810 12346
2017 1021 000B 0000 0000 0004 -38.0 4.98851 12352
2017 1021 000B 0000 0000 0003 -40.0 1.71192 12356
2017 1021 000B 0000 0000 0005 -60.5 3.53429 12366
2017 1021 000B 0000 0000 0002 -50.0 0.12885 12385
2017 1021 000B 0000 0000 0002 -48.5 3.39930 12666
2017 1021 000B 0000 0000 0001 -41.5 4.36264 12670
2017 1021 000B 0000 0000 0004 -39.0 4.93328 12675
2017 1021 000B 0000 0000 0003 -41.5 1.50944 12680
2017 1021 000B 0000 0000 0005 -56.0 0.95720 12685
2017 1021 000B 0000 0000 0003 -41.5 1.51557 12704
2017 1021 000B 0000 0000 0001 -41.0 4.37491 12709
2017 1021 000B 0000 0000 0004 -39.0 4.92715 12714
2017 1021 000B 0000 0000 0002 -48.5 3.42385 12719
2017 1021 000B 0000 0000 0005 -55.0 1.11674 12724
2017 1021 000B 0000 0000 0003 -42.0 1.25786 12997
2017 1021 000B 0000 0000 0002 -48.0 3.50361 13001
2017 1021 000B 0000 0000 0004 -39.5 4.82284 13006
2017 1021 000B 0000 0000 0001 -40.5 4.38719 13011
2017 1021 000B 0000 0000 0005 -53.5 4.74307 13024
2017 1021 000B 0000 0000 0004 -39.5 4.84738 13048
2017 1021 000B 0000 0000 0003 -42.0 1.26400 13053
2017 1021 000B 0000 0000 0005 -53.0 1.65670 13057
2017 1021 000B 0000 0000 0001 -40.0 4.38105 13062
2017 1021 000B 0000 0000 0002 -47.5 3.47907 13066
2017 1021 000B 0000 0000 0001 -40.0 4.41786 13338
2017 1021 000B 0000 0000 0003 -43.0 1.03697 13342
2017 1021 000B 0000 0000 0004 -41.0 4.78602 13347
2017 1021 000B 0000 0000 0002 -46.5 3.42385 13352
2017 1021 000B 0000 0000 0005 -50.5 1.86532 13357
2017 1021 000B 0000 0000 0003 -44.5 0.93573 13377
2017 1021 000B 0000 0000 0002 -48.0 0.41724 13383
2017 1021 000B 0000 0000 0001 -40.5 1.16889 13389
2017 1021 000B 0000 0000 0004 -41.5 1.54625 13396
2017 1021 000B 0000 0000 0005 -51.5 5.34439 13407
2017 1021 000B 0000 0000 0005 -50.0 2.55254 13691
2017 1021 000B 0000 0000 0002 -46.5 3.65701 13696
2017 1021 000B 0000 0000 0003 -45.5 0.60132 13700
2017 1021 000B 0000 0000 0004 -41.5 4.52831 13706
2017 1021 000B 0000 0000 0001 -39.5 4.30128 13711
2017 1021 000B 0000 0000 0004 -42.0 4.54672 13731
2017 1021 000B 0000 0000 0001 -39.5 4.29515 13735
2017 1021 000B 0000 0000 0005 -50.0 2.81639 13740
2017 1021 000B 0000 0000 0003 -45.5 0.51542 13745
2017 1021 000B 0000 0000 0002 -47.0 3.60792 13750
2017 1021 000B 0000 0000 0001 -39.0 4.22152 14022
2017 1021 000B 0000 0000 0004 -43.0 4.34423 14027
2017 1021 000B 0000 0000 0003 -46.5 0.20249 14032
2017 1021 000B 0000 0000 0005 -50.0 3.03728 14037
2017 1021 000B 0000 0000 0002 -46.5 3.62633 14042
2017 1021 000B 0000 0000 0003 -47.0 0.11045 14061
2017 1021 000B 0000 0000 0004 -42.5 4.30128 14066
2017 1021 000B 0000 0000 0005 -49.5 3.25818 14071
2017 1021 000B 0000 0000 0001 -39.5 4.16629 14075
2017 1021 000B 0000 0000 0002 -46.5 3.62633 14080
2017 1021 000B 0000 0000 0001 -39.5 4.06812 14355
2017 1021 000B 0000 0000 0004 -43.5 4.02517 14360
2017 1021 000B 0000 0000 0002 -46.5 3.62633 14364
2017 1021 000B 0000 0000 0005 -48.5 0.41111 14374
2017 1021 000B 0000 0000 0003 -48.5 5.89049 14393
2017 1021 000B 0000 0000 0001 -39.5 4.03130 14422
2017 1021 000B 0000 0000 0004 -44.0 4.00676 14426
2017 1021 000B 0000 0000 0003 -47.5 5.73709 14431
2017 1021 000B 0000 0000 0002 -46.5 3.58952 14437
2017 1021 000B 0000 0000 0005 -48.0 3.58952 14441
2017 1021 000B 0000 0000 0005 -47.5 3.88404 14714
2017 1021 000B 0000 0000 0002 -47.0 3.55270 14718
2017 1021 000B 0000 0000 0001 -40.5 3.95153 14723
2017 1021 000B 0000 0000 0004 -46.0 0.54610 14734
2017 1021 000B 0000 0000 0003 -50.0 5.17872 14753
2017 1021 000B 0000 0000 0005 -47.5 4.02517 14781
2017 1021 000B 0000 0000 0001 -40.5 3.87790 14786
2017 1021 000B 0000 0000 0002 -46.5 3.52202 14792
2017 1021 000B 0000 0000 0004 -45.5 3.60792 14797
2017 1021 000B 0000 0000 0003 -49.0 4.94555 14801
2017 1021 000B 0000 0000 0001 -41.0 3.66928 15082
2017 1021 000B 0000 0000 0004 -47.0 3.24590 15086
2017 1021 000B 0000 0000 0005 -46.0 4.34423 15091
2017 1021 000B 0000 0000 0002 -47.0 3.52202 15096
2017 1021 000B 0000 0000 0003 -51.0 4.33196 15101
2017 1021 000B 0000 0000 0001 -41.0 3.70610 15124
2017 1021 000B 0000 0000 0002 -47.5 3.25204 15129
2017 1021 000B 0000 0000 0004 -47.0 3.16614 15134
2017 1021 000B 0000 0000 0003 -51.0 4.38105 15139
2017 1021 000B 0000 0000 0005 -46.0 4.29515 15144
2017 1021 000B 0000 0000 0005 -45.5 4.60194 15419
2017 1021 000B 0000 0000 0001 -41.5 3.47293 15424
2017 1021 000B 0000 0000 0003 -53.0 3.33181 15429
2017 1021 000B 0000 0000 0002 -49.0 0.11658 15439
2017 1021 000B 0000 0000 0004 -49.0 5.78004 15458
2017 1021 000B 0000 0000 0003 -52.5 3.28885 15486
2017 1021 000B 0000 0000 0001 -42.0 3.47907 15491
2017 1021 000B 0000 0000 0004 -48.5 2.49118 15497
2017 1021 000B 0000 0000 0002 -49.0 3.17227 15502
2017 1021 000B 0000 0000 0005 -45.5 4.69398 15506
2017 1021 000B 0000 0000 0004 -50.5 1.94509 15780
2017 1021 000B 0000 0000 0001 -43.0 3.20295 15785
2017 1021 000B 0000 0000 0003 -54.0 2.48505 15790
2017 1021 000B 0000 0000 0005 -45.0 4.85965 15794
2017 1021 000B 0000 0000 0002 -50.0 6.09297 15806
2017 1021 000B 0000 0000 0004 -51.0 1.74874 15833
2017 1021 000B 0000 0000 0003 -54.0 2.25188 15838
2017 1021 000B 0000 0000 0002 -49.5 3.04342 15842
2017 1021 000B 0000 0000 0001 -43.5 3.15386 15847
2017 1021 000B 0000 0000 0005 -44.5 4.83511 15852
2017 1021 000B 0000 0000 0001 -44.0 2.93911 16124
2017 1021 000B 0000 0000 0002 -50.5 2.44210 16129
2017 1021 000B 0000 0000 0005 -44.0 5.00078 16134
2017 1021 000B 0000 0000 0003 -55.0 1.54625 16139
2017 1021 000B 0000 0000 0004 -54.0 1.15969 16144
2017 1021 000B 0000 0000 0001 -43.5 2.89616 16167
2017 1021 000B 0000 0000 0005 -44.0 5.00691 16172
2017 1021 000B 0000 0000 0004 -54.0 1.12901 16176
2017 1021 000B 0000 0000 0002 -50.5 2.46051 16181
2017 1021 000B 0000 0000 0003 -56.5 1.46035 16193
2017 1021 000B 0000 0000 0005 -43.5 5.02532 16475
2017 1021 000B 0000 0000 0001 -44.5 2.49118 16479
2017 1021 000B 0000 0000 0002 -52.0 1.98804 16484
2017 1021 000B 0000 0000 0003 -58.5 0.55837 16489
2017 1021 000B 0000 0000 0004 -57.0 0.08590 16494
2017 1021 000B 0000 0000 0005 -43.5 5.04373 16516
2017 1021 000B 0000 0000 0001 -44.5 2.47891 16520
2017 1021 000B 0000 0000 0002 -52.0 2.15371 16525
2017 1021 000B 0000 0000 0004 -58.5 0.22703 16539
2017 1021 000B 0000 0000 0003 -59.5 0.42338 16569
2017 1021 000B 0000 0000 0004 -60.0 5.66346 16861
2017 1021 000B 0000 0000 0002 -54.5 4.53445 16873
2017 1021 000B 0000 0000 0001 -46.0 5.19099 16903
2017 1021 000B 0000 0000 0005 -44.5 1.96350 16922
2017 1021 000B 0000 0000 0001 -45.5 2.00031 16943
2017 1021 000B 0000 0000 0002 -54.5 1.20878 16947
2017 1021 000B 0000 0000 0004 -61.5 5.58369 16952
2017 1021 000B 0000 0000 0001 -46.0 1.58307 17232
2017 1021 000B 0000 0000 0005 -44.5 5.13577 17237
2017 1021 000B 0000 0000 0002 -55.5 0.76699 17241
2017 1021 000B 0000 0000 0002 -57.0 0.71177 17261
2017 1021 000B 0000 0000 0001 -46.0 1.52171 17267
2017 1021 000B 0000 0000 0005 -44.5 5.15418 17272
2017 1021 000B 0000 0000 0001 -46.5 1.13515 17557
2017 1021 000B 0000 0000 0005 -45.0 5.05600 17562
2017 1021 000B 0000 0000 0002 -58.5 0.32520 17566
2017 1021 000B 0000 0000 0001 -46.5 1.10447 17585
2017 1021 000B 0000 0000 0005 -45.0 5.04373 17590
2017 1021 000B 0000 0000 0002 -59.5 6.17887 17595
2017 1021 000B 0000 0000 0002 -61.5 5.78004 17874
2017 1021 000B 0000 0000 0005 -45.5 5.01919 17880
2017 1021 000B 0000 0000 0001 -47.5 0.56450 17885
2017 1021 000B 0000 0000 0001 -47.5 0.53383 17903
2017 1021 000B 0000 0000 0005 -46.0 4.97623 17908
2017 1021 000B 0000 0000 0002 -60.5 5.38734 17913
2017 1021 000B 0000 0000 0005 -47.0 4.87192 18187
2017 1021 000B 0000 0000 0001 -48.5 0.06136 18192
2017 1021 000B 0000 0000 0001 -49.0 6.27705 18211
2017 1021 000B 0000 0000 0005 -47.0 4.85965 18216
2017 1021 000B 0000 0000 0001 -49.0 5.69414 18489
2017 1021 000B 0000 0000 0005 -47.5 4.66944 18494
2017 1021 000B 0000 0000 0005 -48.0 4.66330 18513
2017 1021 000B 0000 0000 0001 -49.0 5.64505 18517
2017 1021 000B 0000 0000 0005 -49.0 4.51604 18790
2017 1021 000B 0000 0000 0001 -49.5 5.18486 18794
2017 1021 000B 0000 0000 0005 -48.5 4.48536 18817
2017 1021 000B 0000 0000 0001 -49.5 5.14804 18822
2017 1021 000B 0000 0000 0001 -51.0 4.67557 19098
2017 1021 000B 0000 0000 0005 -49.5 4.22765 19103
2017 1021 000B 0000 0000 0005 -49.5 4.22152 19125
2017 1021 000B 0000 0000 0001 -51.0 4.63262 19130
2017 1021 000B 0000 0000 0005 -51.5 3.94540 19406
2017 1021 000B 0000 0000 0001 -52.0 4.14788 19411
2017 1021 000B 0000 0000 0001 -52.5 4.08652 19434
2017 1021 000B 0000 0000 0005 -52.0 3.89018 19439
2017 1021 000B 0000 0000 0005 -53.0 3.44225 19715
2017 1021 000B 0000 0000 0001 -52.5 3.56497 19719
2017 1021 000B 0000 0000 0005 -53.0 3.30726 19743
2017 1021 000B 0000 0000 0001 -53.0 3.59565 19747
2017 1021 000B 0000 0000 0001 -56.0 6.12979 20035
2017 1021 000B 0000 0000 0001 -55.5 2.92070 20099
2017 1021 000B 0000 0000 0005 -55.5 2.96979 20104
2017 1021 000B 0000 0000 0005 -55.5 2.93297 20126
2017 1021 000B 0000 0000 0001 -55.5 2.82252 20131
2017 1021 000B 0000 0000 0001 -57.5 5.58676 20407
2017 1021 000B 0000 0000 0005 -58.0 5.68493 20413
2017 1021 000B 0000 0000 0005 -57.5 2.49118 20437
2017 1021 000B 0000 0000 0001 -57.5 2.44823 20442
2017 1021 000B 0000 0000 0001 -58.0 1.96963 20718
2017 1021 000B 0000 0000 0005 -60.0 1.99418 20723
2017 1021 000B 0000 0000 0005 -59.5 1.95122 20742
2017 1021 000B 0000 0000 0001 -58.5 2.03713 20746
2017 1021 000B 0000 0000 0005 -63.0 1.58307 21024
2017 1021 000B 0000 0000 0005 -66.0 1.42967 21092
