2017 1021 000B 0000 0000 0004 -61.0 4.60194 0
2017 1021 000B 0000 0000 0004 -59.5 4.70625 20
2017 1021 000B 0000 0000 0004 -58.0 5.20940 292
2017 1021 000B 0000 0000 0004 -58.5 5.14190 312
2017 1021 000B 0000 0000 0004 -57.5 5.61437 585
2017 1021 000B 0000 0000 0004 -57.5 5.68186 604
2017 1021 000B 0000 0000 0004 -56.5 5.98253 879
2017 1021 000B 0000 0000 0004 -57.0 6.07456 903
2017 1021 000B 0000 0000 0004 -56.0 0.19021 1181
2017 1021 000B 0000 0000 0004 -55.5 0.26998 1201
2017 1021 000B 0000 0000 0004 -55.5 0.58905 1476
2017 1021 000B 0000 0000 0004 -55.0 0.68722 1495
2017 1021 000B 0000 0000 0004 -54.0 1.09219 1768
2017 1021 000B 0000 0000 0004 -54.0 1.05538 1790
2017 1021 000B 0000 0000 0004 -54.5 1.38058 2067
2017 1021 000B 0000 0000 0004 -54.0 1.38058 2086
2017 1021 000B 0000 0000 0004 -54.5 1.70579 2360
2017 1021 000B 0000 0000 0004 -54.0 1.79783 2380
2017 1021 000B 0000 0000 0004 -55.0 2.24575 2657
2017 1021 000B 0000 0000 0005 -64.0 2.51573 2669
2017 1021 000B 0000 0000 0005 -64.0 2.53414 2703
2017 1021 000B 0000 0000 0004 -55.5 5.47938 2723
2017 1021 000B 0000 0000 0004 -56.0 2.82252 3003
2017 1021 000B 0000 0000 0005 -62.5 6.19115 3009
2017 1021 000B 0000 0000 0004 -55.5 3.09864 3029
2017 1021 000B 0000 0000 0005 -63.5 6.17887 3052
2017 1021 000B 0000 0000 0005 -62.0 0.34975 3345
2017 1021 000B 0000 0000 0004 -56.5 3.62019 3349
2017 1021 000B 0000 0000 0004 -56.0 3.69996 3372
2017 1021 000B 0000 0000 0005 -63.0 6.20955 3376
2017 1021 000B 0000 0000 0005 -62.5 0.42338 3652
2017 1021 000B 0000 0000 0004 -56.0 4.17856 3657
2017 1021 000B 0000 0000 0004 -56.0 4.25219 3679
2017 1021 000B 0000 0000 0005 -63.0 0.48474 3684
2017 1021 000B 0000 0000 0004 -54.5 4.82897 3968
2017 1021 000B 0000 0000 0005 -63.5 0.78540 3973
2017 1021 000B 0000 0000 0005 -63.0 0.87130 3992
2017 1021 000B 0000 0000 0004 -56.0 4.86579 3997
2017 1021 000B 0000 0000 0004 -55.0 5.54687 4273
2017 1021 000B 0000 0000 0005 -65.0 1.10447 4288
2017 1021 000B 0000 0000 0004 -55.0 5.31985 4326
2017 1021 000B 0000 0000 0005 -65.0 1.18423 4343
2017 1021 000B 0000 0000 0003 -57.5 5.69414 4635
2017 1021 000B 0000 0000 0004 -55.5 6.14819 4639
2017 1021 000B 0000 0000 0003 -57.0 5.77390 4661
2017 1021 000B 0000 0000 0004 -55.5 6.09911 4666
2017 1021 000B 0000 0000 0004 -54.5 0.53996 4941
2017 1021 000B 0000 0000 0003 -55.0 5.89662 4946
2017 1021 000B 0000 0000 0003 -55.0 5.90276 4970
2017 1021 000B 0000 0000 0004 -55.5 0.57064 4984
2017 1021 000B 0000 0000 0004 -54.5 1.00629 5278
2017 1021 000B 0000 0000 0003 -53.0 6.03775 5283
2017 1021 000B 0000 0000 0003 -53.0 6.27091 5302
2017 1021 000B 0000 0000 0004 -54.5 1.12901 5307
2017 1021 000B 0000 0000 0003 -51.5 0.08590 5579
2017 1021 000B 0000 0000 0004 -54.5 1.74260 5583
2017 1021 000B 0000 0000 0001 -56.5 2.73049 5588
2017 1021 000B 0000 0000 0002 -60.0 3.01887 5593
2017 1021 000B 0000 0000 0003 -51.5 0.14113 5616
2017 1021 000B 0000 0000 0001 -56.5 2.75503 5620
2017 1021 000B 0000 0000 0004 -54.5 1.84691 5625
2017 1021 000B 0000 0000 0002 -60.5 6.21569 5639
2017 1021 000B 0000 0000 0003 -49.5 0.34975 5933
2017 1021 000B 0000 0000 0002 -60.0 3.25818 5938
2017 1021 000B 0000 0000 0004 -55.5 2.57095 5943
2017 1021 000B 0000 0000 0001 -56.0 3.08637 5948
2017 1021 000B 0000 0000 0001 -56.5 3.15386 5968
2017 1021 000B 0000 0000 0003 -49.5 0.39884 5973
2017 1021 000B 0000 0000 0004 -55.5 2.66913 5978
2017 1021 000B 0000 0000 0002 -60.0 0.15340 5995
2017 1021 000B 0000 0000 0004 -56.0 3.57111 6285
2017 1021 000B 0000 0000 0003 -48.5 0.57064 6289
2017 1021 000B 0000 0000 0001 -56.5 3.40544 6294
2017 1021 000B 0000 0000 0002 -59.0 3.68769 6299
2017 1021 000B 0000 0000 0002 -58.5 3.55884 6318
2017 1021 000B 0000 0000 0003 -48.5 0.60746 6322
2017 1021 000B 0000 0000 0004 -57.0 3.65701 6340
2017 1021 000B 0000 0000 0001 -57.5 0.25771 6370
2017 1021 000B 0000 0000 0004 -57.5 4.63262 6658
2017 1021 000B 0000 0000 0003 -47.0 0.90812 6663
2017 1021 000B 0000 0000 0001 -58.0 3.62019 6668
2017 1021 000B 0000 0000 0002 -59.0 3.77359 6673
2017 1021 000B 0000 0000 0003 -47.0 0.91425 6691
2017 1021 000B 0000 0000 0004 -57.5 4.74920 6696
2017 1021 000B 0000 0000 0002 -59.0 3.72451 6706
2017 1021 000B 0000 0000 0003 -45.5 1.15969 6978
2017 1021 000B 0000 0000 0004 -57.5 5.98866 6983
2017 1021 000B 0000 0000 0002 -58.0 3.74905 6988
2017 1021 000B 0000 0000 0002 -58.0 3.89018 7007
2017 1021 000B 0000 0000 0003 -45.5 1.24559 7012
2017 1021 000B 0000 0000 0004 -57.5 6.08684 7017
2017 1021 000B 0000 0000 0002 -58.5 4.01289 7293
2017 1021 000B 0000 0000 0003 -45.5 1.46035 7297
2017 1021 000B 0000 0000 0004 -55.5 0.98175 7303
2017 1021 000B 0000 0000 0003 -45.5 1.48489 7322
2017 1021 000B 0000 0000 0004 -55.5 1.13515 7335
2017 1021 000B 0000 0000 0002 -59.0 0.80381 7355
2017 1021 000B 0000 0000 0002 -57.5 3.95767 7633
2017 1021 000B 0000 0000 0004 -51.0 2.03099 7637
2017 1021 000B 0000 0000 0003 -45.0 1.81623 7642
2017 1021 000B 0000 0000 0003 -44.5 1.87759 7662
2017 1021 000B 0000 0000 0004 -51.0 2.11689 7666
2017 1021 000B 0000 0000 0002 -58.0 4.01903 7671
2017 1021 000B 0000 0000 0003 -44.5 2.07394 7943
2017 1021 000B 0000 0000 0002 -58.0 3.96994 7947
2017 1021 000B 0000 0000 0004 -48.5 2.72435 7952
2017 1021 000B 0000 0000 0003 -44.5 2.11689 7971
2017 1021 000B 0000 0000 0004 -48.5 2.81025 7977
2017 1021 000B 0000 0000 0002 -57.5 4.07425 7981
2017 1021 000B 0000 0000 0002 -58.0 3.94540 8253
2017 1021 000B 0000 0000 0004 -47.0 3.39930 8258
2017 1021 000B 0000 0000 0003 -44.0 2.34392 8262
2017 1021 000B 0000 0000 0004 -46.5 3.36862 8285
2017 1021 000B 0000 0000 0002 -57.0 3.95767 8289
2017 1021 000B 0000 0000 0003 -44.0 2.38687 8294
2017 1021 000B 0000 0000 0004 -45.5 3.85950 8569
2017 1021 000B 0000 0000 0001 -57.5 2.82866 8574
2017 1021 000B 0000 0000 0003 -43.0 2.61390 8579
2017 1021 000B 0000 0000 0002 -58.0 3.89631 8584
2017 1021 000B 0000 0000 0002 -58.0 3.80427 8603
2017 1021 000B 0000 0000 0004 -45.5 3.92085 8609
2017 1021 000B 0000 0000 0003 -43.0 2.59550 8613
2017 1021 000B 0000 0000 0001 -58.0 5.97025 8623
2017 1021 000B 0000 0000 0001 -55.0 2.86548 8904
2017 1021 000B 0000 0000 0003 -42.5 2.81639 8909
2017 1021 000B 0000 0000 0002 -57.0 3.83495 8914
2017 1021 000B 0000 0000 0004 -43.5 4.28287 8918
2017 1021 000B 0000 0000 0004 -44.0 4.23992 8938
2017 1021 000B 0000 0000 0003 -42.5 2.76730 8943
2017 1021 000B 0000 0000 0001 -54.5 2.96365 8947
2017 1021 000B 0000 0000 0002 -57.5 3.80427 8952
2017 1021 000B 0000 0000 0003 -41.5 2.91456 9224
2017 1021 000B 0000 0000 0004 -43.0 4.63262 9229
2017 1021 000B 0000 0000 0001 -52.5 3.10478 9234
2017 1021 000B 0000 0000 0002 -58.0 0.73017 9246
2017 1021 000B 0000 0000 0003 -41.5 2.89616 9273
2017 1021 000B 0000 0000 0004 -43.0 4.66330 9278
2017 1021 000B 0000 0000 0001 -52.0 3.17841 9283
2017 1021 000B 0000 0000 0002 -58.0 0.73631 9294
2017 1021 000B 0000 0000 0003 -40.5 2.92684 9574
2017 1021 000B 0000 0000 0001 -50.0 3.52202 9579
2017 1021 000B 0000 0000 0004 -41.5 4.94555 9584
2017 1021 000B 0000 0000 0002 -56.5 3.76746 9589
2017 1021 000B 0000 0000 0004 -41.5 4.90874 9607
2017 1021 000B 0000 0000 0002 -56.5 3.65087 9612
2017 1021 000B 0000 0000 0003 -40.5 2.96979 9617
2017 1021 000B 0000 0000 0001 -50.0 3.38703 9621
2017 1021 000B 0000 0000 0002 -57.0 3.94540 9896
2017 1021 000B 0000 0000 0003 -40.0 2.92684 9901
2017 1021 000B 0000 0000 0001 -48.5 3.71223 9906
2017 1021 000B 0000 0000 0004 -40.5 5.12963 9911
2017 1021 000B 0000 0000 0004 -40.5 5.17258 9930
2017 1021 000B 0000 0000 0003 -40.0 2.91456 9934
2017 1021 000B 0000 0000 0001 -48.0 3.77359 9940
2017 1021 000B 0000 0000 0002 -56.5 3.90858 9944
2017 1021 000B 0000 0000 0002 -56.0 3.60179 10216
2017 1021 000B 0000 0000 0003 -39.5 2.82866 10220
2017 1021 000B 0000 0000 0004 -40.0 5.28303 10225
2017 1021 000B 0000 0000 0001 -47.0 4.03130 10230
2017 1021 000B 0000 0000 0003 -39.5 2.84093 10249
2017 1021 000B 0000 0000 0004 -39.5 5.32598 10254
2017 1021 000B 0000 0000 0001 -47.0 4.06198 10259
2017 1021 000B 0000 0000 0002 -56.0 0.62586 10274
2017 1021 000B 0000 0000 0001 -45.5 4.31355 10550
2017 1021 000B 0000 0000 0003 -39.5 2.72435 10556
2017 1021 000B 0000 0000 0004 -39.5 5.40575 10561
2017 1021 000B 0000 0000 0002 -54.5 3.81041 10566
2017 1021 000B 0000 0000 0004 -39.0 5.40575 10585
2017 1021 000B 0000 0000 0003 -39.5 2.71208 10590
2017 1021 000B 0000 0000 0001 -45.5 4.34423 10595
2017 1021 000B 0000 0000 0002 -54.5 0.71177 10607
2017 1021 000B 0000 0000 0002 -52.5 4.09266 10886
2017 1021 000B 0000 0000 0003 -39.5 2.60777 10891
2017 1021 000B 0000 0000 0004 -39.0 5.47324 10896
2017 1021 000B 0000 0000 0001 -44.5 4.60808 10900
2017 1021 000B 0000 0000 0004 -39.0 5.49165 10922
2017 1021 000B 0000 0000 0003 -39.5 2.54027 10927
2017 1021 000B 0000 0000 0002 -53.0 4.02517 10932
2017 1021 000B 0000 0000 0001 -44.5 4.62649 10936
2017 1021 000B 0000 0000 0003 -40.5 2.38074 11209
2017 1021 000B 0000 0000 0004 -39.0 5.49165 11214
2017 1021 000B 0000 0000 0001 -43.0 4.79829 11219
2017 1021 000B 0000 0000 0002 -52.5 0.90812 11232
2017 1021 000B 0000 0000 0004 -39.0 5.49165 11256
2017 1021 000B 0000 0000 0002 -51.5 4.08652 11261
2017 1021 000B 0000 0000 0003 -40.5 2.37460 11266
2017 1021 000B 0000 0000 0001 -43.5 4.84738 11273
2017 1021 000B 0000 0000 0002 -50.0 4.19697 11545
2017 1021 000B 0000 0000 0004 -39.0 5.47324 11550
2017 1021 000B 0000 0000 0003 -41.5 2.15984 11562
2017 1021 000B 0000 0000 0001 -43.0 4.90874 11581
2017 1021 000B 0000 0000 0003 -41.0 2.10462 11608
2017 1021 000B 0000 0000 0001 -42.0 4.93942 11612
2017 1021 000B 0000 0000 0004 -39.0 5.47938 11617
2017 1021 000B 0000 0000 0002 -50.0 4.06812 11622
2017 1021 000B 0000 0000 0003 -42.5 1.93282 11895
2017 1021 000B 0000 0000 0002 -50.0 4.16322 11901
2017 1021 000B 0000 0000 0005 -60.5 4.88113 11907
2017 1021 000B 0000 0000 0001 -42.0 4.97010 11915
2017 1021 000B 0000 0000 0004 -40.0 2.24575 11921
2017 1021 000B 0000 0000 0005 -59.5 1.78555 11944
2017 1021 000B 0000 0000 0004 -39.5 5.41802 11948
2017 1021 000B 0000 0000 0003 -41.5 1.90827 11953
2017 1021 000B 0000 0000 0001 -41.0 5.01919 11958
2017 1021 000B 0000 0000 0002 -49.0 4.19084 11963
2017 1021 000B 0000 0000 0003 -43.0 1.58920 12237
2017 1021 000B 0000 0000 0001 -40.0 4.98851 12242
2017 1021 000B 0000 0000 0004 -40.0 5.27076 12247
2017 1021 000B 0000 0000 0002 -48.0 4.22765 12252
2017 1021 000B 0000 0000 0005 -56.5 5.51619 12267
2017 1021 000B 0000 0000 0004 -40.0 5.29530 12305
2017 1021 000B 0000 0000 0003 -43.5 1.65056 12311
2017 1021 000B 0000 0000 0001 -40.0 4.95169 12315
2017 1021 000B 0000 0000 0005 -56.0 5.58983 12327
2017 1021 000B 0000 0000 0002 -49.0 1.09833 12345
2017 1021 000B 0000 0000 0002 -48.0 4.23992 12624
2017 1021 000B 0000 0000 0003 -44.5 1.30695 12629
2017 1021 000B 0000 0000 0005 -53.0 2.70594 12633
2017 1021 000B 0000 0000 0004 -41.0 5.16645 12638
2017 1021 000B 0000 0000 0001 -39.5 4.91487 12644
2017 1021 000B 0000 0000 0001 -39.5 4.90260 12665
2017 1021 000B 0000 0000 0003 -45.0 1.31309 12669
2017 1021 000B 0000 0000 0004 -41.0 5.16645 12674
2017 1021 000B 0000 0000 0005 -53.5 6.05002 12686
2017 1021 000B 0000 0000 0002 -48.0 1.12287 12704
2017 1021 000B 0000 0000 0005 -50.0 3.34408 12983
2017 1021 000B 0000 0000 0001 -39.5 4.81670 12988
2017 1021 000B 0000 0000 0002 -46.5 4.28901 12993
2017 1021 000B 0000 0000 0004 -42.0 4.97010 12998
2017 1021 000B 0000 0000 0003 -47.0 0.96948 13012
2017 1021 000B 0000 0000 0001 -39.5 4.80443 13036
2017 1021 000B 0000 0000 0004 -41.5 4.95169 13041
2017 1021 000B 0000 0000 0003 -47.5 0.93880 13046
2017 1021 000B 0000 0000 0002 -47.0 4.30128 13051
2017 1021 000B 0000 0000 0005 -50.0 3.53429 13057
2017 1021 000B 0000 0000 0001 -39.5 4.73080 13329
2017 1021 000B 0000 0000 0004 -43.5 4.81056 13334
2017 1021 000B 0000 0000 0005 -50.0 3.93313 13339
2017 1021 000B 0000 0000 0003 -48.0 0.48474 13344
2017 1021 000B 0000 0000 0002 -46.5 4.27060 13349
2017 1021 000B 0000 0000 0002 -47.0 4.23992 13368
2017 1021 000B 0000 0000 0005 -50.0 4.00676 13373
2017 1021 000B 0000 0000 0001 -39.5 4.70625 13377
2017 1021 000B 0000 0000 0004 -44.0 4.73080 13382
2017 1021 000B 0000 0000 0003 -48.0 0.41111 13387
2017 1021 000B 0000 0000 0005 -48.0 4.35037 13659
2017 1021 000B 0000 0000 0003 -50.5 6.27091 13664
2017 1021 000B 0000 0000 0002 -46.5 4.23379 13669
2017 1021 000B 0000 0000 0001 -40.5 1.44808 13682
2017 1021 000B 0000 0000 0004 -45.5 4.46695 13703
2017 1021 000B 0000 0000 0004 -45.0 4.44241 13729
2017 1021 000B 0000 0000 0001 -40.0 4.56513 13733
2017 1021 000B 0000 0000 0002 -46.5 4.17243 13738
2017 1021 000B 0000 0000 0003 -50.5 6.05616 13743
2017 1021 000B 0000 0000 0005 -47.0 4.42400 13749
2017 1021 000B 0000 0000 0002 -47.0 4.06198 14022
2017 1021 000B 0000 0000 0005 -47.0 4.83511 14027
2017 1021 000B 0000 0000 0001 -40.0 4.41786 14032
2017 1021 000B 0000 0000 0004 -46.0 4.12948 14037
2017 1021 000B 0000 0000 0003 -53.0 5.23394 14049
2017 1021 000B 0000 0000 0005 -47.5 4.77375 14076
2017 1021 000B 0000 0000 0002 -47.0 4.14175 14081
2017 1021 000B 0000 0000 0003 -52.0 5.04373 14086
2017 1021 000B 0000 0000 0001 -40.0 4.39946 14090
2017 1021 000B 0000 0000 0004 -47.0 0.91425 14101
2017 1021 000B 0000 0000 0001 -41.0 4.25219 14383
2017 1021 000B 0000 0000 0005 -45.5 5.04373 14387
2017 1021 000B 0000 0000 0002 -48.0 4.05585 14392
2017 1021 000B 0000 0000 0004 -47.5 3.51588 14396
2017 1021 000B 0000 0000 0003 -54.5 4.37491 14401
2017 1021 000B 0000 0000 0001 -41.0 4.25219 14420
2017 1021 000B 0000 0000 0005 -46.0 5.12963 14425
2017 1021 000B 0000 0000 0004 -48.0 3.58952 14429
2017 1021 000B 0000 0000 0002 -48.0 3.94540 14434
2017 1021 000B 0000 0000 0003 -55.0 4.16016 14444
2017 1021 000B 0000 0000 0001 -42.0 4.06812 14726
2017 1021 000B 0000 0000 0002 -48.0 3.75518 14731
2017 1021 000B 0000 0000 0005 -45.5 5.49165 14735
2017 1021 000B 0000 0000 0003 -55.0 3.17841 14740
2017 1021 000B 0000 0000 0004 -50.5 2.95138 14745
2017 1021 000B 0000 0000 0001 -42.5 4.01289 14764
2017 1021 000B 0000 0000 0005 -45.5 5.35666 14769
2017 1021 000B 0000 0000 0002 -49.0 3.76132 14773
2017 1021 000B 0000 0000 0004 -50.5 2.82252 14778
2017 1021 000B 0000 0000 0003 -56.5 0.07363 14790
2017 1021 000B 0000 0000 0001 -43.0 3.85950 15070
2017 1021 000B 0000 0000 0002 -49.5 3.44225 15074
2017 1021 000B 0000 0000 0005 -45.0 5.65119 15079
2017 1021 000B 0000 0000 0003 -58.0 5.62664 15090
2017 1021 000B 0000 0000 0004 -54.5 2.19666 15110
2017 1021 000B 0000 0000 0001 -43.0 3.71837 15138
2017 1021 000B 0000 0000 0003 -57.5 2.76117 15142
2017 1021 000B 0000 0000 0004 -54.0 2.06781 15147
2017 1021 000B 0000 0000 0005 -44.5 5.60210 15152
2017 1021 000B 0000 0000 0002 -51.0 3.25818 15157
2017 1021 000B 0000 0000 0004 -58.0 1.54012 15431
2017 1021 000B 0000 0000 0005 -44.0 5.70027 15435
2017 1021 000B 0000 0000 0002 -51.5 2.84707 15440
2017 1021 000B 0000 0000 0001 -44.0 3.41157 15444
2017 1021 000B 0000 0000 0002 -52.0 2.93297 15464
2017 1021 000B 0000 0000 0001 -44.5 3.39930 15469
2017 1021 000B 0000 0000 0005 -44.0 5.71868 15474
2017 1021 000B 0000 0000 0004 -58.0 1.33763 15484
2017 1021 000B 0000 0000 0005 -44.0 5.71254 15767
2017 1021 000B 0000 0000 0001 -45.5 3.11091 15771
2017 1021 000B 0000 0000 0002 -53.5 2.20893 15776
2017 1021 000B 0000 0000 0004 -62.5 0.67495 15790
2017 1021 000B 0000 0000 0004 -62.5 0.24544 15815
2017 1021 000B 0000 0000 0002 -54.0 2.06781 15819
2017 1021 000B 0000 0000 0001 -46.0 6.13592 15830
2017 1021 000B 0000 0000 0005 -44.5 5.78004 15851
2017 1021 000B 0000 0000 0002 -55.5 1.19037 16131
2017 1021 000B 0000 0000 0005 -45.0 5.79845 16146
2017 1021 000B 0000 0000 0001 -46.5 2.57095 16177
2017 1021 000B 0000 0000 0005 -44.5 5.73095 16214
2017 1021 000B 0000 0000 0001 -46.0 2.49118 16219
2017 1021 000B 0000 0000 0002 -54.5 1.46035 16223
2017 1021 000B 0000 0000 0001 -46.5 2.12917 16497
2017 1021 000B 0000 0000 0005 -44.5 5.73095 16504
2017 1021 000B 0000 0000 0002 -59.5 0.59518 16509
2017 1021 000B 0000 0000 0001 -46.5 1.99418 16528
2017 1021 000B 0000 0000 0005 -45.0 5.76163 16533
2017 1021 000B 0000 0000 0002 -59.5 0.75472 16543
2017 1021 000B 0000 0000 0005 -45.5 5.73709 16827
2017 1021 000B 0000 0000 0001 -47.5 1.54625 16831
2017 1021 000B 0000 0000 0002 -59.0 0.04295 16836
2017 1021 000B 0000 0000 0002 -61.5 6.13592 16855
2017 1021 000B 0000 0000 0005 -45.5 5.71868 16860
2017 1021 000B 0000 0000 0001 -48.0 1.48489 16864
2017 1021 000B 0000 0000 0001 -47.5 1.09219 17136
2017 1021 000B 0000 0000 0005 -46.0 5.60823 17141
2017 1021 000B 0000 0000 0005 -46.5 5.59596 17161
2017 1021 000B 0000 0000 0001 -48.0 0.98175 17166
2017 1021 000B 0000 0000 0001 -48.5 0.53996 17442
2017 1021 000B 0000 0000 0005 -47.0 5.51006 17446
2017 1021 000B 0000 0000 0005 -47.0 5.56528 17469
2017 1021 000B 0000 0000 0001 -49.5 0.49087 17473
2017 1021 000B 0000 0000 0001 -50.5 6.25251 17749
2017 1021 000B 0000 0000 0005 -48.5 5.41802 17754
2017 1021 000B 0000 0000 0001 -50.5 6.17887 17773
2017 1021 000B 0000 0000 0005 -48.0 5.33825 17778
2017 1021 000B 0000 0000 0005 -48.5 5.23394 18052
2017 1021 000B 0000 0000 0001 -51.0 5.63278 18057
2017 1021 000B 0000 0000 0001 -51.0 5.57755 18076
2017 1021 000B 0000 0000 0005 -48.5 5.20326 18082
2017 1021 000B 0000 0000 0001 -51.5 5.38120 18355
2017 1021 000B 0000 0000 0005 -49.5 5.01305 18360
2017 1021 000B 0000 0000 0001 -51.5 5.06827 18379
2017 1021 000B 0000 0000 0005 -50.0 4.96396 18384
2017 1021 000B 0000 0000 0005 -52.0 1.48489 18666
2017 1021 000B 0000 0000 0001 -54.0 4.46082 18685
2017 1021 000B 0000 0000 0005 -52.0 4.54672 18712
2017 1021 000B 0000 0000 0001 -53.0 4.47922 18717
2017 1021 000B 0000 0000 0001 -55.0 4.01289 18989
2017 1021 000B 0000 0000 0005 -53.5 4.23992 18993
2017 1021 000B 0000 0000 0001 -54.5 3.92085 19013
2017 1021 000B 0000 0000 0005 -53.0 4.17243 19018
2017 1021 000B 0000 0000 0001 -56.0 3.31340 19291
2017 1021 000B 0000 0000 0005 -55.5 3.71223 19295
2017 1021 000B 0000 0000 0001 -56.5 3.26431 19314
2017 1021 000B 0000 0000 0005 -56.5 3.76746 19319
2017 1021 000B 0000 0000 0005 -59.5 3.03115 19591
2017 1021 000B 0000 0000 0001 -57.5 2.82866 19596
2017 1021 000B 0000 0000 0005 -60.5 6.05002 19641
2017 1021 000B 0000 0000 0001 -59.5 5.88435 19660
2017 1021 000B 0000 0000 0005 -64.0 2.39915 19948
