2017 1021 000B 0000 0000 0005 -54.0 0.63814 0
2017 1021 000B 0000 0000 0004 -51.5 1.28241 19
2017 1021 000B 0000 0000 0004 -51.0 1.33150 52
2017 1021 000B 0000 0000 0004 -49.5 1.98804 359
2017 1021 000B 0000 0000 0005 -52.0 1.20878 388
2017 1021 000B 0000 0000 0004 -51.0 1.95736 429
2017 1021 000B 0000 0000 0005 -53.0 1.27627 450
2017 1021 000B 0000 0000 0005 -52.5 4.88419 738
2017 1021 000B 0000 0000 0004 -51.5 2.69981 770
2017 1021 000B 0000 0000 0004 -51.0 2.52186 809
2017 1021 000B 0000 0000 0005 -53.0 4.98237 822
2017 1021 000B 0000 0000 0004 -51.5 0.06136 1126
2017 1021 000B 0000 0000 0005 -52.5 5.51006 1156
2017 1021 000B 0000 0000 0004 -51.5 3.51588 1202
2017 1021 000B 0000 0000 0005 -52.5 5.63891 1231
2017 1021 000B 0000 0000 0005 -52.5 6.17274 1527
2017 1021 000B 0000 0000 0004 -51.5 4.05585 1546
2017 1021 000B 0000 0000 0004 -50.5 4.20311 1605
2017 1021 000B 0000 0000 0004 -50.5 4.72466 1899
2017 1021 000B 0000 0000 0005 -53.0 0.39270 1930
2017 1021 000B 0000 0000 0005 -52.0 0.60132 2003
2017 1021 000B 0000 0000 0004 -52.0 5.11736 2035
2017 1021 000B 0000 0000 0004 -52.5 5.72482 2330
2017 1021 000B 0000 0000 0005 -52.0 1.36217 2358
2017 1021 000B 0000 0000 0004 -52.5 5.92730 2392
2017 1021 000B 0000 0000 0004 -52.0 0.22089 2678
2017 1021 000B 0000 0000 0005 -52.5 2.01258 2698
2017 1021 000B 0000 0000 0003 -57.5 5.79845 2719
2017 1021 000B 0000 0000 0004 -52.5 0.50315 2747
2017 1021 000B 0000 0000 0005 -52.5 5.42416 2769
2017 1021 000B 0000 0000 0004 -49.5 1.61375 3079
2017 1021 000B 0000 0000 0005 -52.0 6.15433 3109
2017 1021 000B 0000 0000 0003 -54.0 6.27705 3167
2017 1021 000B 0000 0000 0005 -50.0 6.14206 3200
2017 1021 000B 0000 0000 0004 -50.5 5.04373 3212
2017 1021 000B 0000 0000 0004 -48.5 2.49118 3492
2017 1021 000B 0000 0000 0003 -56.0 0.53383 3504
2017 1021 000B 0000 0000 0005 -52.0 4.04357 3522
2017 1021 000B 0000 0000 0003 -56.5 0.46019 3559
2017 1021 000B 0000 0000 0005 -52.0 4.03130 3578
2017 1021 000B 0000 0000 0004 -46.0 3.73678 3857
2017 1021 000B 0000 0000 0005 -51.5 4.85352 3868
2017 1021 000B 0000 0000 0003 -54.0 0.90812 3908
2017 1021 000B 0000 0000 0004 -46.0 3.68769 3930
2017 1021 000B 0000 0000 0005 -50.5 5.12350 3951
2017 1021 000B 0000 0000 0004 -45.0 4.20311 4236
2017 1021 000B 0000 0000 0005 -49.0 5.74936 4254
2017 1021 000B 0000 0000 0004 -44.5 4.38105 4292
2017 1021 000B 0000 0000 0005 -50.5 5.79231 4305
2017 1021 000B 0000 0000 0004 -44.0 4.75534 4588
2017 1021 000B 0000 0000 0005 -48.0 3.31340 4594
2017 1021 000B 0000 0000 0004 -42.5 4.73693 4629
2017 1021 000B 0000 0000 0005 -48.5 3.47907 4633
2017 1021 000B 0000 0000 0004 -42.0 5.09282 4908
2017 1021 000B 0000 0000 0005 -48.0 1.11060 4919
2017 1021 000B 0000 0000 0003 -57.5 2.37460 4940
2017 1021 000B 0000 0000 0004 -41.0 5.22781 4970
2017 1021 000B 0000 0000 0004 -41.0 5.49165 5246
2017 1021 000B 0000 0000 0005 -47.0 1.71806 5260
2017 1021 000B 0000 0000 0004 -40.5 5.48552 5288
2017 1021 000B 0000 0000 0005 -47.5 1.79169 5303
2017 1021 000B 0000 0000 0004 -39.0 5.77390 5579
2017 1021 000B 0000 0000 0005 -47.0 5.51619 5585
2017 1021 000B 0000 0000 0004 -39.0 5.68186 5603
2017 1021 000B 0000 0000 0005 -46.0 5.49165 5623
2017 1021 000B 0000 0000 0004 -37.5 5.93344 5909
2017 1021 000B 0000 0000 0005 -44.5 5.84140 5919
2017 1021 000B 0000 0000 0002 -57.5 4.47309 5931
2017 1021 000B 0000 0000 0004 -38.0 6.01320 5958
2017 1021 000B 0000 0000 0005 -45.0 6.17274 5962
2017 1021 000B 0000 0000 0004 -36.5 6.17274 6238
2017 1021 000B 0000 0000 0005 -45.0 0.44179 6243
2017 1021 000B 0000 0000 0002 -54.0 1.55239 6255
2017 1021 000B 0000 0000 0004 -36.5 6.17887 6282
2017 1021 000B 0000 0000 0005 -44.0 0.17181 6287
2017 1021 000B 0000 0000 0002 -55.0 1.65056 6299
2017 1021 000B 0000 0000 0004 -35.5 0.15953 6579
2017 1021 000B 0000 0000 0005 -43.0 0.90198 6585
2017 1021 000B 0000 0000 0002 -52.0 5.24008 6600
2017 1021 000B 0000 0000 0004 -35.0 0.11658 6638
2017 1021 000B 0000 0000 0005 -42.5 0.73017 6643
2017 1021 000B 0000 0000 0002 -54.0 2.11689 6656
2017 1021 000B 0000 0000 0005 -42.0 1.14742 6936
2017 1021 000B 0000 0000 0004 -34.0 0.33134 6941
2017 1021 000B 0000 0000 0002 -53.5 2.45437 6952
2017 1021 000B 0000 0000 0001 -58.0 4.49763 6991
2017 1021 000B 0000 0000 0005 -41.0 1.41740 7013
2017 1021 000B 0000 0000 0004 -34.0 0.26384 7017
2017 1021 000B 0000 0000 0002 -51.5 5.55301 7034
2017 1021 000B 0000 0000 0004 -33.5 0.42338 7323
2017 1021 000B 0000 0000 0005 -40.5 1.68738 7328
2017 1021 000B 0000 0000 0003 -54.0 0.26998 7354
2017 1021 000B 0000 0000 0002 -51.0 6.26478 7383
2017 1021 000B 0000 0000 0004 -33.5 0.41724 7441
2017 1021 000B 0000 0000 0005 -39.5 1.77942 7446
2017 1021 000B 0000 0000 0002 -51.5 0.09204 7456
2017 1021 000B 0000 0000 0003 -54.5 0.42951 7477
2017 1021 000B 0000 0000 0005 -38.5 2.00645 7761
2017 1021 000B 0000 0000 0004 -33.5 0.41724 7766
2017 1021 000B 0000 0000 0005 -38.5 2.06167 7818
2017 1021 000B 0000 0000 0004 -33.5 0.45406 7823
2017 1021 000B 0000 0000 0002 -49.5 0.33748 7828
2017 1021 000B 0000 0000 0003 -51.5 4.36264 7840
2017 1021 000B 0000 0000 0001 -57.0 5.76163 7882
2017 1021 000B 0000 0000 0004 -33.5 0.38043 7903
2017 1021 000B 0000 0000 0005 -38.0 2.12917 7908
2017 1021 000B 0000 0000 0002 -50.0 0.57064 7924
2017 1021 000B 0000 0000 0003 -49.0 4.57740 7953
2017 1021 000B 0000 0000 0004 -34.0 0.23930 8242
2017 1021 000B 0000 0000 0005 -37.5 2.20280 8247
2017 1021 000B 0000 0000 0002 -47.5 1.17196 8253
2017 1021 000B 0000 0000 0003 -49.0 5.03146 8265
2017 1021 000B 0000 0000 0001 -55.5 0.31907 8287
2017 1021 000B 0000 0000 0003 -46.0 5.15418 8310
2017 1021 000B 0000 0000 0004 -34.0 0.15953 8315
2017 1021 000B 0000 0000 0002 -47.0 1.15355 8319
2017 1021 000B 0000 0000 0005 -37.5 2.22734 8324
2017 1021 000B 0000 0000 0001 -55.0 0.33134 8348
2017 1021 000B 0000 0000 0004 -35.0 0.03682 8625
2017 1021 000B 0000 0000 0005 -37.0 2.63231 8630
2017 1021 000B 0000 0000 0003 -47.0 5.43029 8644
2017 1021 000B 0000 0000 0002 -46.5 1.46035 8689
2017 1021 000B 0000 0000 0005 -38.0 2.33779 8718
2017 1021 000B 0000 0000 0004 -35.5 6.24023 8722
2017 1021 000B 0000 0000 0005 -37.5 2.39301 8995
2017 1021 000B 0000 0000 0004 -36.0 5.92117 9000
2017 1021 000B 0000 0000 0002 -46.5 4.67557 9011
2017 1021 000B 0000 0000 0003 -46.0 5.80458 9030
2017 1021 000B 0000 0000 0001 -56.5 1.52171 9049
2017 1021 000B 0000 0000 0004 -36.0 5.90889 9070
2017 1021 000B 0000 0000 0005 -37.5 2.44210 9074
2017 1021 000B 0000 0000 0003 -44.0 5.98866 9079
2017 1021 000B 0000 0000 0002 -46.0 4.71852 9092
2017 1021 000B 0000 0000 0003 -41.5 5.98866 9372
2017 1021 000B 0000 0000 0005 -38.0 2.35006 9378
2017 1021 000B 0000 0000 0004 -37.5 5.74936 9383
2017 1021 000B 0000 0000 0002 -45.5 4.84738 9396
2017 1021 000B 0000 0000 0003 -42.5 6.23410 9449
2017 1021 000B 0000 0000 0005 -39.5 2.37460 9455
2017 1021 000B 0000 0000 0004 -37.5 5.65732 9459
2017 1021 000B 0000 0000 0002 -45.5 1.71192 9479
2017 1021 000B 0000 0000 0004 -38.5 5.35052 9764
2017 1021 000B 0000 0000 0003 -40.5 6.05002 9770
2017 1021 000B 0000 0000 0005 -38.5 2.28870 9775
2017 1021 000B 0000 0000 0001 -54.0 0.29452 9787
2017 1021 000B 0000 0000 0002 -44.5 4.85965 9806
2017 1021 000B 0000 0000 0004 -38.5 5.31985 9832
2017 1021 000B 0000 0000 0005 -39.0 2.14144 9837
2017 1021 000B 0000 0000 0003 -42.0 6.04388 9842
2017 1021 000B 0000 0000 0002 -44.5 4.86579 9852
2017 1021 000B 0000 0000 0001 -56.0 3.50975 9873
2017 1021 000B 0000 0000 0003 -42.5 6.20342 10151
2017 1021 000B 0000 0000 0005 -38.5 2.08008 10156
2017 1021 000B 0000 0000 0004 -39.5 5.00691 10160
2017 1021 000B 0000 0000 0002 -43.0 1.84078 10166
2017 1021 000B 0000 0000 0001 -54.5 4.14175 10178
2017 1021 000B 0000 0000 0003 -41.5 6.25251 10205
2017 1021 000B 0000 0000 0004 -39.5 5.01305 10213
2017 1021 000B 0000 0000 0005 -40.5 2.03713 10223
2017 1021 000B 0000 0000 0002 -44.0 4.89033 10234
2017 1021 000B 0000 0000 0001 -52.5 1.12287 10256
2017 1021 000B 0000 0000 0003 -39.5 6.12365 10539
2017 1021 000B 0000 0000 0005 -42.5 5.00691 10553
2017 1021 000B 0000 0000 0002 -44.0 4.80443 10571
2017 1021 000B 0000 0000 0001 -52.0 4.98851 10590
2017 1021 000B 0000 0000 0004 -40.5 4.42400 10614
2017 1021 000B 0000 0000 0003 -41.5 6.16660 10622
2017 1021 000B 0000 0000 0002 -43.0 1.65056 10627
2017 1021 000B 0000 0000 0005 -40.5 1.76101 10631
2017 1021 000B 0000 0000 0003 -41.0 0.01227 10906
2017 1021 000B 0000 0000 0004 -42.5 3.88404 10911
2017 1021 000B 0000 0000 0002 -44.0 1.53398 10917
2017 1021 000B 0000 0000 0001 -50.0 5.41188 10938
2017 1021 000B 0000 0000 0005 -44.0 4.70625 10969
2017 1021 000B 0000 0000 0003 -41.0 0.09204 11005
2017 1021 000B 0000 0000 0005 -43.0 1.24559 11010
2017 1021 000B 0000 0000 0002 -45.0 1.55852 11015
2017 1021 000B 0000 0000 0004 -42.0 3.84722 11020
2017 1021 000B 0000 0000 0001 -51.0 5.49779 11041
2017 1021 000B 0000 0000 0003 -41.0 0.04295 11327
2017 1021 000B 0000 0000 0004 -44.0 0.44179 11342
2017 1021 000B 0000 0000 0001 -51.0 6.08684 11360
2017 1021 000B 0000 0000 0002 -45.0 4.46082 11380
2017 1021 000B 0000 0000 0003 -41.5 6.17274 11406
2017 1021 000B 0000 0000 0004 -44.0 3.26431 11411
2017 1021 000B 0000 0000 0001 -50.0 0.17181 11416
2017 1021 000B 0000 0000 0003 -41.5 6.24023 11691
2017 1021 000B 0000 0000 0005 -46.0 0.57064 11696
2017 1021 000B 0000 0000 0004 -45.0 2.81639 11702
2017 1021 000B 0000 0000 0001 -49.5 0.20862 11714
2017 1021 000B 0000 0000 0002 -46.0 4.27060 11732
2017 1021 000B 0000 0000 0003 -41.5 6.15433 11762
2017 1021 000B 0000 0000 0004 -44.0 2.98819 11767
2017 1021 000B 0000 0000 0001 -45.5 0.11658 11773
2017 1021 000B 0000 0000 0005 -47.5 3.68155 11797
2017 1021 000B 0000 0000 0002 -46.5 4.18470 11815
2017 1021 000B 0000 0000 0003 -43.5 6.17887 12092
2017 1021 000B 0000 0000 0001 -46.0 0.62586 12097
2017 1021 000B 0000 0000 0004 -45.5 2.35006 12102
2017 1021 000B 0000 0000 0002 -47.0 3.98835 12117
2017 1021 000B 0000 0000 0005 -49.0 0.11045 12136
2017 1021 000B 0000 0000 0002 -45.5 0.69336 12159
2017 1021 000B 0000 0000 0005 -48.5 6.23410 12165
2017 1021 000B 0000 0000 0003 -43.5 5.97025 12174
2017 1021 000B 0000 0000 0004 -46.5 2.24575 12185
2017 1021 000B 0000 0000 0001 -48.5 0.77313 12207
2017 1021 000B 0000 0000 0003 -45.5 5.66959 12485
2017 1021 000B 0000 0000 0002 -48.0 3.62019 12506
2017 1021 000B 0000 0000 0001 -48.0 0.90198 12525
2017 1021 000B 0000 0000 0005 -52.5 2.26416 12544
2017 1021 000B 0000 0000 0003 -43.0 6.12365 12571
2017 1021 000B 0000 0000 0001 -48.0 0.88357 12584
2017 1021 000B 0000 0000 0002 -48.5 0.20249 12603
2017 1021 000B 0000 0000 0003 -45.5 5.36280 12884
2017 1021 000B 0000 0000 0002 -49.0 6.26478 12902
2017 1021 000B 0000 0000 0001 -47.5 1.08606 12921
2017 1021 000B 0000 0000 0004 -49.5 0.86517 12940
2017 1021 000B 0000 0000 0003 -47.0 5.44256 12969
2017 1021 000B 0000 0000 0001 -47.5 1.15969 12987
2017 1021 000B 0000 0000 0002 -49.5 6.12979 13007
2017 1021 000B 0000 0000 0002 -48.5 0.12885 13285
2017 1021 000B 0000 0000 0004 -49.5 0.09817 13304
2017 1021 000B 0000 0000 0001 -47.5 1.25786 13333
2017 1021 000B 0000 0000 0003 -48.0 4.99464 13365
2017 1021 000B 0000 0000 0004 -52.0 6.22183 13399
2017 1021 000B 0000 0000 0001 -47.5 1.19651 13419
2017 1021 000B 0000 0000 0002 -50.0 2.36847 13439
2017 1021 000B 0000 0000 0004 -53.0 5.49779 13722
2017 1021 000B 0000 0000 0002 -50.5 1.90214 13742
2017 1021 000B 0000 0000 0003 -50.0 4.39332 13761
2017 1021 000B 0000 0000 0004 -53.0 5.47938 13789
2017 1021 000B 0000 0000 0002 -50.5 1.82851 13808
2017 1021 000B 0000 0000 0001 -48.5 1.05538 14097
2017 1021 000B 0000 0000 0003 -51.5 0.44179 14119
2017 1021 000B 0000 0000 0002 -52.0 1.30695 14138
2017 1021 000B 0000 0000 0001 -49.0 4.04357 14173
2017 1021 000B 0000 0000 0003 -52.5 0.47247 14194
2017 1021 000B 0000 0000 0004 -56.0 0.14726 14477
2017 1021 000B 0000 0000 0001 -50.5 0.74245 14495
2017 1021 000B 0000 0000 0003 -54.0 5.94571 14514
2017 1021 000B 0000 0000 0001 -50.0 0.82835 14554
2017 1021 000B 0000 0000 0002 -55.0 5.58983 15178
2017 1021 000B 0000 0000 0001 -55.0 6.14819 15202
2017 1021 000B 0000 0000 0004 -56.0 1.71806 15221
2017 1021 000B 0000 0000 0003 -57.0 0.27612 15540
2017 1021 000B 0000 0000 0004 -57.5 0.41111 16182
2017 1021 000B 0000 0000 0003 -59.5 5.17258 16202
2017 1021 000B 0000 0000 0004 -58.5 0.13499 16597
2017 1021 000B 0000 0000 0004 -58.0 0.26384 16636
