2017 1021 000B 0000 0000 0004 -54.5 6.25251 0
2017 1021 000B 0000 0000 0003 -57.5 0.15340 19
2017 1021 000B 0000 0000 0004 -54.0 6.20955 57
2017 1021 000B 0000 0000 0003 -56.0 0.39270 94
2017 1021 000B 0000 0000 0004 -55.0 0.30066 385
2017 1021 000B 0000 0000 0004 -53.5 3.77359 449
2017 1021 000B 0000 0000 0003 -59.5 4.46082 740
2017 1021 000B 0000 0000 0004 -53.0 1.07992 760
2017 1021 000B 0000 0000 0004 -53.5 4.27060 804
2017 1021 000B 0000 0000 0004 -52.5 4.70012 1112
2017 1021 000B 0000 0000 0004 -54.5 4.82897 1154
2017 1021 000B 0000 0000 0004 -51.0 5.44870 1468
2017 1021 000B 0000 0000 0004 -53.0 6.13592 1810
2017 1021 000B 0000 0000 0004 -53.0 0.17794 2171
2017 1021 000B 0000 0000 0003 -57.0 1.01856 2193
2017 1021 000B 0000 0000 0004 -53.5 0.23317 2224
2017 1021 000B 0000 0000 0003 -56.5 0.77926 2248
2017 1021 000B 0000 0000 0004 -53.0 0.74245 2536
2017 1021 000B 0000 0000 0003 -55.5 1.77328 2558
2017 1021 000B 0000 0000 0003 -56.5 1.71806 2591
2017 1021 000B 0000 0000 0004 -53.0 0.87744 2610
2017 1021 000B 0000 0000 0004 -53.0 4.51604 2897
2017 1021 000B 0000 0000 0003 -55.0 5.49165 2918
2017 1021 000B 0000 0000 0004 -52.5 4.62035 2958
2017 1021 000B 0000 0000 0003 -56.0 2.50346 2977
2017 1021 000B 0000 0000 0004 -51.5 1.94509 3268
2017 1021 000B 0000 0000 0003 -55.5 6.17274 3300
2017 1021 000B 0000 0000 0004 -51.0 2.08008 3348
2017 1021 000B 0000 0000 0003 -54.5 3.16614 3379
2017 1021 000B 0000 0000 0004 -52.0 5.73709 3674
2017 1021 000B 0000 0000 0003 -55.5 3.94540 3694
2017 1021 000B 0000 0000 0004 -49.5 2.69367 3720
2017 1021 000B 0000 0000 0003 -54.5 4.00062 3736
2017 1021 000B 0000 0000 0003 -53.5 4.74920 4026
2017 1021 000B 0000 0000 0004 -52.0 0.04295 4055
2017 1021 000B 0000 0000 0004 -50.0 3.35635 4092
2017 1021 000B 0000 0000 0003 -52.0 4.97623 4109
2017 1021 000B 0000 0000 0003 -52.5 5.93344 4410
2017 1021 000B 0000 0000 0004 -51.5 4.06812 4441
2017 1021 000B 0000 0000 0004 -51.5 3.99449 4489
2017 1021 000B 0000 0000 0003 -53.5 5.98253 4518
2017 1021 000B 0000 0000 0003 -53.0 0.46633 4818
2017 1021 000B 0000 0000 0004 -51.5 4.96396 4865
2017 1021 000B 0000 0000 0003 -53.0 0.45406 4886
2017 1021 000B 0000 0000 0004 -52.0 5.55915 5173
2017 1021 000B 0000 0000 0003 -51.5 1.28854 5192
2017 1021 000B 0000 0000 0002 -58.0 0.12272 5212
2017 1021 000B 0000 0000 0003 -50.5 1.41740 5261
2017 1021 000B 0000 0000 0004 -53.0 5.90276 5290
2017 1021 000B 0000 0000 0002 -58.0 3.47293 5589
2017 1021 000B 0000 0000 0003 -50.0 5.30757 5608
2017 1021 000B 0000 0000 0004 -52.5 0.17181 5627
2017 1021 000B 0000 0000 0003 -50.5 5.43643 5655
2017 1021 000B 0000 0000 0002 -56.0 3.39930 5700
2017 1021 000B 0000 0000 0003 -48.0 3.52816 5974
2017 1021 000B 0000 0000 0004 -52.0 4.39946 5992
2017 1021 000B 0000 0000 0002 -55.5 4.25219 6014
2017 1021 000B 0000 0000 0003 -48.0 3.36249 6037
2017 1021 000B 0000 0000 0004 -52.5 4.46695 6049
2017 1021 000B 0000 0000 0002 -56.5 4.34423 6094
2017 1021 000B 0000 0000 0004 -52.0 5.29530 6379
2017 1021 000B 0000 0000 0003 -47.5 0.54610 6400
2017 1021 000B 0000 0000 0003 -45.5 4.09880 6441
2017 1021 000B 0000 0000 0004 -51.5 5.41802 6462
2017 1021 000B 0000 0000 0003 -44.5 4.35651 6746
2017 1021 000B 0000 0000 0004 -52.0 0.15340 6758
2017 1021 000B 0000 0000 0003 -45.0 4.40559 6814
2017 1021 000B 0000 0000 0004 -51.5 0.36202 6845
2017 1021 000B 0000 0000 0003 -43.5 4.97010 7134
2017 1021 000B 0000 0000 0004 -50.5 4.47309 7155
2017 1021 000B 0000 0000 0003 -43.0 4.98237 7187
2017 1021 000B 0000 0000 0004 -49.0 4.44854 7193
2017 1021 000B 0000 0000 0003 -43.5 5.35666 7480
2017 1021 000B 0000 0000 0004 -48.0 5.43643 7511
2017 1021 000B 0000 0000 0003 -42.0 5.43029 7545
2017 1021 000B 0000 0000 0004 -45.5 5.44870 7551
2017 1021 000B 0000 0000 0003 -41.0 5.67573 7823
2017 1021 000B 0000 0000 0004 -46.5 6.25864 7827
2017 1021 000B 0000 0000 0004 -46.5 0.03682 7850
2017 1021 000B 0000 0000 0003 -40.0 6.12365 8133
2017 1021 000B 0000 0000 0004 -45.0 0.76699 8137
2017 1021 000B 0000 0000 0001 -56.5 4.95783 8149
2017 1021 000B 0000 0000 0003 -39.5 6.02548 8177
2017 1021 000B 0000 0000 0004 -44.5 0.73017 8181
2017 1021 000B 0000 0000 0001 -56.0 4.99464 8194
2017 1021 000B 0000 0000 0004 -44.0 1.00629 8475
2017 1021 000B 0000 0000 0003 -38.5 0.06136 8480
2017 1021 000B 0000 0000 0001 -54.5 5.46711 8492
2017 1021 000B 0000 0000 0004 -43.0 1.17810 8519
2017 1021 000B 0000 0000 0003 -38.0 0.04295 8524
2017 1021 000B 0000 0000 0001 -53.5 5.55915 8541
2017 1021 000B 0000 0000 0004 -42.5 1.57080 8830
2017 1021 000B 0000 0000 0003 -36.5 0.32520 8841
2017 1021 000B 0000 0000 0001 -52.5 5.89049 8859
2017 1021 000B 0000 0000 0003 -36.5 0.30066 8895
2017 1021 000B 0000 0000 0004 -42.0 1.74874 8900
2017 1021 000B 0000 0000 0001 -52.5 5.95798 8911
2017 1021 000B 0000 0000 0003 -35.5 0.49701 9191
2017 1021 000B 0000 0000 0004 -40.5 2.01872 9196
2017 1021 000B 0000 0000 0001 -50.0 0.28225 9201
2017 1021 000B 0000 0000 0003 -35.5 0.48474 9220
2017 1021 000B 0000 0000 0004 -40.5 2.10462 9225
2017 1021 000B 0000 0000 0001 -48.5 0.20249 9229
2017 1021 000B 0000 0000 0003 -35.0 0.52155 9504
2017 1021 000B 0000 0000 0001 -49.0 0.44179 9508
2017 1021 000B 0000 0000 0004 -39.0 2.34392 9513
2017 1021 000B 0000 0000 0003 -35.0 0.50928 9536
2017 1021 000B 0000 0000 0004 -39.5 2.55868 9541
2017 1021 000B 0000 0000 0001 -49.0 0.41724 9546
2017 1021 000B 0000 0000 0004 -38.0 2.69367 9820
2017 1021 000B 0000 0000 0003 -34.5 0.61359 9825
2017 1021 000B 0000 0000 0001 -47.5 1.13515 9830
2017 1021 000B 0000 0000 0005 -57.0 0.76699 9896
2017 1021 000B 0000 0000 0002 -58.0 6.15433 9925
2017 1021 000B 0000 0000 0003 -34.5 0.57064 9955
2017 1021 000B 0000 0000 0004 -37.0 2.71821 9959
2017 1021 000B 0000 0000 0001 -46.0 0.95720 9964
2017 1021 000B 0000 0000 0005 -59.0 4.19697 9975
2017 1021 000B 0000 0000 0002 -52.0 0.49087 10255
2017 1021 000B 0000 0000 0003 -35.0 0.60132 10260
2017 1021 000B 0000 0000 0004 -36.5 3.01274 10265
2017 1021 000B 0000 0000 0001 -47.0 1.61988 10294
2017 1021 000B 0000 0000 0005 -57.5 4.41786 10324
2017 1021 000B 0000 0000 0004 -36.5 3.09864 10356
2017 1021 000B 0000 0000 0003 -35.0 0.54610 10361
2017 1021 000B 0000 0000 0001 -47.0 4.89033 10372
2017 1021 000B 0000 0000 0002 -53.0 0.33748 10391
2017 1021 000B 0000 0000 0005 -57.0 4.81670 10412
2017 1021 000B 0000 0000 0002 -47.5 0.85289 10685
2017 1021 000B 0000 0000 0003 -36.0 0.51542 10690
2017 1021 000B 0000 0000 0001 -43.5 2.05553 10694
2017 1021 000B 0000 0000 0004 -35.5 3.15386 10699
2017 1021 000B 0000 0000 0005 -58.0 5.25235 10720
2017 1021 000B 0000 0000 0001 -44.0 2.15984 10751
2017 1021 000B 0000 0000 0003 -36.0 0.40497 10756
2017 1021 000B 0000 0000 0004 -35.5 3.24590 10760
2017 1021 000B 0000 0000 0002 -48.0 0.47860 10765
2017 1021 000B 0000 0000 0005 -58.0 5.43029 10783
2017 1021 000B 0000 0000 0002 -47.0 0.88357 11072
2017 1021 000B 0000 0000 0001 -43.5 2.36847 11077
2017 1021 000B 0000 0000 0004 -36.5 3.36249 11091
2017 1021 000B 0000 0000 0005 -57.5 6.25864 11122
2017 1021 000B 0000 0000 0003 -38.0 0.20862 11151
2017 1021 000B 0000 0000 0001 -43.0 2.39301 11180
2017 1021 000B 0000 0000 0004 -35.5 3.42385 11184
2017 1021 000B 0000 0000 0002 -46.5 1.17196 11189
2017 1021 000B 0000 0000 0005 -58.5 6.20955 11200
2017 1021 000B 0000 0000 0004 -36.0 3.47907 11481
2017 1021 000B 0000 0000 0003 -39.0 0.05522 11486
2017 1021 000B 0000 0000 0001 -41.5 2.65072 11491
2017 1021 000B 0000 0000 0005 -56.5 0.91425 11504
2017 1021 000B 0000 0000 0002 -46.0 1.33763 11534
2017 1021 000B 0000 0000 0003 -39.5 6.19115 11573
2017 1021 000B 0000 0000 0001 -41.5 2.63231 11577
2017 1021 000B 0000 0000 0004 -36.5 3.42998 11582
2017 1021 000B 0000 0000 0002 -45.5 4.49763 11593
2017 1021 000B 0000 0000 0005 -57.5 1.04311 11614
2017 1021 000B 0000 0000 0003 -40.5 6.03775 11891
2017 1021 000B 0000 0000 0002 -43.5 1.39899 11896
2017 1021 000B 0000 0000 0004 -37.5 3.40544 11901
2017 1021 000B 0000 0000 0001 -40.5 2.62618 11906
2017 1021 000B 0000 0000 0005 -56.5 1.82237 11920
2017 1021 000B 0000 0000 0002 -43.5 1.33763 11959
2017 1021 000B 0000 0000 0004 -38.5 3.54043 11964
2017 1021 000B 0000 0000 0001 -41.5 5.79845 11976
2017 1021 000B 0000 0000 0005 -57.0 1.82851 11995
2017 1021 000B 0000 0000 0003 -42.0 5.84753 12013
2017 1021 000B 0000 0000 0004 -40.5 3.39317 12288
2017 1021 000B 0000 0000 0001 -39.0 2.62618 12292
2017 1021 000B 0000 0000 0002 -43.0 1.61375 12297
2017 1021 000B 0000 0000 0003 -42.5 5.54687 12302
2017 1021 000B 0000 0000 0005 -55.5 5.70641 12316
2017 1021 000B 0000 0000 0003 -42.5 5.50392 12340
2017 1021 000B 0000 0000 0002 -43.5 1.69351 12344
2017 1021 000B 0000 0000 0001 -39.0 2.63231 12349
2017 1021 000B 0000 0000 0005 -55.0 2.63845 12361
2017 1021 000B 0000 0000 0004 -41.5 0.28225 12380
2017 1021 000B 0000 0000 0001 -37.5 2.55254 12659
2017 1021 000B 0000 0000 0002 -42.5 1.50330 12664
2017 1021 000B 0000 0000 0004 -42.5 3.31953 12668
2017 1021 000B 0000 0000 0003 -43.0 5.14804 12673
2017 1021 000B 0000 0000 0005 -50.5 0.19635 12678
2017 1021 000B 0000 0000 0002 -43.0 1.69351 12698
2017 1021 000B 0000 0000 0004 -42.5 3.27045 12703
2017 1021 000B 0000 0000 0001 -38.0 2.58322 12707
2017 1021 000B 0000 0000 0005 -52.5 1.15355 12712
2017 1021 000B 0000 0000 0003 -43.5 5.10509 12717
2017 1021 000B 0000 0000 0003 -44.5 4.62035 12989
2017 1021 000B 0000 0000 0001 -38.5 2.47891 12994
2017 1021 000B 0000 0000 0002 -43.0 4.93328 13008
2017 1021 000B 0000 0000 0004 -44.5 6.22796 13041
2017 1021 000B 0000 0000 0005 -51.5 1.15969 13071
2017 1021 000B 0000 0000 0002 -42.0 1.85305 13099
2017 1021 000B 0000 0000 0001 -38.5 2.45437 13104
2017 1021 000B 0000 0000 0004 -45.5 6.16047 13120
2017 1021 000B 0000 0000 0003 -46.5 4.48536 13152
2017 1021 000B 0000 0000 0004 -45.0 2.81639 13438
2017 1021 000B 0000 0000 0002 -42.0 1.79783 13443
2017 1021 000B 0000 0000 0001 -39.5 2.39301 13448
2017 1021 000B 0000 0000 0003 -46.0 3.69383 13454
2017 1021 000B 0000 0000 0005 -48.5 1.54625 13459
2017 1021 000B 0000 0000 0001 -39.0 2.42369 13481
2017 1021 000B 0000 0000 0003 -46.5 4.15402 13486
2017 1021 000B 0000 0000 0004 -46.0 2.62618 13491
2017 1021 000B 0000 0000 0002 -42.0 1.79169 13496
2017 1021 000B 0000 0000 0005 -49.0 4.99464 13511
2017 1021 000B 0000 0000 0003 -46.0 3.44839 13805
2017 1021 000B 0000 0000 0001 -39.5 2.33779 13810
2017 1021 000B 0000 0000 0005 -47.0 2.60777 13815
2017 1021 000B 0000 0000 0002 -44.0 4.90260 13829
2017 1021 000B 0000 0000 0004 -49.0 2.02485 13862
2017 1021 000B 0000 0000 0001 -39.5 2.30711 13898
2017 1021 000B 0000 0000 0002 -41.5 1.76101 13902
2017 1021 000B 0000 0000 0005 -47.5 5.51619 13912
2017 1021 000B 0000 0000 0004 -50.0 5.04986 13931
2017 1021 000B 0000 0000 0003 -49.0 0.01227 13951
2017 1021 000B 0000 0000 0002 -45.0 1.70579 14227
2017 1021 000B 0000 0000 0001 -41.0 2.19052 14231
2017 1021 000B 0000 0000 0005 -45.0 2.71208 14236
2017 1021 000B 0000 0000 0004 -53.5 1.41126 14241
2017 1021 000B 0000 0000 0003 -48.0 2.46051 14246
2017 1021 000B 0000 0000 0001 -41.0 2.18439 14265
2017 1021 000B 0000 0000 0002 -44.5 1.75487 14270
2017 1021 000B 0000 0000 0003 -48.0 2.47278 14279
2017 1021 000B 0000 0000 0005 -46.0 5.92730 14296
2017 1021 000B 0000 0000 0004 -55.0 1.00629 14315
2017 1021 000B 0000 0000 0005 -42.5 2.87161 14591
2017 1021 000B 0000 0000 0001 -43.0 2.08621 14596
2017 1021 000B 0000 0000 0002 -44.5 1.45421 14603
2017 1021 000B 0000 0000 0003 -51.0 1.54625 14640
2017 1021 000B 0000 0000 0004 -59.5 5.49165 14690
2017 1021 000B 0000 0000 0005 -44.0 3.16000 14713
2017 1021 000B 0000 0000 0001 -42.5 1.95122 14723
2017 1021 000B 0000 0000 0002 -47.0 1.23332 14729
2017 1021 000B 0000 0000 0001 -42.5 1.76715 15001
2017 1021 000B 0000 0000 0005 -42.5 3.10478 15006
2017 1021 000B 0000 0000 0003 -52.0 0.68109 15017
2017 1021 000B 0000 0000 0002 -49.5 4.20924 15038
2017 1021 000B 0000 0000 0004 -60.0 0.74858 15072
2017 1021 000B 0000 0000 0001 -44.5 1.63829 15094
2017 1021 000B 0000 0000 0005 -43.0 3.08637 15099
2017 1021 000B 0000 0000 0003 -50.5 0.85903 15103
2017 1021 000B 0000 0000 0002 -47.5 1.03697 15108
2017 1021 000B 0000 0000 0001 -44.5 1.29468 15380
2017 1021 000B 0000 0000 0005 -42.5 3.27658 15385
2017 1021 000B 0000 0000 0003 -51.0 5.89662 15396
2017 1021 000B 0000 0000 0002 -52.5 3.66315 15416
2017 1021 000B 0000 0000 0005 -42.5 3.41771 15456
2017 1021 000B 0000 0000 0001 -44.5 1.09219 15461
2017 1021 000B 0000 0000 0003 -51.0 5.78004 15477
2017 1021 000B 0000 0000 0002 -52.5 0.25771 15508
2017 1021 000B 0000 0000 0001 -47.0 0.77926 15803
2017 1021 000B 0000 0000 0005 -43.5 0.33134 15822
2017 1021 000B 0000 0000 0005 -43.0 3.47907 15852
2017 1021 000B 0000 0000 0001 -44.0 0.61359 15856
2017 1021 000B 0000 0000 0005 -43.0 3.61406 16131
2017 1021 000B 0000 0000 0001 -47.0 0.34975 16136
2017 1021 000B 0000 0000 0003 -49.0 4.54672 16153
2017 1021 000B 0000 0000 0001 -46.5 0.09204 16219
2017 1021 000B 0000 0000 0005 -43.5 3.36249 16224
2017 1021 000B 0000 0000 0003 -50.5 4.46695 16235
2017 1021 000B 0000 0000 0005 -44.0 3.51588 16516
2017 1021 000B 0000 0000 0001 -47.5 5.82913 16532
2017 1021 000B 0000 0000 0003 -49.5 3.96381 16562
2017 1021 000B 0000 0000 0003 -46.5 3.66928 16609
2017 1021 000B 0000 0000 0001 -46.5 5.57755 16614
2017 1021 000B 0000 0000 0005 -45.0 3.68769 16618
2017 1021 000B 0000 0000 0005 -45.5 3.94540 16890
2017 1021 000B 0000 0000 0001 -49.0 2.00645 16902
2017 1021 000B 0000 0000 0003 -50.5 3.50975 16923
2017 1021 000B 0000 0000 0003 -49.5 3.32567 16948
2017 1021 000B 0000 0000 0001 -49.0 1.83464 16966
2017 1021 000B 0000 0000 0005 -47.5 0.57678 16986
2017 1021 000B 0000 0000 0001 -49.0 4.31355 17262
2017 1021 000B 0000 0000 0005 -47.5 3.76746 17267
2017 1021 000B 0000 0000 0003 -51.5 5.89049 17282
2017 1021 000B 0000 0000 0001 -49.5 4.37491 17316
2017 1021 000B 0000 0000 0005 -49.0 0.57064 17349
2017 1021 000B 0000 0000 0003 -52.0 2.61390 17378
2017 1021 000B 0000 0000 0005 -48.5 3.61406 17660
2017 1021 000B 0000 0000 0005 -48.0 3.54656 17709
2017 1021 000B 0000 0000 0001 -50.0 3.10478 17714
2017 1021 000B 0000 0000 0003 -54.0 1.97577 17728
2017 1021 000B 0000 0000 0005 -50.0 0.40497 17762
2017 1021 000B 0000 0000 0001 -52.0 0.42951 17782
2017 1021 000B 0000 0000 0003 -53.5 1.84691 17802
2017 1021 000B 0000 0000 0005 -49.0 3.22750 18078
2017 1021 000B 0000 0000 0001 -53.0 6.14206 18092
2017 1021 000B 0000 0000 0003 -55.0 1.01243 18112
2017 1021 000B 0000 0000 0005 -49.0 3.20909 18139
2017 1021 000B 0000 0000 0001 -50.5 2.74889 18144
2017 1021 000B 0000 0000 0003 -55.0 1.17810 18158
2017 1021 000B 0000 0000 0005 -51.0 5.82299 18450
2017 1021 000B 0000 0000 0001 -53.5 2.11689 18480
2017 1021 000B 0000 0000 0003 -54.0 0.41111 18536
2017 1021 000B 0000 0000 0005 -51.5 5.79231 18576
2017 1021 000B 0000 0000 0001 -54.0 4.98237 18607
2017 1021 000B 0000 0000 0001 -55.5 1.28241 18903
2017 1021 000B 0000 0000 0003 -56.5 5.54687 18923
2017 1021 000B 0000 0000 0005 -55.0 4.87806 18943
2017 1021 000B 0000 0000 0001 -54.0 0.98788 18989
2017 1021 000B 0000 0000 0003 -59.0 0.97561 19611
2017 1021 000B 0000 0000 0003 -58.0 0.79767 19675
