2017 1021 000B 0000 0000 0005 -53.5 0.41111 0
2017 1021 000B 0000 0000 0004 -51.5 1.03697 18
2017 1021 000B 0000 0000 0004 -51.5 1.27014 53
2017 1021 000B 0000 0000 0005 -54.0 0.63200 73
2017 1021 000B 0000 0000 0004 -50.5 1.74260 363
2017 1021 000B 0000 0000 0005 -52.0 0.90198 393
2017 1021 000B 0000 0000 0004 -51.5 1.82851 437
2017 1021 000B 0000 0000 0005 -52.5 4.30128 456
2017 1021 000B 0000 0000 0005 -53.0 4.74920 741
2017 1021 000B 0000 0000 0004 -52.0 5.61437 759
2017 1021 000B 0000 0000 0004 -51.0 2.55254 820
2017 1021 000B 0000 0000 0005 -52.0 4.98237 850
2017 1021 000B 0000 0000 0004 -50.0 3.09864 1134
2017 1021 000B 0000 0000 0005 -52.5 5.42416 1162
2017 1021 000B 0000 0000 0004 -50.0 3.02501 1198
2017 1021 000B 0000 0000 0005 -52.5 5.43029 1218
2017 1021 000B 0000 0000 0004 -50.5 3.84109 1520
2017 1021 000B 0000 0000 0005 -52.5 6.19115 1566
2017 1021 000B 0000 0000 0004 -51.5 0.92652 1608
2017 1021 000B 0000 0000 0005 -53.0 6.10524 1628
2017 1021 000B 0000 0000 0005 -52.0 0.31907 1917
2017 1021 000B 0000 0000 0004 -51.0 4.72466 1950
2017 1021 000B 0000 0000 0005 -50.0 3.54656 1985
2017 1021 000B 0000 0000 0004 -50.5 4.93942 2002
2017 1021 000B 0000 0000 0004 -52.0 5.46097 2302
2017 1021 000B 0000 0000 0005 -52.5 1.20878 2321
2017 1021 000B 0000 0000 0004 -50.5 5.73095 2373
2017 1021 000B 0000 0000 0005 -52.5 4.45468 2402
2017 1021 000B 0000 0000 0003 -57.5 5.82299 2702
2017 1021 000B 0000 0000 0005 -52.5 2.19666 2721
2017 1021 000B 0000 0000 0004 -51.5 0.35588 2740
2017 1021 000B 0000 0000 0005 -53.0 2.06781 2768
2017 1021 000B 0000 0000 0003 -55.5 5.88435 2791
2017 1021 000B 0000 0000 0003 -56.5 0.10431 3074
2017 1021 000B 0000 0000 0005 -52.5 6.11752 3093
2017 1021 000B 0000 0000 0004 -50.5 4.65103 3113
2017 1021 000B 0000 0000 0005 -51.0 6.00093 3134
2017 1021 000B 0000 0000 0003 -56.0 6.22796 3146
2017 1021 000B 0000 0000 0005 -52.5 3.88404 3434
2017 1021 000B 0000 0000 0004 -50.0 5.71868 3453
2017 1021 000B 0000 0000 0003 -54.5 0.56450 3473
2017 1021 000B 0000 0000 0004 -50.0 5.78004 3502
2017 1021 000B 0000 0000 0005 -52.5 0.89584 3523
2017 1021 000B 0000 0000 0004 -48.5 3.41771 3801
2017 1021 000B 0000 0000 0005 -49.5 1.69965 3847
2017 1021 000B 0000 0000 0005 -50.0 4.97623 3926
2017 1021 000B 0000 0000 0004 -47.5 3.81041 3955
2017 1021 000B 0000 0000 0004 -46.5 1.20264 4251
2017 1021 000B 0000 0000 0003 -54.5 1.52784 4272
2017 1021 000B 0000 0000 0005 -50.5 6.15433 4291
2017 1021 000B 0000 0000 0004 -45.0 4.80443 4312
2017 1021 000B 0000 0000 0004 -43.0 4.89647 4612
2017 1021 000B 0000 0000 0005 -47.5 2.89616 4619
2017 1021 000B 0000 0000 0003 -55.5 1.92054 4644
2017 1021 000B 0000 0000 0004 -43.5 5.09282 4668
2017 1021 000B 0000 0000 0004 -43.5 5.49165 4961
2017 1021 000B 0000 0000 0005 -46.5 4.43627 4967
2017 1021 000B 0000 0000 0004 -41.0 5.39961 4989
2017 1021 000B 0000 0000 0005 -48.0 1.43581 5000
2017 1021 000B 0000 0000 0004 -40.0 5.81072 5281
2017 1021 000B 0000 0000 0005 -47.5 2.04326 5303
2017 1021 000B 0000 0000 0004 -40.0 5.90276 5338
2017 1021 000B 0000 0000 0005 -47.5 2.11689 5349
2017 1021 000B 0000 0000 0004 -39.0 6.17887 5631
2017 1021 000B 0000 0000 0005 -47.0 5.94571 5651
2017 1021 000B 0000 0000 0004 -37.0 0.19635 5967
2017 1021 000B 0000 0000 0005 -46.0 0.33134 5984
2017 1021 000B 0000 0000 0004 -36.5 0.10431 6021
2017 1021 000B 0000 0000 0005 -45.0 0.39270 6031
2017 1021 000B 0000 0000 0004 -35.0 0.39270 6303
2017 1021 000B 0000 0000 0005 -44.0 1.19651 6308
2017 1021 000B 0000 0000 0002 -55.0 5.28917 6319
2017 1021 000B 0000 0000 0004 -35.0 0.52769 6347
2017 1021 000B 0000 0000 0005 -44.0 0.92652 6352
2017 1021 000B 0000 0000 0002 -56.0 5.37507 6362
2017 1021 000B 0000 0000 0004 -34.0 0.72404 6644
2017 1021 000B 0000 0000 0005 -43.0 1.25786 6650
2017 1021 000B 0000 0000 0002 -53.0 5.85981 6666
2017 1021 000B 0000 0000 0004 -34.0 0.76085 6703
2017 1021 000B 0000 0000 0005 -42.5 1.61988 6708
2017 1021 000B 0000 0000 0002 -53.0 5.95185 6722
2017 1021 000B 0000 0000 0004 -33.0 0.83449 6999
2017 1021 000B 0000 0000 0005 -41.0 1.92054 7003
2017 1021 000B 0000 0000 0002 -53.0 0.14726 7021
2017 1021 000B 0000 0000 0004 -32.5 0.86517 7058
2017 1021 000B 0000 0000 0005 -40.0 1.98804 7063
2017 1021 000B 0000 0000 0002 -52.5 0.26998 7076
2017 1021 000B 0000 0000 0002 -49.0 0.50928 7370
2017 1021 000B 0000 0000 0004 -32.0 0.95720 7374
2017 1021 000B 0000 0000 0005 -40.0 2.31938 7380
2017 1021 000B 0000 0000 0003 -55.0 0.74858 7394
2017 1021 000B 0000 0000 0004 -31.5 1.04924 7467
2017 1021 000B 0000 0000 0005 -39.5 2.38687 7471
2017 1021 000B 0000 0000 0003 -55.5 0.77926 7486
2017 1021 000B 0000 0000 0002 -51.5 3.91472 7506
2017 1021 000B 0000 0000 0004 -32.0 1.00629 7785
2017 1021 000B 0000 0000 0002 -49.0 1.24559 7790
2017 1021 000B 0000 0000 0005 -37.5 2.60777 7795
2017 1021 000B 0000 0000 0003 -52.5 4.84124 7806
2017 1021 000B 0000 0000 0001 -56.0 0.41111 7829
2017 1021 000B 0000 0000 0005 -37.5 2.67526 7853
2017 1021 000B 0000 0000 0004 -32.0 1.02470 7857
2017 1021 000B 0000 0000 0002 -49.5 4.29515 7869
2017 1021 000B 0000 0000 0001 -56.0 0.14726 7888
2017 1021 000B 0000 0000 0003 -52.5 5.06827 7906
2017 1021 000B 0000 0000 0003 -50.5 5.74936 8180
2017 1021 000B 0000 0000 0004 -32.5 0.87130 8185
2017 1021 000B 0000 0000 0005 -37.0 2.87161 8190
2017 1021 000B 0000 0000 0001 -57.0 0.79153 8202
2017 1021 000B 0000 0000 0002 -48.5 4.73693 8220
2017 1021 000B 0000 0000 0004 -32.5 0.88357 8247
2017 1021 000B 0000 0000 0005 -36.0 2.90229 8251
2017 1021 000B 0000 0000 0003 -50.0 5.73095 8263
2017 1021 000B 0000 0000 0002 -48.0 4.90874 8282
2017 1021 000B 0000 0000 0001 -56.5 0.49087 8301
2017 1021 000B 0000 0000 0005 -36.0 3.04342 8575
2017 1021 000B 0000 0000 0004 -34.0 0.61359 8580
2017 1021 000B 0000 0000 0001 -57.5 1.27014 8592
2017 1021 000B 0000 0000 0003 -47.5 6.19115 8614
2017 1021 000B 0000 0000 0002 -47.0 5.08668 8633
2017 1021 000B 0000 0000 0005 -36.5 3.00660 8654
2017 1021 000B 0000 0000 0004 -34.0 0.65654 8659
2017 1021 000B 0000 0000 0003 -47.0 6.22796 8664
2017 1021 000B 0000 0000 0001 -57.5 1.52171 8675
2017 1021 000B 0000 0000 0005 -36.0 3.08023 8955
2017 1021 000B 0000 0000 0004 -35.0 0.41724 8960
2017 1021 000B 0000 0000 0003 -45.0 0.50928 8971
2017 1021 000B 0000 0000 0002 -46.0 5.36893 8982
2017 1021 000B 0000 0000 0001 -57.5 5.36893 9000
2017 1021 000B 0000 0000 0005 -36.5 2.96979 9027
2017 1021 000B 0000 0000 0003 -44.0 0.35588 9031
2017 1021 000B 0000 0000 0004 -35.0 0.22089 9036
2017 1021 000B 0000 0000 0002 -46.0 2.30711 9059
2017 1021 000B 0000 0000 0005 -37.5 3.11091 9366
2017 1021 000B 0000 0000 0004 -37.5 0.13499 9371
2017 1021 000B 0000 0000 0002 -45.0 5.47938 9386
2017 1021 000B 0000 0000 0003 -44.0 0.47860 9405
2017 1021 000B 0000 0000 0001 -56.5 0.12272 9425
2017 1021 000B 0000 0000 0003 -43.0 0.38656 9447
2017 1021 000B 0000 0000 0004 -37.5 6.25864 9461
2017 1021 000B 0000 0000 0005 -37.5 6.22796 9492
2017 1021 000B 0000 0000 0002 -44.5 2.37460 9522
2017 1021 000B 0000 0000 0004 -37.5 5.84140 9804
2017 1021 000B 0000 0000 0002 -43.5 2.41755 9809
2017 1021 000B 0000 0000 0005 -38.5 3.01274 9814
2017 1021 000B 0000 0000 0003 -41.0 0.63814 9818
2017 1021 000B 0000 0000 0001 -55.0 4.19084 9833
2017 1021 000B 0000 0000 0005 -39.0 2.94524 9856
2017 1021 000B 0000 0000 0003 -41.5 0.66268 9861
2017 1021 000B 0000 0000 0002 -42.5 2.38687 9866
2017 1021 000B 0000 0000 0004 -38.5 5.90889 9874
2017 1021 000B 0000 0000 0001 -53.0 1.43581 9925
2017 1021 000B 0000 0000 0005 -40.0 2.86548 10210
2017 1021 000B 0000 0000 0002 -43.0 2.28256 10215
2017 1021 000B 0000 0000 0003 -41.5 0.66882 10227
2017 1021 000B 0000 0000 0004 -40.5 5.46711 10247
2017 1021 000B 0000 0000 0001 -53.5 5.04986 10266
2017 1021 000B 0000 0000 0003 -40.5 0.44179 10287
2017 1021 000B 0000 0000 0005 -40.0 2.94524 10291
2017 1021 000B 0000 0000 0004 -41.0 5.39348 10313
2017 1021 000B 0000 0000 0002 -43.5 2.33779 10343
2017 1021 000B 0000 0000 0003 -40.5 0.57678 10628
2017 1021 000B 0000 0000 0005 -42.0 2.82252 10633
2017 1021 000B 0000 0000 0004 -41.0 4.96396 10638
2017 1021 000B 0000 0000 0002 -43.0 2.21507 10643
2017 1021 000B 0000 0000 0001 -52.0 5.76777 10658
2017 1021 000B 0000 0000 0004 -41.5 4.98237 10685
2017 1021 000B 0000 0000 0005 -41.0 2.44210 10690
2017 1021 000B 0000 0000 0003 -40.0 0.44179 10694
2017 1021 000B 0000 0000 0002 -42.5 2.06167 10706
2017 1021 000B 0000 0000 0001 -51.0 5.90889 10722
2017 1021 000B 0000 0000 0002 -42.0 2.00031 11013
2017 1021 000B 0000 0000 0003 -40.5 0.84062 11018
2017 1021 000B 0000 0000 0004 -42.0 4.50377 11024
2017 1021 000B 0000 0000 0005 -44.5 5.36893 11039
2017 1021 000B 0000 0000 0001 -50.5 0.12272 11057
2017 1021 000B 0000 0000 0003 -40.5 0.82221 11081
2017 1021 000B 0000 0000 0002 -41.5 2.34392 11090
2017 1021 000B 0000 0000 0004 -43.0 4.35037 11094
2017 1021 000B 0000 0000 0001 -50.0 0.26384 11110
2017 1021 000B 0000 0000 0004 -43.0 4.17243 11392
2017 1021 000B 0000 0000 0005 -45.0 1.74874 11396
2017 1021 000B 0000 0000 0002 -44.5 1.93282 11401
2017 1021 000B 0000 0000 0003 -40.5 0.73017 11406
2017 1021 000B 0000 0000 0001 -48.5 0.63200 11426
2017 1021 000B 0000 0000 0003 -41.0 0.66268 11458
2017 1021 000B 0000 0000 0004 -43.5 3.79200 11463
2017 1021 000B 0000 0000 0002 -44.5 5.02532 11475
2017 1021 000B 0000 0000 0001 -48.5 0.88357 11493
2017 1021 000B 0000 0000 0005 -46.0 4.79829 11511
2017 1021 000B 0000 0000 0004 -45.5 3.22136 11785
2017 1021 000B 0000 0000 0003 -42.0 0.68722 11790
2017 1021 000B 0000 0000 0005 -43.5 1.34377 11795
2017 1021 000B 0000 0000 0002 -45.5 4.84124 11805
2017 1021 000B 0000 0000 0001 -47.5 1.20878 11828
2017 1021 000B 0000 0000 0004 -45.0 3.11705 11852
2017 1021 000B 0000 0000 0003 -41.5 0.76085 11856
2017 1021 000B 0000 0000 0005 -48.0 1.17810 11867
2017 1021 000B 0000 0000 0002 -45.5 4.68785 11886
2017 1021 000B 0000 0000 0001 -47.5 1.27627 11905
2017 1021 000B 0000 0000 0005 -48.5 0.97561 12179
2017 1021 000B 0000 0000 0001 -48.5 1.62602 12186
2017 1021 000B 0000 0000 0003 -44.0 0.37429 12194
2017 1021 000B 0000 0000 0003 -43.0 0.55837 12223
2017 1021 000B 0000 0000 0002 -46.5 1.33763 12238
2017 1021 000B 0000 0000 0005 -50.0 0.39270 12272
2017 1021 000B 0000 0000 0004 -46.5 2.48505 12324
2017 1021 000B 0000 0000 0002 -45.5 1.21491 12607
2017 1021 000B 0000 0000 0003 -43.5 6.23410 12612
2017 1021 000B 0000 0000 0004 -48.0 1.83464 12627
2017 1021 000B 0000 0000 0001 -46.0 4.98237 12656
2017 1021 000B 0000 0000 0003 -46.0 0.09204 12696
2017 1021 000B 0000 0000 0001 -45.5 1.78555 12702
2017 1021 000B 0000 0000 0002 -48.0 0.81608 12721
2017 1021 000B 0000 0000 0004 -48.0 1.57080 12750
2017 1021 000B 0000 0000 0002 -47.5 0.29452 13045
2017 1021 000B 0000 0000 0001 -46.0 5.17872 13069
2017 1021 000B 0000 0000 0003 -48.0 5.98253 13100
2017 1021 000B 0000 0000 0004 -48.5 0.84676 13130
2017 1021 000B 0000 0000 0003 -47.0 6.11752 13158
2017 1021 000B 0000 0000 0001 -44.5 2.01258 13165
2017 1021 000B 0000 0000 0002 -49.0 0.44792 13170
2017 1021 000B 0000 0000 0001 -46.0 1.98804 13451
2017 1021 000B 0000 0000 0003 -49.5 5.36280 13469
2017 1021 000B 0000 0000 0002 -50.0 5.93957 13489
2017 1021 000B 0000 0000 0001 -46.0 5.17258 13516
2017 1021 000B 0000 0000 0003 -50.5 5.26462 13535
2017 1021 000B 0000 0000 0001 -47.0 5.12963 13837
2017 1021 000B 0000 0000 0002 -50.0 2.22734 13859
2017 1021 000B 0000 0000 0004 -52.5 5.47938 13878
2017 1021 000B 0000 0000 0002 -50.0 2.23348 13907
2017 1021 000B 0000 0000 0001 -47.0 5.12963 13927
2017 1021 000B 0000 0000 0001 -49.0 4.87806 14499
2017 1021 000B 0000 0000 0003 -53.5 6.14206 14529
2017 1021 000B 0000 0000 0002 -50.5 4.38105 14558
2017 1021 000B 0000 0000 0001 -48.5 1.77328 14648
2017 1021 000B 0000 0000 0001 -53.0 1.28854 14949
2017 1021 000B 0000 0000 0002 -54.5 0.15340 14999
2017 1021 000B 0000 0000 0001 -53.5 1.60148 15046
2017 1021 000B 0000 0000 0004 -57.0 2.04326 15373
