2017 1021 000B 0000 0000 0003 -56.5 3.99449 0
2017 1021 000B 0000 0000 0004 -58.0 0.57064 20
2017 1021 000B 0000 0000 0003 -58.0 1.81623 327
2017 1021 000B 0000 0000 0004 -56.5 4.02517 351
2017 1021 000B 0000 0000 0004 -55.0 1.20878 384
2017 1021 000B 0000 0000 0003 -56.5 4.92101 403
2017 1021 000B 0000 0000 0004 -55.0 1.94509 1008
2017 1021 000B 0000 0000 0004 -56.0 2.44823 1303
2017 1021 000B 0000 0000 0004 -55.5 5.66959 1394
2017 1021 000B 0000 0000 0003 -58.0 3.00047 1688
2017 1021 000B 0000 0000 0004 -55.5 6.11138 1708
2017 1021 000B 0000 0000 0004 -55.0 6.21569 1742
2017 1021 000B 0000 0000 0003 -58.0 0.33748 1761
2017 1021 000B 0000 0000 0003 -57.5 0.38656 2053
2017 1021 000B 0000 0000 0004 -54.5 0.53383 2073
2017 1021 000B 0000 0000 0003 -58.5 3.88404 2103
2017 1021 000B 0000 0000 0004 -55.0 0.44792 2124
2017 1021 000B 0000 0000 0004 -54.0 4.57126 2675
2017 1021 000B 0000 0000 0004 -51.5 4.81670 2729
2017 1021 000B 0000 0000 0004 -52.5 5.56528 3056
2017 1021 000B 0000 0000 0004 -55.0 5.44870 3093
2017 1021 000B 0000 0000 0004 -54.0 0.03068 3635
2017 1021 000B 0000 0000 0004 -53.0 0.32520 3711
2017 1021 000B 0000 0000 0004 -52.5 3.92085 4012
2017 1021 000B 0000 0000 0003 -57.5 1.57080 4031
2017 1021 000B 0000 0000 0004 -50.5 0.87130 4057
2017 1021 000B 0000 0000 0003 -57.0 1.63216 4081
2017 1021 000B 0000 0000 0004 -52.5 1.40513 4368
2017 1021 000B 0000 0000 0003 -55.5 5.52233 4441
2017 1021 000B 0000 0000 0004 -52.0 4.64489 4479
2017 1021 000B 0000 0000 0003 -57.5 6.11752 4767
2017 1021 000B 0000 0000 0004 -52.0 5.11736 4786
2017 1021 000B 0000 0000 0004 -52.5 5.19099 4820
2017 1021 000B 0000 0000 0003 -56.5 2.97592 4840
2017 1021 000B 0000 0000 0004 -52.5 5.65119 5128
2017 1021 000B 0000 0000 0003 -56.0 0.63814 5148
2017 1021 000B 0000 0000 0004 -51.5 5.76777 5185
2017 1021 000B 0000 0000 0003 -54.0 3.69996 5214
2017 1021 000B 0000 0000 0004 -52.0 6.19115 5515
2017 1021 000B 0000 0000 0003 -54.0 4.48536 5544
2017 1021 000B 0000 0000 0003 -53.0 4.43627 5592
2017 1021 000B 0000 0000 0004 -52.0 0.29452 5621
2017 1021 000B 0000 0000 0004 -51.5 0.87744 5922
2017 1021 000B 0000 0000 0003 -55.5 5.57755 5953
2017 1021 000B 0000 0000 0004 -52.5 0.96334 5996
2017 1021 000B 0000 0000 0003 -55.0 5.68800 6018
2017 1021 000B 0000 0000 0004 -51.5 4.77988 6313
2017 1021 000B 0000 0000 0003 -54.5 0.41724 6362
2017 1021 000B 0000 0000 0004 -52.0 1.77942 6382
2017 1021 000B 0000 0000 0002 -59.0 0.04909 6667
2017 1021 000B 0000 0000 0004 -51.5 5.56528 6685
2017 1021 000B 0000 0000 0003 -53.0 1.19651 6705
2017 1021 000B 0000 0000 0002 -58.0 0.36816 6733
2017 1021 000B 0000 0000 0004 -52.0 5.71868 6754
2017 1021 000B 0000 0000 0004 -51.0 0.03682 7044
2017 1021 000B 0000 0000 0003 -49.5 2.20280 7073
2017 1021 000B 0000 0000 0003 -51.0 5.53460 7135
2017 1021 000B 0000 0000 0004 -53.0 0.42338 7154
2017 1021 000B 0000 0000 0002 -56.5 4.14788 7441
2017 1021 000B 0000 0000 0003 -50.5 0.07363 7465
2017 1021 000B 0000 0000 0004 -51.5 4.33196 7484
2017 1021 000B 0000 0000 0003 -49.0 3.03115 7507
2017 1021 000B 0000 0000 0003 -47.5 3.61406 7816
2017 1021 000B 0000 0000 0004 -53.0 2.06781 7832
2017 1021 000B 0000 0000 0004 -53.0 5.27076 7877
2017 1021 000B 0000 0000 0003 -48.0 4.06198 7896
2017 1021 000B 0000 0000 0003 -46.0 4.42400 8176
2017 1021 000B 0000 0000 0004 -53.0 6.12979 8194
2017 1021 000B 0000 0000 0003 -45.5 4.50990 8231
2017 1021 000B 0000 0000 0004 -52.0 2.47278 8236
2017 1021 000B 0000 0000 0003 -45.5 5.16031 8508
2017 1021 000B 0000 0000 0002 -58.0 5.52233 8527
2017 1021 000B 0000 0000 0003 -44.0 5.19099 8551
2017 1021 000B 0000 0000 0004 -52.0 3.67542 8556
2017 1021 000B 0000 0000 0003 -44.0 5.59596 8851
2017 1021 000B 0000 0000 0004 -51.0 5.02532 8883
2017 1021 000B 0000 0000 0003 -44.0 5.85367 8949
2017 1021 000B 0000 0000 0004 -51.5 5.33825 8964
2017 1021 000B 0000 0000 0004 -47.5 6.11752 9244
2017 1021 000B 0000 0000 0003 -42.5 6.19728 9248
2017 1021 000B 0000 0000 0003 -42.5 6.17274 9268
2017 1021 000B 0000 0000 0004 -49.0 6.16047 9273
2017 1021 000B 0000 0000 0003 -41.5 0.20862 9548
2017 1021 000B 0000 0000 0004 -47.5 0.84062 9553
2017 1021 000B 0000 0000 0003 -41.5 0.20249 9572
2017 1021 000B 0000 0000 0004 -46.5 0.97561 9577
2017 1021 000B 0000 0000 0003 -40.0 0.41724 9849
2017 1021 000B 0000 0000 0004 -45.0 1.38672 9855
2017 1021 000B 0000 0000 0001 -56.5 6.03775 9874
2017 1021 000B 0000 0000 0003 -39.5 0.52769 9911
2017 1021 000B 0000 0000 0004 -45.5 1.57693 9915
2017 1021 000B 0000 0000 0001 -56.0 5.97025 9932
2017 1021 000B 0000 0000 0001 -55.0 0.20249 10222
2017 1021 000B 0000 0000 0003 -38.0 0.68722 10227
2017 1021 000B 0000 0000 0004 -44.0 2.09849 10232
2017 1021 000B 0000 0000 0003 -38.0 0.74858 10252
2017 1021 000B 0000 0000 0001 -54.5 0.74858 10262
2017 1021 000B 0000 0000 0004 -43.5 2.07394 10267
2017 1021 000B 0000 0000 0004 -42.5 2.46051 10539
2017 1021 000B 0000 0000 0003 -36.5 1.03084 10543
2017 1021 000B 0000 0000 0001 -52.5 0.52155 10548
2017 1021 000B 0000 0000 0003 -36.0 0.97561 10570
2017 1021 000B 0000 0000 0004 -42.0 2.51573 10576
2017 1021 000B 0000 0000 0001 -52.5 0.92039 10581
2017 1021 000B 0000 0000 0004 -40.5 2.76117 10855
2017 1021 000B 0000 0000 0003 -35.0 1.14742 10860
2017 1021 000B 0000 0000 0001 -51.0 1.26400 10876
2017 1021 000B 0000 0000 0004 -40.5 2.96979 10914
2017 1021 000B 0000 0000 0003 -34.5 1.15355 10919
2017 1021 000B 0000 0000 0001 -47.5 1.12287 10924
2017 1021 000B 0000 0000 0004 -39.0 3.11091 11195
2017 1021 000B 0000 0000 0003 -34.5 1.26400 11200
2017 1021 000B 0000 0000 0001 -49.5 1.68124 11205
2017 1021 000B 0000 0000 0005 -61.5 1.30695 11219
2017 1021 000B 0000 0000 0001 -48.0 1.77328 11258
2017 1021 000B 0000 0000 0003 -34.5 1.25786 11263
2017 1021 000B 0000 0000 0004 -38.5 3.32567 11268
2017 1021 000B 0000 0000 0005 -61.0 4.47922 11278
2017 1021 000B 0000 0000 0004 -36.5 3.45452 11560
2017 1021 000B 0000 0000 0003 -34.5 1.23946 11565
2017 1021 000B 0000 0000 0001 -47.0 2.11689 11570
2017 1021 000B 0000 0000 0004 -36.5 3.48520 11592
2017 1021 000B 0000 0000 0003 -34.5 1.27014 11597
2017 1021 000B 0000 0000 0001 -47.0 2.20893 11603
2017 1021 000B 0000 0000 0001 -46.0 2.54027 11875
2017 1021 000B 0000 0000 0003 -35.0 1.18423 11880
2017 1021 000B 0000 0000 0004 -35.0 3.80427 11885
2017 1021 000B 0000 0000 0005 -58.0 5.16645 11900
2017 1021 000B 0000 0000 0002 -54.5 1.28854 11933
2017 1021 000B 0000 0000 0003 -35.0 1.18423 11969
2017 1021 000B 0000 0000 0004 -35.0 3.71837 11974
2017 1021 000B 0000 0000 0001 -46.5 2.63845 11991
2017 1021 000B 0000 0000 0002 -53.5 1.27627 12023
2017 1021 000B 0000 0000 0005 -58.5 5.55915 12053
2017 1021 000B 0000 0000 0001 -45.0 3.06796 12334
2017 1021 000B 0000 0000 0003 -36.5 1.00629 12339
2017 1021 000B 0000 0000 0004 -34.5 3.94540 12344
2017 1021 000B 0000 0000 0002 -50.5 1.65670 12349
2017 1021 000B 0000 0000 0005 -59.5 6.06229 12364
2017 1021 000B 0000 0000 0002 -48.5 1.63216 12403
2017 1021 000B 0000 0000 0001 -45.0 3.04342 12408
2017 1021 000B 0000 0000 0005 -59.5 6.05002 12423
2017 1021 000B 0000 0000 0004 -34.5 4.01289 12454
2017 1021 000B 0000 0000 0003 -37.5 0.95720 12487
2017 1021 000B 0000 0000 0003 -39.0 0.79153 12768
2017 1021 000B 0000 0000 0001 -43.0 3.33181 12773
2017 1021 000B 0000 0000 0004 -34.5 4.07425 12778
2017 1021 000B 0000 0000 0002 -47.0 1.96963 12783
2017 1021 000B 0000 0000 0005 -58.5 0.52155 12797
2017 1021 000B 0000 0000 0001 -43.0 3.35021 12837
2017 1021 000B 0000 0000 0004 -34.5 4.12948 12842
2017 1021 000B 0000 0000 0002 -47.0 1.84078 12847
2017 1021 000B 0000 0000 0005 -59.5 0.84676 12861
2017 1021 000B 0000 0000 0003 -39.5 0.72404 12892
2017 1021 000B 0000 0000 0001 -41.0 3.36862 13181
2017 1021 000B 0000 0000 0003 -40.5 0.55223 13186
2017 1021 000B 0000 0000 0004 -36.0 4.19084 13191
2017 1021 000B 0000 0000 0002 -46.0 2.11689 13195
2017 1021 000B 0000 0000 0005 -59.5 1.55239 13213
2017 1021 000B 0000 0000 0004 -36.5 4.11720 13250
2017 1021 000B 0000 0000 0002 -45.5 2.15371 13255
2017 1021 000B 0000 0000 0003 -41.0 0.41111 13259
2017 1021 000B 0000 0000 0001 -41.0 3.35635 13264
2017 1021 000B 0000 0000 0005 -60.0 4.84738 13281
2017 1021 000B 0000 0000 0001 -39.5 3.35021 13570
2017 1021 000B 0000 0000 0003 -43.0 0.15953 13575
2017 1021 000B 0000 0000 0004 -38.5 4.19084 13579
2017 1021 000B 0000 0000 0002 -45.0 2.15371 13584
2017 1021 000B 0000 0000 0005 -59.5 5.91503 13603
2017 1021 000B 0000 0000 0003 -43.5 0.14113 13637
2017 1021 000B 0000 0000 0001 -39.0 3.33794 13641
2017 1021 000B 0000 0000 0002 -44.5 2.22120 13646
2017 1021 000B 0000 0000 0004 -39.0 4.16016 13650
2017 1021 000B 0000 0000 0005 -60.0 6.06229 13665
2017 1021 000B 0000 0000 0003 -45.0 6.15433 13958
2017 1021 000B 0000 0000 0002 -44.0 2.35006 13963
2017 1021 000B 0000 0000 0004 -41.0 4.23992 13968
2017 1021 000B 0000 0000 0001 -38.5 3.32567 13972
2017 1021 000B 0000 0000 0005 -57.0 0.74245 13986
2017 1021 000B 0000 0000 0002 -43.5 2.34392 14027
2017 1021 000B 0000 0000 0004 -41.5 4.25219 14031
2017 1021 000B 0000 0000 0001 -38.0 3.26431 14036
2017 1021 000B 0000 0000 0003 -46.0 6.09297 14041
2017 1021 000B 0000 0000 0005 -56.5 0.85903 14058
2017 1021 000B 0000 0000 0004 -43.5 4.16016 14348
2017 1021 000B 0000 0000 0001 -38.0 3.19068 14352
2017 1021 000B 0000 0000 0002 -42.5 2.43596 14357
2017 1021 000B 0000 0000 0003 -46.0 5.59596 14362
2017 1021 000B 0000 0000 0005 -53.5 4.75534 14375
2017 1021 000B 0000 0000 0003 -47.0 5.56528 14399
2017 1021 000B 0000 0000 0005 -53.0 1.57080 14404
2017 1021 000B 0000 0000 0001 -38.0 3.17227 14409
2017 1021 000B 0000 0000 0004 -43.5 4.20311 14413
2017 1021 000B 0000 0000 0002 -42.5 2.41142 14418
2017 1021 000B 0000 0000 0001 -38.0 3.14159 14693
2017 1021 000B 0000 0000 0005 -51.0 2.41755 14698
2017 1021 000B 0000 0000 0002 -42.5 2.49118 14703
2017 1021 000B 0000 0000 0003 -47.5 5.07441 14708
2017 1021 000B 0000 0000 0004 -45.0 3.95153 14713
2017 1021 000B 0000 0000 0004 -46.0 3.96994 14733
2017 1021 000B 0000 0000 0001 -38.0 3.10478 14737
2017 1021 000B 0000 0000 0003 -47.0 4.97010 14742
2017 1021 000B 0000 0000 0002 -42.5 2.46051 14747
2017 1021 000B 0000 0000 0005 -51.0 5.51006 14766
2017 1021 000B 0000 0000 0003 -48.0 4.50990 15052
2017 1021 000B 0000 0000 0002 -42.5 2.46664 15056
2017 1021 000B 0000 0000 0001 -39.0 2.99433 15061
2017 1021 000B 0000 0000 0004 -47.0 3.65701 15065
2017 1021 000B 0000 0000 0005 -48.5 2.99433 15070
2017 1021 000B 0000 0000 0004 -48.0 3.41771 15091
2017 1021 000B 0000 0000 0001 -39.0 3.05569 15096
2017 1021 000B 0000 0000 0002 -42.5 2.44210 15100
2017 1021 000B 0000 0000 0005 -48.5 3.08023 15105
2017 1021 000B 0000 0000 0003 -48.0 4.44854 15110
2017 1021 000B 0000 0000 0001 -39.5 2.93911 15382
2017 1021 000B 0000 0000 0002 -44.0 2.45437 15387
2017 1021 000B 0000 0000 0005 -46.5 3.33181 15392
2017 1021 000B 0000 0000 0004 -50.0 2.90843 15397
2017 1021 000B 0000 0000 0003 -49.5 3.90245 15401
2017 1021 000B 0000 0000 0001 -40.0 2.93297 15424
2017 1021 000B 0000 0000 0004 -51.5 2.94524 15429
2017 1021 000B 0000 0000 0005 -47.5 3.28272 15434
2017 1021 000B 0000 0000 0002 -43.5 2.45437 15439
2017 1021 000B 0000 0000 0003 -50.5 3.89018 15453
2017 1021 000B 0000 0000 0001 -41.0 3.02501 15745
2017 1021 000B 0000 0000 0002 -45.0 2.50346 15750
2017 1021 000B 0000 0000 0003 -53.0 3.15386 15754
2017 1021 000B 0000 0000 0005 -45.0 3.74905 15759
2017 1021 000B 0000 0000 0004 -55.5 2.31938 15764
2017 1021 000B 0000 0000 0001 -41.0 2.95138 15786
2017 1021 000B 0000 0000 0005 -45.0 3.71837 15792
2017 1021 000B 0000 0000 0003 -51.0 3.12318 15797
2017 1021 000B 0000 0000 0002 -45.5 2.55254 15802
2017 1021 000B 0000 0000 0002 -48.0 2.35006 16121
2017 1021 000B 0000 0000 0001 -42.5 2.87775 16125
2017 1021 000B 0000 0000 0005 -44.0 3.76746 16130
2017 1021 000B 0000 0000 0003 -52.5 2.38074 16135
2017 1021 000B 0000 0000 0005 -44.0 3.82268 16157
2017 1021 000B 0000 0000 0001 -42.5 2.85320 16162
2017 1021 000B 0000 0000 0002 -48.0 2.41755 16167
2017 1021 000B 0000 0000 0003 -51.0 2.25188 16171
2017 1021 000B 0000 0000 0003 -52.0 1.60761 16451
2017 1021 000B 0000 0000 0005 -42.0 3.95767 16456
2017 1021 000B 0000 0000 0001 -43.5 2.66913 16461
2017 1021 000B 0000 0000 0002 -50.0 5.24621 16471
2017 1021 000B 0000 0000 0005 -42.5 3.98221 16499
2017 1021 000B 0000 0000 0001 -43.5 2.74889 16504
2017 1021 000B 0000 0000 0002 -50.5 5.22167 16515
2017 1021 000B 0000 0000 0003 -53.0 1.48489 16535
2017 1021 000B 0000 0000 0001 -45.0 2.42369 16815
2017 1021 000B 0000 0000 0005 -41.5 4.04357 16820
2017 1021 000B 0000 0000 0004 -60.0 0.17181 16839
2017 1021 000B 0000 0000 0003 -53.0 0.66268 16869
2017 1021 000B 0000 0000 0002 -54.0 1.40513 16898
2017 1021 000B 0000 0000 0003 -52.0 0.51542 16927
2017 1021 000B 0000 0000 0001 -45.5 2.27029 16931
2017 1021 000B 0000 0000 0005 -41.0 4.17856 16936
2017 1021 000B 0000 0000 0004 -60.0 0.00000 16952
2017 1021 000B 0000 0000 0005 -41.0 4.19084 17242
2017 1021 000B 0000 0000 0001 -46.5 1.79169 17247
2017 1021 000B 0000 0000 0002 -58.5 0.71177 17257
2017 1021 000B 0000 0000 0004 -61.0 5.78004 17277
2017 1021 000B 0000 0000 0003 -52.5 5.95798 17296
2017 1021 000B 0000 0000 0001 -46.0 1.65670 17318
2017 1021 000B 0000 0000 0005 -41.0 4.28287 17323
2017 1021 000B 0000 0000 0002 -58.5 0.13499 17342
2017 1021 000B 0000 0000 0004 -60.5 2.56482 17374
2017 1021 000B 0000 0000 0001 -46.5 1.01856 17658
2017 1021 000B 0000 0000 0005 -42.0 4.40559 17663
2017 1021 000B 0000 0000 0003 -51.5 5.39961 17675
2017 1021 000B 0000 0000 0004 -61.5 5.57755 17695
2017 1021 000B 0000 0000 0005 -42.5 4.45468 17721
2017 1021 000B 0000 0000 0003 -50.0 5.45484 17726
2017 1021 000B 0000 0000 0001 -47.5 1.00016 17731
2017 1021 000B 0000 0000 0001 -48.0 0.34361 18018
2017 1021 000B 0000 0000 0005 -44.0 4.55899 18023
2017 1021 000B 0000 0000 0003 -51.5 4.84124 18044
2017 1021 000B 0000 0000 0001 -48.0 0.63814 18075
2017 1021 000B 0000 0000 0005 -43.5 4.70012 18080
2017 1021 000B 0000 0000 0003 -51.5 4.43014 18085
2017 1021 000B 0000 0000 0003 -51.5 4.40559 18360
2017 1021 000B 0000 0000 0005 -44.5 4.79829 18365
2017 1021 000B 0000 0000 0001 -47.5 5.84753 18370
2017 1021 000B 0000 0000 0003 -51.0 4.06198 18390
2017 1021 000B 0000 0000 0005 -45.0 4.77375 18395
2017 1021 000B 0000 0000 0005 -45.5 4.73693 18676
2017 1021 000B 0000 0000 0003 -52.5 3.92085 18681
2017 1021 000B 0000 0000 0001 -48.5 5.38734 18686
2017 1021 000B 0000 0000 0003 -53.5 3.81654 18706
2017 1021 000B 0000 0000 0005 -46.0 4.78602 18711
2017 1021 000B 0000 0000 0001 -49.5 5.36280 18727
2017 1021 000B 0000 0000 0005 -47.5 4.85965 19020
2017 1021 000B 0000 0000 0001 -49.5 4.97010 19024
2017 1021 000B 0000 0000 0003 -55.5 0.01841 19037
2017 1021 000B 0000 0000 0001 -49.5 4.73693 19065
2017 1021 000B 0000 0000 0005 -45.5 4.85352 19070
2017 1021 000B 0000 0000 0003 -55.0 3.04342 19084
2017 1021 000B 0000 0000 0001 -51.5 4.32583 19371
2017 1021 000B 0000 0000 0005 -48.0 1.44808 19401
2017 1021 000B 0000 0000 0003 -55.5 2.34392 19430
2017 1021 000B 0000 0000 0001 -52.0 0.91425 19471
2017 1021 000B 0000 0000 0005 -47.5 3.80427 19752
2017 1021 000B 0000 0000 0001 -52.0 0.23930 19773
2017 1021 000B 0000 0000 0003 -57.0 1.44808 19805
2017 1021 000B 0000 0000 0003 -58.5 1.16583 19855
2017 1021 000B 0000 0000 0001 -54.0 0.02454 19875
2017 1021 000B 0000 0000 0001 -54.5 2.62618 20159
2017 1021 000B 0000 0000 0005 -54.0 0.44179 20180
2017 1021 000B 0000 0000 0005 -54.0 0.01227 20220
2017 1021 000B 0000 0000 0001 -55.5 5.55301 20239
2017 1021 000B 0000 0000 0005 -56.0 6.17274 20522
2017 1021 000B 0000 0000 0001 -56.0 1.89600 20542
2017 1021 000B 0000 0000 0005 -57.0 5.79231 20574
2017 1021 000B 0000 0000 0001 -56.0 1.49103 20593
2017 1021 000B 0000 0000 0005 -59.0 5.31371 20881
2017 1021 000B 0000 0000 0005 -59.5 5.06214 20934
