2017 1021 000B 0000 0000 0002 -57.0 0.36202 0
2017 1021 000B 0000 0000 0001 -51.0 4.70012 19
2017 1021 000B 0000 0000 0002 -57.0 0.49701 51
2017 1021 000B 0000 0000 0001 -51.5 4.79829 71
2017 1021 000B 0000 0000 0001 -50.0 5.17258 363
2017 1021 000B 0000 0000 0001 -51.0 5.25235 410
2017 1021 000B 0000 0000 0001 -48.5 5.68800 687
2017 1021 000B 0000 0000 0002 -57.0 1.39899 699
2017 1021 000B 0000 0000 0001 -51.0 5.60823 737
2017 1021 000B 0000 0000 0002 -56.0 1.68738 757
2017 1021 000B 0000 0000 0001 -49.0 6.20342 1033
2017 1021 000B 0000 0000 0002 -55.5 2.14144 1086
2017 1021 000B 0000 0000 0001 -49.0 6.06229 1107
2017 1021 000B 0000 0000 0001 -50.5 6.16047 1379
2017 1021 000B 0000 0000 0001 -51.0 0.52155 1421
2017 1021 000B 0000 0000 0001 -50.5 0.86517 1711
2017 1021 000B 0000 0000 0001 -51.0 0.88971 1760
2017 1021 000B 0000 0000 0002 -55.0 0.87744 2053
2017 1021 000B 0000 0000 0001 -50.0 1.60148 2084
2017 1021 000B 0000 0000 0001 -51.0 1.65670 2119
2017 1021 000B 0000 0000 0002 -55.5 4.20924 2131
2017 1021 000B 0000 0000 0002 -55.5 4.59581 2418
2017 1021 000B 0000 0000 0001 -51.0 2.08008 2437
2017 1021 000B 0000 0000 0001 -48.0 2.09849 2465
2017 1021 000B 0000 0000 0002 -55.5 4.73693 2476
2017 1021 000B 0000 0000 0001 -49.5 2.73662 2756
2017 1021 000B 0000 0000 0002 -55.5 5.19713 2771
2017 1021 000B 0000 0000 0001 -50.0 3.31340 2797
2017 1021 000B 0000 0000 0002 -55.5 5.25235 2807
2017 1021 000B 0000 0000 0001 -50.0 3.14159 3088
2017 1021 000B 0000 0000 0002 -55.5 5.85367 3109
2017 1021 000B 0000 0000 0001 -49.0 1.78555 3141
2017 1021 000B 0000 0000 0002 -54.5 5.98866 3154
2017 1021 000B 0000 0000 0001 -50.5 0.90812 3446
2017 1021 000B 0000 0000 0002 -54.0 0.15340 3476
2017 1021 000B 0000 0000 0001 -50.5 4.06812 3521
2017 1021 000B 0000 0000 0002 -55.0 0.37429 3553
2017 1021 000B 0000 0000 0002 -55.0 1.05538 3852
2017 1021 000B 0000 0000 0001 -51.5 4.91487 3873
2017 1021 000B 0000 0000 0002 -52.5 4.76761 4221
2017 1021 000B 0000 0000 0001 -51.0 5.90276 4253
2017 1021 000B 0000 0000 0002 -54.0 1.84078 4295
2017 1021 000B 0000 0000 0001 -52.0 6.03161 4314
2017 1021 000B 0000 0000 0001 -52.0 0.52155 4600
2017 1021 000B 0000 0000 0002 -55.0 2.50959 4623
2017 1021 000B 0000 0000 0001 -51.5 0.66268 4655
2017 1021 000B 0000 0000 0002 -54.0 2.84707 4674
2017 1021 000B 0000 0000 0002 -52.0 0.37429 4964
2017 1021 000B 0000 0000 0001 -50.5 1.77328 4995
2017 1021 000B 0000 0000 0001 -50.5 1.90214 5039
2017 1021 000B 0000 0000 0002 -54.0 0.50928 5061
2017 1021 000B 0000 0000 0001 -50.5 6.00093 5346
2017 1021 000B 0000 0000 0002 -53.0 4.29515 5368
2017 1021 000B 0000 0000 0001 -48.5 6.23410 5401
2017 1021 000B 0000 0000 0002 -52.0 1.20264 5431
2017 1021 000B 0000 0000 0001 -47.0 4.06812 5722
2017 1021 000B 0000 0000 0002 -52.5 5.07441 5735
2017 1021 000B 0000 0000 0001 -47.5 0.93880 5771
2017 1021 000B 0000 0000 0002 -52.5 5.09895 5789
2017 1021 000B 0000 0000 0002 -52.0 5.71254 6074
2017 1021 000B 0000 0000 0001 -44.0 4.64489 6103
2017 1021 000B 0000 0000 0002 -51.5 5.73095 6119
2017 1021 000B 0000 0000 0001 -44.0 5.15418 6420
2017 1021 000B 0000 0000 0002 -51.5 0.30066 6450
2017 1021 000B 0000 0000 0001 -42.5 5.21553 6489
2017 1021 000B 0000 0000 0001 -42.0 5.48552 6768
2017 1021 000B 0000 0000 0002 -50.0 4.11107 6783
2017 1021 000B 0000 0000 0001 -40.5 5.67573 6823
2017 1021 000B 0000 0000 0002 -49.0 4.55899 6830
2017 1021 000B 0000 0000 0001 -39.5 5.92730 7106
2017 1021 000B 0000 0000 0002 -49.5 4.97010 7121
2017 1021 000B 0000 0000 0001 -39.0 6.11752 7161
2017 1021 000B 0000 0000 0002 -48.5 5.14804 7166
2017 1021 000B 0000 0000 0001 -38.0 0.02454 7440
2017 1021 000B 0000 0000 0002 -47.5 5.86594 7444
2017 1021 000B 0000 0000 0005 -60.5 1.68124 7504
2017 1021 000B 0000 0000 0001 -37.0 0.15340 7528
2017 1021 000B 0000 0000 0002 -49.5 2.88388 7542
2017 1021 000B 0000 0000 0005 -59.5 1.65670 7571
2017 1021 000B 0000 0000 0001 -35.0 0.41111 7845
2017 1021 000B 0000 0000 0002 -49.0 3.57111 7856
2017 1021 000B 0000 0000 0005 -58.5 2.08008 7877
2017 1021 000B 0000 0000 0001 -35.0 0.47860 7903
2017 1021 000B 0000 0000 0002 -48.5 0.67495 7908
2017 1021 000B 0000 0000 0005 -57.0 5.63891 7928
2017 1021 000B 0000 0000 0001 -33.5 0.73631 8230
2017 1021 000B 0000 0000 0004 -58.0 5.76777 8241
2017 1021 000B 0000 0000 0002 -47.5 4.36878 8261
2017 1021 000B 0000 0000 0005 -57.0 6.01320 8280
2017 1021 000B 0000 0000 0001 -33.0 0.87744 8301
2017 1021 000B 0000 0000 0002 -46.5 1.50944 8306
2017 1021 000B 0000 0000 0004 -57.0 5.98866 8352
2017 1021 000B 0000 0000 0001 -31.5 1.15969 8638
2017 1021 000B 0000 0000 0002 -45.0 1.73033 8643
2017 1021 000B 0000 0000 0004 -54.5 6.25864 8659
2017 1021 000B 0000 0000 0005 -55.5 0.36816 8689
2017 1021 000B 0000 0000 0001 -31.0 1.17196 8724
2017 1021 000B 0000 0000 0002 -45.0 2.11689 8729
2017 1021 000B 0000 0000 0005 -54.5 0.50315 8744
2017 1021 000B 0000 0000 0004 -55.0 0.04295 8776
2017 1021 000B 0000 0000 0001 -30.5 1.31309 9064
2017 1021 000B 0000 0000 0002 -44.5 5.63891 9083
2017 1021 000B 0000 0000 0004 -53.0 0.63200 9122
2017 1021 000B 0000 0000 0005 -53.0 0.72404 9152
2017 1021 000B 0000 0000 0001 -30.0 1.33150 9180
2017 1021 000B 0000 0000 0002 -43.5 2.62004 9184
2017 1021 000B 0000 0000 0004 -52.0 0.60132 9190
2017 1021 000B 0000 0000 0001 -30.0 1.38058 9464
2017 1021 000B 0000 0000 0002 -43.0 2.85320 9469
2017 1021 000B 0000 0000 0004 -49.5 1.38058 9474
2017 1021 000B 0000 0000 0005 -52.0 4.67557 9491
2017 1021 000B 0000 0000 0001 -30.0 1.44194 9527
2017 1021 000B 0000 0000 0005 -51.5 1.28241 9532
2017 1021 000B 0000 0000 0004 -50.0 0.71177 9537
2017 1021 000B 0000 0000 0002 -43.0 2.93911 9542
2017 1021 000B 0000 0000 0004 -49.5 1.36831 9816
2017 1021 000B 0000 0000 0001 -30.0 1.40513 9821
2017 1021 000B 0000 0000 0002 -42.0 3.18454 9826
2017 1021 000B 0000 0000 0001 -30.0 1.38058 9873
2017 1021 000B 0000 0000 0004 -47.5 1.28854 9877
2017 1021 000B 0000 0000 0002 -42.0 3.31340 9882
2017 1021 000B 0000 0000 0005 -52.0 5.27689 9898
2017 1021 000B 0000 0000 0004 -49.0 1.52784 9936
2017 1021 000B 0000 0000 0002 -41.5 3.22136 9941
2017 1021 000B 0000 0000 0001 -30.0 1.38058 9946
2017 1021 000B 0000 0000 0005 -51.5 5.37507 9961
2017 1021 000B 0000 0000 0001 -31.0 1.27014 10259
2017 1021 000B 0000 0000 0002 -41.0 3.34408 10263
2017 1021 000B 0000 0000 0004 -47.0 1.34990 10268
2017 1021 000B 0000 0000 0005 -51.0 5.84140 10280
2017 1021 000B 0000 0000 0004 -47.5 1.80396 10307
2017 1021 000B 0000 0000 0001 -31.0 1.25786 10312
2017 1021 000B 0000 0000 0002 -41.0 3.37476 10317
2017 1021 000B 0000 0000 0005 -51.0 5.93344 10338
2017 1021 000B 0000 0000 0002 -41.5 3.48520 10622
2017 1021 000B 0000 0000 0001 -32.0 1.12901 10627
2017 1021 000B 0000 0000 0004 -46.0 1.86532 10632
2017 1021 000B 0000 0000 0005 -50.0 0.28839 10647
2017 1021 000B 0000 0000 0002 -41.5 3.46680 10685
2017 1021 000B 0000 0000 0005 -49.5 3.39930 10690
2017 1021 000B 0000 0000 0001 -32.5 1.09833 10694
2017 1021 000B 0000 0000 0004 -45.5 1.93282 10699
2017 1021 000B 0000 0000 0001 -34.0 0.94493 10976
2017 1021 000B 0000 0000 0002 -41.5 3.47293 10981
2017 1021 000B 0000 0000 0005 -49.5 0.64427 10993
2017 1021 000B 0000 0000 0004 -46.0 5.13577 11013
2017 1021 000B 0000 0000 0001 -35.0 0.92039 11038
2017 1021 000B 0000 0000 0005 -48.0 4.31355 11044
2017 1021 000B 0000 0000 0002 -41.5 3.38703 11049
2017 1021 000B 0000 0000 0004 -44.5 1.93895 11053
2017 1021 000B 0000 0000 0002 -43.0 3.39317 11328
2017 1021 000B 0000 0000 0005 -47.5 3.72451 11333
2017 1021 000B 0000 0000 0001 -36.0 0.59518 11338
2017 1021 000B 0000 0000 0004 -43.0 1.96963 11342
2017 1021 000B 0000 0000 0001 -36.0 0.63814 11364
2017 1021 000B 0000 0000 0004 -44.0 1.90214 11370
2017 1021 000B 0000 0000 0002 -43.5 3.56497 11375
2017 1021 000B 0000 0000 0005 -46.0 3.92085 11380
2017 1021 000B 0000 0000 0004 -42.5 2.04940 11656
2017 1021 000B 0000 0000 0001 -38.5 0.34975 11669
2017 1021 000B 0000 0000 0002 -45.5 0.26384 11688
2017 1021 000B 0000 0000 0005 -47.5 1.32536 11707
2017 1021 000B 0000 0000 0001 -38.5 0.28225 11728
2017 1021 000B 0000 0000 0002 -44.5 3.31953 11733
2017 1021 000B 0000 0000 0004 -42.5 1.84078 11738
2017 1021 000B 0000 0000 0001 -40.0 0.02454 12031
2017 1021 000B 0000 0000 0004 -41.5 1.77942 12036
2017 1021 000B 0000 0000 0005 -46.0 4.49150 12041
2017 1021 000B 0000 0000 0002 -47.0 0.08590 12056
2017 1021 000B 0000 0000 0002 -47.0 3.23363 12094
2017 1021 000B 0000 0000 0001 -40.5 6.22183 12099
2017 1021 000B 0000 0000 0004 -42.0 1.74874 12104
2017 1021 000B 0000 0000 0005 -46.5 4.49150 12108
2017 1021 000B 0000 0000 0001 -41.5 5.71254 12380
2017 1021 000B 0000 0000 0005 -46.0 4.54672 12388
2017 1021 000B 0000 0000 0004 -42.0 1.67511 12393
2017 1021 000B 0000 0000 0003 -57.0 0.41724 12404
2017 1021 000B 0000 0000 0002 -49.0 5.98253 12425
2017 1021 000B 0000 0000 0004 -42.0 1.69351 12451
2017 1021 000B 0000 0000 0005 -45.0 4.74307 12456
2017 1021 000B 0000 0000 0003 -55.0 0.44179 12470
2017 1021 000B 0000 0000 0001 -42.5 5.67573 12500
2017 1021 000B 0000 0000 0002 -48.5 5.82299 12534
2017 1021 000B 0000 0000 0004 -40.5 1.52171 12816
2017 1021 000B 0000 0000 0001 -42.5 5.15418 12821
2017 1021 000B 0000 0000 0003 -51.5 1.42353 12826
2017 1021 000B 0000 0000 0005 -45.5 4.70012 12831
2017 1021 000B 0000 0000 0002 -50.5 5.41802 12849
2017 1021 000B 0000 0000 0005 -46.5 4.48536 12886
2017 1021 000B 0000 0000 0004 -41.5 1.17196 12890
2017 1021 000B 0000 0000 0001 -42.5 5.06827 12895
2017 1021 000B 0000 0000 0002 -50.5 2.14144 12903
2017 1021 000B 0000 0000 0003 -53.5 1.42353 12909
2017 1021 000B 0000 0000 0004 -42.0 1.33763 13182
2017 1021 000B 0000 0000 0001 -42.5 4.65103 13187
2017 1021 000B 0000 0000 0005 -46.5 1.47262 13200
2017 1021 000B 0000 0000 0003 -52.0 4.51604 13219
2017 1021 000B 0000 0000 0002 -54.5 4.59581 13239
2017 1021 000B 0000 0000 0001 -43.5 4.52831 13262
2017 1021 000B 0000 0000 0004 -41.5 1.20878 13267
2017 1021 000B 0000 0000 0005 -45.5 4.68785 13273
2017 1021 000B 0000 0000 0003 -52.5 4.67557 13284
2017 1021 000B 0000 0000 0001 -44.5 4.03744 13566
2017 1021 000B 0000 0000 0004 -43.0 0.93266 13570
2017 1021 000B 0000 0000 0005 -45.0 4.38105 13575
2017 1021 000B 0000 0000 0002 -56.5 0.43565 13586
2017 1021 000B 0000 0000 0003 -50.5 4.92715 13606
2017 1021 000B 0000 0000 0001 -45.0 3.98221 13633
2017 1021 000B 0000 0000 0004 -43.5 1.35604 13638
2017 1021 000B 0000 0000 0004 -44.0 1.30082 13944
2017 1021 000B 0000 0000 0005 -47.0 4.21538 13948
2017 1021 000B 0000 0000 0001 -46.5 3.39930 13953
2017 1021 000B 0000 0000 0003 -49.5 1.96350 13971
2017 1021 000B 0000 0000 0004 -44.0 1.17810 14007
2017 1021 000B 0000 0000 0001 -46.0 3.35635 14012
2017 1021 000B 0000 0000 0005 -47.0 4.23992 14017
2017 1021 000B 0000 0000 0003 -48.5 1.88373 14022
2017 1021 000B 0000 0000 0004 -44.5 0.94493 14297
2017 1021 000B 0000 0000 0005 -48.5 4.41786 14302
2017 1021 000B 0000 0000 0003 -48.5 2.11689 14319
2017 1021 000B 0000 0000 0001 -47.5 5.79231 14349
2017 1021 000B 0000 0000 0004 -45.5 0.92039 14384
2017 1021 000B 0000 0000 0005 -47.0 3.92085 14390
2017 1021 000B 0000 0000 0001 -47.5 2.49732 14395
2017 1021 000B 0000 0000 0003 -48.0 2.12917 14399
2017 1021 000B 0000 0000 0004 -46.0 0.60132 14675
2017 1021 000B 0000 0000 0001 -48.0 5.15418 14692
2017 1021 000B 0000 0000 0003 -48.5 5.31371 14721
2017 1021 000B 0000 0000 0005 -50.5 0.46633 14754
2017 1021 000B 0000 0000 0001 -48.0 1.65056 14782
2017 1021 000B 0000 0000 0004 -46.5 0.48474 14787
2017 1021 000B 0000 0000 0003 -49.0 5.35052 14799
2017 1021 000B 0000 0000 0001 -50.0 1.33763 15094
2017 1021 000B 0000 0000 0004 -49.0 0.09204 15113
2017 1021 000B 0000 0000 0005 -53.5 5.92117 15133
2017 1021 000B 0000 0000 0004 -47.0 6.25251 15154
2017 1021 000B 0000 0000 0001 -49.5 1.23946 15159
2017 1021 000B 0000 0000 0003 -50.0 5.20326 15450
2017 1021 000B 0000 0000 0004 -49.5 5.82299 15471
2017 1021 000B 0000 0000 0005 -54.5 5.09895 15490
2017 1021 000B 0000 0000 0004 -48.0 5.61437 15515
2017 1021 000B 0000 0000 0004 -49.0 5.19099 15845
2017 1021 000B 0000 0000 0004 -50.0 5.11736 15904
2017 1021 000B 0000 0000 0004 -51.0 1.56466 16187
2017 1021 000B 0000 0000 0005 -55.5 0.25771 16206
2017 1021 000B 0000 0000 0001 -54.0 5.06214 16228
2017 1021 000B 0000 0000 0004 -51.0 4.57740 16259
2017 1021 000B 0000 0000 0005 -57.5 6.10524 16561
2017 1021 000B 0000 0000 0004 -52.0 0.87130 16580
2017 1021 000B 0000 0000 0001 -55.0 4.17243 16599
2017 1021 000B 0000 0000 0004 -53.0 3.41157 16902
2017 1021 000B 0000 0000 0001 -55.0 0.36202 16932
2017 1021 000B 0000 0000 0005 -57.0 5.30757 16953
2017 1021 000B 0000 0000 0004 -52.5 0.03068 17001
2017 1021 000B 0000 0000 0001 -53.0 0.35588 17072
