2017 1021 000B 0000 0000 0004 -60.0 5.19713 0
2017 1021 000B 0000 0000 0004 -59.5 5.27689 22
2017 1021 000B 0000 0000 0004 -58.5 5.65732 299
2017 1021 000B 0000 0000 0004 -59.0 5.76777 317
2017 1021 000B 0000 0000 0004 -58.0 6.14206 590
2017 1021 000B 0000 0000 0004 -58.0 6.07456 613
2017 1021 000B 0000 0000 0004 -57.0 0.16567 888
2017 1021 000B 0000 0000 0004 -56.5 0.22089 908
2017 1021 000B 0000 0000 0004 -55.5 0.67495 1180
2017 1021 000B 0000 0000 0004 -55.5 0.49701 1199
2017 1021 000B 0000 0000 0004 -55.5 0.90198 1476
2017 1021 000B 0000 0000 0004 -55.5 0.98788 1495
2017 1021 000B 0000 0000 0004 -55.5 1.25786 1768
2017 1021 000B 0000 0000 0004 -55.5 1.31922 1786
2017 1021 000B 0000 0000 0004 -55.5 1.38672 2059
2017 1021 000B 0000 0000 0004 -55.5 1.65056 2086
2017 1021 000B 0000 0000 0004 -55.5 2.00645 2358
2017 1021 000B 0000 0000 0005 -63.0 5.76163 2363
2017 1021 000B 0000 0000 0004 -56.5 2.10462 2382
2017 1021 000B 0000 0000 0005 -63.0 5.86594 2388
2017 1021 000B 0000 0000 0005 -62.5 6.12979 2661
2017 1021 000B 0000 0000 0004 -56.5 2.71821 2666
2017 1021 000B 0000 0000 0005 -62.5 6.11752 2685
2017 1021 000B 0000 0000 0004 -57.0 2.75503 2690
2017 1021 000B 0000 0000 0004 -58.0 3.10478 2962
2017 1021 000B 0000 0000 0005 -61.5 0.26998 2969
2017 1021 000B 0000 0000 0005 -62.0 0.38043 2991
2017 1021 000B 0000 0000 0004 -58.0 3.19068 2996
2017 1021 000B 0000 0000 0005 -62.5 0.38656 3274
2017 1021 000B 0000 0000 0004 -58.0 3.91472 3279
2017 1021 000B 0000 0000 0004 -57.5 4.00062 3298
2017 1021 000B 0000 0000 0005 -62.0 0.45406 3303
2017 1021 000B 0000 0000 0004 -57.5 4.49763 3575
2017 1021 000B 0000 0000 0005 -62.0 0.85903 3580
2017 1021 000B 0000 0000 0004 -57.5 4.54058 3602
2017 1021 000B 0000 0000 0005 -62.5 0.85903 3607
2017 1021 000B 0000 0000 0005 -62.5 1.09219 3884
2017 1021 000B 0000 0000 0004 -57.0 5.01919 3889
2017 1021 000B 0000 0000 0004 -56.5 4.89647 3909
2017 1021 000B 0000 0000 0005 -63.5 1.19651 3923
2017 1021 000B 0000 0000 0005 -64.0 1.42967 4215
2017 1021 000B 0000 0000 0003 -57.5 5.74936 4221
2017 1021 000B 0000 0000 0004 -57.0 5.55301 4225
2017 1021 000B 0000 0000 0003 -57.0 5.78618 4249
2017 1021 000B 0000 0000 0004 -57.0 5.58983 4254
2017 1021 000B 0000 0000 0005 -64.5 4.63262 4267
2017 1021 000B 0000 0000 0004 -57.5 5.72482 4302
2017 1021 000B 0000 0000 0003 -58.0 5.88435 4331
2017 1021 000B 0000 0000 0005 -65.0 1.58307 4364
2017 1021 000B 0000 0000 0004 -56.5 0.09204 4645
2017 1021 000B 0000 0000 0003 -55.0 6.08684 4650
2017 1021 000B 0000 0000 0003 -55.5 6.14206 4683
2017 1021 000B 0000 0000 0004 -57.0 0.25157 4713
2017 1021 000B 0000 0000 0003 -53.5 0.04909 5004
2017 1021 000B 0000 0000 0004 -56.5 0.80994 5009
2017 1021 000B 0000 0000 0003 -53.5 0.17794 5032
2017 1021 000B 0000 0000 0004 -56.0 0.92652 5037
2017 1021 000B 0000 0000 0003 -51.5 0.32520 5312
2017 1021 000B 0000 0000 0004 -56.0 1.34990 5317
2017 1021 000B 0000 0000 0002 -61.5 6.23410 5333
2017 1021 000B 0000 0000 0004 -56.5 1.58307 5378
2017 1021 000B 0000 0000 0003 -51.0 0.36816 5383
2017 1021 000B 0000 0000 0002 -61.5 0.01841 5402
2017 1021 000B 0000 0000 0001 -56.5 3.04955 5696
2017 1021 000B 0000 0000 0003 -50.0 0.65654 5700
2017 1021 000B 0000 0000 0004 -57.0 2.13530 5705
2017 1021 000B 0000 0000 0002 -60.0 3.29499 5710
2017 1021 000B 0000 0000 0002 -60.0 3.41771 5732
2017 1021 000B 0000 0000 0001 -56.5 2.99433 5737
2017 1021 000B 0000 0000 0003 -50.0 0.70563 5741
2017 1021 000B 0000 0000 0004 -57.5 2.35006 5746
2017 1021 000B 0000 0000 0003 -49.0 0.92039 6022
2017 1021 000B 0000 0000 0002 -59.5 3.60179 6027
2017 1021 000B 0000 0000 0004 -59.0 6.27091 6040
2017 1021 000B 0000 0000 0001 -57.0 0.22089 6059
2017 1021 000B 0000 0000 0002 -58.0 3.60792 6085
2017 1021 000B 0000 0000 0003 -48.5 0.97561 6090
2017 1021 000B 0000 0000 0001 -56.0 3.44225 6095
2017 1021 000B 0000 0000 0004 -58.5 3.20909 6099
2017 1021 000B 0000 0000 0003 -47.5 1.15355 6372
2017 1021 000B 0000 0000 0002 -58.5 3.92085 6376
2017 1021 000B 0000 0000 0001 -56.0 3.59565 6381
2017 1021 000B 0000 0000 0004 -59.5 4.33810 6386
2017 1021 000B 0000 0000 0003 -47.5 1.14742 6405
2017 1021 000B 0000 0000 0002 -59.0 3.92699 6410
2017 1021 000B 0000 0000 0001 -56.5 3.74905 6415
2017 1021 000B 0000 0000 0004 -60.5 4.25833 6427
2017 1021 000B 0000 0000 0001 -56.0 3.89018 6706
2017 1021 000B 0000 0000 0002 -59.0 3.99449 6711
2017 1021 000B 0000 0000 0003 -46.5 1.46649 6716
2017 1021 000B 0000 0000 0003 -46.5 1.47262 6738
2017 1021 000B 0000 0000 0001 -57.0 3.79200 6743
2017 1021 000B 0000 0000 0002 -58.5 3.98221 6747
2017 1021 000B 0000 0000 0002 -59.5 4.11107 7019
2017 1021 000B 0000 0000 0003 -46.0 1.74260 7023
2017 1021 000B 0000 0000 0004 -62.0 0.57064 7030
2017 1021 000B 0000 0000 0001 -59.5 0.80381 7046
2017 1021 000B 0000 0000 0004 -62.0 0.65654 7069
2017 1021 000B 0000 0000 0002 -58.5 4.12334 7074
2017 1021 000B 0000 0000 0003 -45.5 1.76101 7079
2017 1021 000B 0000 0000 0003 -45.5 2.04940 7351
2017 1021 000B 0000 0000 0002 -58.5 4.11107 7356
2017 1021 000B 0000 0000 0004 -56.0 1.83464 7361
2017 1021 000B 0000 0000 0002 -58.0 4.20311 7380
2017 1021 000B 0000 0000 0003 -46.0 2.06167 7384
2017 1021 000B 0000 0000 0004 -56.0 1.93282 7389
2017 1021 000B 0000 0000 0003 -46.0 2.36233 7661
2017 1021 000B 0000 0000 0002 -58.0 4.12334 7666
2017 1021 000B 0000 0000 0004 -52.5 2.74889 7671
2017 1021 000B 0000 0000 0003 -46.0 2.42369 7690
2017 1021 000B 0000 0000 0004 -52.5 2.89002 7695
2017 1021 000B 0000 0000 0002 -57.0 4.21538 7700
2017 1021 000B 0000 0000 0004 -50.0 3.39317 7972
2017 1021 000B 0000 0000 0003 -45.5 2.73662 7976
2017 1021 000B 0000 0000 0002 -57.0 3.90245 7981
2017 1021 000B 0000 0000 0004 -49.5 3.49134 8000
2017 1021 000B 0000 0000 0003 -45.5 2.77957 8005
2017 1021 000B 0000 0000 0002 -57.0 4.19697 8010
2017 1021 000B 0000 0000 0003 -45.5 3.07410 8284
2017 1021 000B 0000 0000 0002 -56.5 4.28287 8289
2017 1021 000B 0000 0000 0004 -48.0 4.01289 8294
2017 1021 000B 0000 0000 0004 -47.5 4.08652 8314
2017 1021 000B 0000 0000 0003 -45.5 3.08023 8318
2017 1021 000B 0000 0000 0002 -57.5 1.14742 8332
2017 1021 000B 0000 0000 0004 -46.0 4.49150 8609
2017 1021 000B 0000 0000 0002 -56.5 4.37491 8613
2017 1021 000B 0000 0000 0003 -44.0 3.34408 8618
2017 1021 000B 0000 0000 0001 -56.5 3.73678 8623
2017 1021 000B 0000 0000 0001 -56.5 3.68155 8645
2017 1021 000B 0000 0000 0004 -46.0 4.58353 8650
2017 1021 000B 0000 0000 0003 -44.0 3.34408 8655
2017 1021 000B 0000 0000 0002 -56.5 4.38105 8660
2017 1021 000B 0000 0000 0003 -43.0 3.55270 8934
2017 1021 000B 0000 0000 0004 -45.0 4.93328 8939
2017 1021 000B 0000 0000 0002 -57.0 1.38672 8951
2017 1021 000B 0000 0000 0001 -56.0 0.71177 8970
2017 1021 000B 0000 0000 0002 -56.0 4.62649 8996
2017 1021 000B 0000 0000 0003 -43.0 3.55884 9000
2017 1021 000B 0000 0000 0001 -55.0 3.85950 9005
2017 1021 000B 0000 0000 0004 -44.5 5.00691 9010
2017 1021 000B 0000 0000 0004 -43.5 5.30757 9282
2017 1021 000B 0000 0000 0003 -42.0 3.63247 9286
2017 1021 000B 0000 0000 0001 -54.0 4.02517 9298
2017 1021 000B 0000 0000 0002 -57.0 1.61375 9317
2017 1021 000B 0000 0000 0003 -42.0 3.65087 9343
2017 1021 000B 0000 0000 0001 -52.5 4.11107 9347
2017 1021 000B 0000 0000 0002 -57.0 4.87192 9352
2017 1021 000B 0000 0000 0004 -43.5 5.44256 9357
2017 1021 000B 0000 0000 0004 -42.5 5.66346 9629
2017 1021 000B 0000 0000 0003 -41.0 3.65087 9633
2017 1021 000B 0000 0000 0002 -56.5 4.97010 9638
2017 1021 000B 0000 0000 0001 -50.5 4.30742 9643
2017 1021 000B 0000 0000 0003 -40.5 3.64474 9663
2017 1021 000B 0000 0000 0004 -42.0 5.70027 9668
2017 1021 000B 0000 0000 0002 -57.0 5.00078 9673
2017 1021 000B 0000 0000 0001 -50.5 4.36264 9678
2017 1021 000B 0000 0000 0001 -49.0 4.55899 9949
2017 1021 000B 0000 0000 0003 -40.0 3.57111 9954
2017 1021 000B 0000 0000 0004 -42.0 5.85981 9967
2017 1021 000B 0000 0000 0002 -58.0 1.97577 9987
2017 1021 000B 0000 0000 0004 -41.0 5.86594 10011
2017 1021 000B 0000 0000 0003 -40.0 3.52816 10016
2017 1021 000B 0000 0000 0001 -49.0 4.62649 10021
2017 1021 000B 0000 0000 0002 -57.5 5.00691 10025
2017 1021 000B 0000 0000 0002 -57.5 5.28917 10298
2017 1021 000B 0000 0000 0003 -40.0 3.39930 10303
2017 1021 000B 0000 0000 0004 -40.5 6.01320 10308
2017 1021 000B 0000 0000 0001 -48.5 4.93328 10319
2017 1021 000B 0000 0000 0004 -40.0 6.00093 10346
2017 1021 000B 0000 0000 0003 -40.0 3.38703 10351
2017 1021 000B 0000 0000 0001 -47.5 4.94555 10356
2017 1021 000B 0000 0000 0002 -58.0 2.00031 10366
2017 1021 000B 0000 0000 0004 -39.5 6.06229 10648
2017 1021 000B 0000 0000 0003 -40.0 3.25818 10653
2017 1021 000B 0000 0000 0002 -56.0 5.06827 10658
2017 1021 000B 0000 0000 0001 -46.5 5.23394 10663
2017 1021 000B 0000 0000 0001 -46.0 5.22167 10682
2017 1021 000B 0000 0000 0002 -56.0 5.04986 10687
2017 1021 000B 0000 0000 0004 -39.5 6.08070 10692
2017 1021 000B 0000 0000 0003 -40.0 3.19068 10696
2017 1021 000B 0000 0000 0001 -45.5 5.46097 10968
2017 1021 000B 0000 0000 0004 -39.0 6.09911 10973
2017 1021 000B 0000 0000 0003 -40.5 3.04342 10977
2017 1021 000B 0000 0000 0002 -55.5 5.13577 10982
2017 1021 000B 0000 0000 0003 -40.5 3.03728 11001
2017 1021 000B 0000 0000 0004 -39.0 6.10524 11006
2017 1021 000B 0000 0000 0002 -54.5 5.21553 11011
2017 1021 000B 0000 0000 0001 -45.5 5.50392 11015
2017 1021 000B 0000 0000 0004 -39.0 6.11138 11287
2017 1021 000B 0000 0000 0002 -54.5 5.14190 11291
2017 1021 000B 0000 0000 0001 -44.0 5.65119 11296
2017 1021 000B 0000 0000 0003 -40.5 2.82252 11301
2017 1021 000B 0000 0000 0003 -41.0 2.79798 11320
2017 1021 000B 0000 0000 0002 -55.0 5.19713 11326
2017 1021 000B 0000 0000 0001 -44.0 5.65119 11330
2017 1021 000B 0000 0000 0004 -39.0 6.04388 11335
2017 1021 000B 0000 0000 0001 -42.5 5.76163 11609
2017 1021 000B 0000 0000 0003 -41.5 2.57709 11614
2017 1021 000B 0000 0000 0004 -39.5 6.01320 11619
2017 1021 000B 0000 0000 0002 -54.0 5.16645 11624
2017 1021 000B 0000 0000 0003 -41.5 2.53414 11642
2017 1021 000B 0000 0000 0004 -39.0 6.00707 11647
2017 1021 000B 0000 0000 0001 -42.5 5.78004 11652
2017 1021 000B 0000 0000 0002 -53.5 5.27076 11657
2017 1021 000B 0000 0000 0001 -41.5 5.76777 11929
2017 1021 000B 0000 0000 0003 -43.0 2.34392 11934
2017 1021 000B 0000 0000 0004 -39.5 5.94571 11938
2017 1021 000B 0000 0000 0002 -53.0 5.16645 11944
2017 1021 000B 0000 0000 0003 -43.0 2.36233 11963
2017 1021 000B 0000 0000 0004 -39.5 5.93344 11968
2017 1021 000B 0000 0000 0001 -41.5 5.75550 11972
2017 1021 000B 0000 0000 0002 -53.0 2.03713 11982
2017 1021 000B 0000 0000 0002 -50.5 5.16031 12264
2017 1021 000B 0000 0000 0004 -40.5 5.85981 12269
2017 1021 000B 0000 0000 0001 -40.5 5.71254 12273
2017 1021 000B 0000 0000 0003 -44.0 2.05553 12278
2017 1021 000B 0000 0000 0001 -40.5 5.69414 12297
2017 1021 000B 0000 0000 0004 -40.5 5.82913 12301
2017 1021 000B 0000 0000 0002 -50.5 5.16645 12306
2017 1021 000B 0000 0000 0003 -44.0 2.02485 12311
2017 1021 000B 0000 0000 0001 -40.0 5.60210 12583
2017 1021 000B 0000 0000 0004 -41.5 5.74936 12588
2017 1021 000B 0000 0000 0002 -49.0 5.11736 12593
2017 1021 000B 0000 0000 0003 -45.0 1.81623 12597
2017 1021 000B 0000 0000 0005 -59.5 0.86517 12614
2017 1021 000B 0000 0000 0001 -40.0 5.63278 12651
2017 1021 000B 0000 0000 0004 -41.5 5.68800 12655
2017 1021 000B 0000 0000 0003 -46.0 1.76101 12660
2017 1021 000B 0000 0000 0002 -49.5 5.12350 12665
2017 1021 000B 0000 0000 0005 -58.5 4.09266 12676
2017 1021 000B 0000 0000 0001 -39.5 5.47324 12956
2017 1021 000B 0000 0000 0004 -43.0 5.60210 12961
2017 1021 000B 0000 0000 0002 -48.0 5.17872 12966
2017 1021 000B 0000 0000 0005 -55.5 1.23332 12978
2017 1021 000B 0000 0000 0003 -48.0 1.45421 12997
2017 1021 000B 0000 0000 0002 -48.0 5.09282 13023
2017 1021 000B 0000 0000 0001 -39.5 5.44870 13027
2017 1021 000B 0000 0000 0003 -48.0 1.43581 13032
2017 1021 000B 0000 0000 0004 -43.5 5.57142 13036
2017 1021 000B 0000 0000 0005 -54.0 4.31355 13041
2017 1021 000B 0000 0000 0005 -52.0 4.82897 13313
2017 1021 000B 0000 0000 0001 -39.0 5.31371 13318
2017 1021 000B 0000 0000 0004 -44.5 5.36280 13322
2017 1021 000B 0000 0000 0002 -47.5 4.98851 13327
2017 1021 000B 0000 0000 0003 -50.5 1.03084 13341
2017 1021 000B 0000 0000 0003 -50.0 0.95720 13365
2017 1021 000B 0000 0000 0005 -52.0 4.87192 13370
2017 1021 000B 0000 0000 0004 -44.5 5.31371 13375
2017 1021 000B 0000 0000 0001 -39.5 5.31371 13379
2017 1021 000B 0000 0000 0002 -48.0 1.86532 13393
2017 1021 000B 0000 0000 0005 -50.0 5.25849 13670
2017 1021 000B 0000 0000 0001 -39.5 5.19713 13675
2017 1021 000B 0000 0000 0004 -45.0 5.01919 13680
2017 1021 000B 0000 0000 0003 -53.5 0.12885 13685
2017 1021 000B 0000 0000 0002 -47.5 4.92715 13689
2017 1021 000B 0000 0000 0002 -47.5 4.98237 13709
2017 1021 000B 0000 0000 0001 -39.5 5.18486 13715
2017 1021 000B 0000 0000 0003 -53.5 0.20249 13719
2017 1021 000B 0000 0000 0004 -45.5 5.03146 13724
2017 1021 000B 0000 0000 0005 -50.5 5.36893 13729
2017 1021 000B 0000 0000 0004 -47.0 4.77988 14001
2017 1021 000B 0000 0000 0001 -40.0 5.08054 14006
2017 1021 000B 0000 0000 0002 -48.0 1.68738 14017
2017 1021 000B 0000 0000 0005 -49.0 5.76163 14035
2017 1021 000B 0000 0000 0003 -58.0 5.51619 14054
2017 1021 000B 0000 0000 0004 -47.0 4.76148 14076
2017 1021 000B 0000 0000 0001 -40.0 5.06214 14081
2017 1021 000B 0000 0000 0005 -48.5 5.83526 14086
2017 1021 000B 0000 0000 0002 -48.0 1.66897 14097
2017 1021 000B 0000 0000 0005 -47.5 6.16660 14377
2017 1021 000B 0000 0000 0001 -41.0 4.93328 14382
2017 1021 000B 0000 0000 0004 -48.5 4.36878 14386
2017 1021 000B 0000 0000 0002 -48.5 4.82284 14391
2017 1021 000B 0000 0000 0001 -41.0 4.92101 14411
2017 1021 000B 0000 0000 0005 -47.5 6.14819 14415
2017 1021 000B 0000 0000 0002 -48.5 1.55239 14428
2017 1021 000B 0000 0000 0004 -49.5 1.12901 14447
2017 1021 000B 0000 0000 0005 -46.5 0.11045 14725
2017 1021 000B 0000 0000 0004 -52.5 3.77973 14730
2017 1021 000B 0000 0000 0001 -42.0 4.76148 14735
2017 1021 000B 0000 0000 0002 -49.0 4.57126 14739
2017 1021 000B 0000 0000 0001 -42.5 4.75534 14761
2017 1021 000B 0000 0000 0002 -49.0 4.50377 14766
2017 1021 000B 0000 0000 0004 -52.0 3.73064 14770
2017 1021 000B 0000 0000 0005 -46.5 0.16567 14776
2017 1021 000B 0000 0000 0002 -50.0 4.19697 15051
2017 1021 000B 0000 0000 0004 -54.0 3.23363 15056
2017 1021 000B 0000 0000 0005 -45.5 0.30066 15060
2017 1021 000B 0000 0000 0001 -43.5 4.61421 15065
2017 1021 000B 0000 0000 0001 -43.5 4.63262 15087
2017 1021 000B 0000 0000 0005 -45.0 0.33134 15092
2017 1021 000B 0000 0000 0002 -50.5 4.26447 15097
2017 1021 000B 0000 0000 0004 -56.5 6.19115 15111
2017 1021 000B 0000 0000 0002 -53.0 3.66928 15403
2017 1021 000B 0000 0000 0004 -57.5 2.28256 15407
2017 1021 000B 0000 0000 0001 -45.0 1.22105 15419
2017 1021 000B 0000 0000 0005 -45.0 3.58952 15439
2017 1021 000B 0000 0000 0001 -44.5 4.34423 15463
2017 1021 000B 0000 0000 0004 -58.5 2.36847 15468
2017 1021 000B 0000 0000 0005 -44.5 0.41111 15473
2017 1021 000B 0000 0000 0002 -53.5 3.68769 15478
2017 1021 000B 0000 0000 0005 -44.5 0.52769 15749
2017 1021 000B 0000 0000 0002 -54.5 3.06183 15754
2017 1021 000B 0000 0000 0001 -45.5 4.12948 15759
2017 1021 000B 0000 0000 0001 -45.5 4.10493 15778
2017 1021 000B 0000 0000 0002 -55.0 3.06796 15782
2017 1021 000B 0000 0000 0005 -44.0 0.48474 15787
2017 1021 000B 0000 0000 0001 -46.5 3.82268 16059
2017 1021 000B 0000 0000 0005 -44.5 0.51542 16064
2017 1021 000B 0000 0000 0002 -57.5 5.73095 16079
2017 1021 000B 0000 0000 0001 -46.5 3.69996 16105
2017 1021 000B 0000 0000 0002 -58.0 2.50346 16110
2017 1021 000B 0000 0000 0005 -44.5 0.44792 16115
2017 1021 000B 0000 0000 0001 -47.5 3.30726 16390
2017 1021 000B 0000 0000 0005 -44.5 0.42951 16395
2017 1021 000B 0000 0000 0002 -59.5 1.91441 16400
2017 1021 000B 0000 0000 0005 -44.5 0.49701 16419
2017 1021 000B 0000 0000 0002 -60.0 1.77942 16424
2017 1021 000B 0000 0000 0001 -48.0 3.27045 16429
2017 1021 000B 0000 0000 0001 -48.0 2.87161 16702
2017 1021 000B 0000 0000 0005 -45.5 0.49701 16706
2017 1021 000B 0000 0000 0001 -47.5 2.71821 16728
2017 1021 000B 0000 0000 0005 -45.0 0.49701 16733
2017 1021 000B 0000 0000 0001 -48.5 2.37460 17005
2017 1021 000B 0000 0000 0005 -46.0 0.56450 17010
2017 1021 000B 0000 0000 0005 -46.0 0.53383 17031
2017 1021 000B 0000 0000 0001 -49.5 5.49165 17042
2017 1021 000B 0000 0000 0001 -49.0 1.89600 17324
2017 1021 000B 0000 0000 0005 -47.0 0.52769 17328
2017 1021 000B 0000 0000 0001 -49.5 1.96350 17351
2017 1021 000B 0000 0000 0005 -47.0 0.51542 17355
2017 1021 000B 0000 0000 0001 -50.5 1.44808 17628
2017 1021 000B 0000 0000 0005 -47.5 0.55837 17633
2017 1021 000B 0000 0000 0005 -47.5 0.41111 17653
2017 1021 000B 0000 0000 0001 -49.5 1.34990 17657
2017 1021 000B 0000 0000 0005 -48.5 0.54610 17929
2017 1021 000B 0000 0000 0001 -51.5 0.98788 17934
2017 1021 000B 0000 0000 0001 -51.0 0.89584 17954
2017 1021 000B 0000 0000 0005 -49.0 0.28225 17958
2017 1021 000B 0000 0000 0005 -49.5 0.22703 18230
2017 1021 000B 0000 0000 0001 -53.0 0.52155 18235
2017 1021 000B 0000 0000 0001 -53.5 0.38043 18254
2017 1021 000B 0000 0000 0005 -50.5 0.15340 18259
2017 1021 000B 0000 0000 0001 -54.0 6.16047 18551
2017 1021 000B 0000 0000 0005 -52.5 6.11138 18556
2017 1021 000B 0000 0000 0005 -52.5 0.08590 18575
2017 1021 000B 0000 0000 0001 -53.5 6.20342 18580
2017 1021 000B 0000 0000 0001 -55.0 5.82913 18852
2017 1021 000B 0000 0000 0005 -55.5 5.97025 18857
2017 1021 000B 0000 0000 0005 -55.0 6.00093 18876
2017 1021 000B 0000 0000 0001 -55.0 5.71868 18880
2017 1021 000B 0000 0000 0001 -54.0 5.21553 19153
2017 1021 000B 0000 0000 0005 -56.0 5.26462 19158
2017 1021 000B 0000 0000 0005 -55.5 5.54687 19177
2017 1021 000B 0000 0000 0001 -54.0 5.29530 19182
2017 1021 000B 0000 0000 0005 -61.5 5.07441 19453
2017 1021 000B 0000 0000 0001 -57.5 4.77988 19458
2017 1021 000B 0000 0000 0001 -58.0 4.68171 19477
2017 1021 000B 0000 0000 0005 -61.5 4.90874 19482
2017 1021 000B 0000 0000 0001 -58.5 4.30742 19754
2017 1021 000B 0000 0000 0001 -58.5 4.31355 19778
