1104 0001 -38.5 4.79216 0
1104 0001 -38.5 1.66284 19
1104 0001 -38.5 1.66897 290
1104 0001 -38.5 1.66897 312
1104 0001 -38.5 1.61375 598
1104 0001 -38.5 1.68738 649
1104 0001 -38.5 1.67511 933
1104 0001 -38.5 1.65670 951
1104 0001 -38.5 1.66284 1284
1104 0001 -38.5 1.67511 1349
1104 0001 -38.5 1.63216 1633
1104 0001 -38.5 1.66897 1654
1104 0001 -38.5 1.65056 1939
1104 0001 -38.0 1.65056 1969
1104 0001 -38.5 1.67511 2245
1104 0001 -38.5 1.70579 2278
1104 0001 -38.5 1.66284 2555
1104 0001 -38.5 1.69351 2580
1104 0001 -38.5 1.65670 2857
1104 0001 -38.5 1.69965 2909
1104 0001 -38.5 1.67511 3185
1104 0001 -38.5 1.65670 3208
1104 0001 -38.5 1.69965 3483
1104 0001 -38.5 1.67511 3515
1104 0001 -38.5 1.68124 3792
1104 0001 -38.5 1.67511 3809
1104 0001 -38.5 1.66284 4144
1104 0001 -38.5 1.67511 4167
1104 0001 -38.5 1.66897 4437
1104 0001 -38.5 1.66897 4453
1104 0001 -38.5 1.69965 4731
1104 0001 -38.5 1.66897 4766
1104 0001 -38.5 1.67511 5045
1104 0001 -38.5 1.67511 5067
1104 0001 -38.5 1.66897 5342
1104 0001 -37.5 1.66284 5367
1104 0001 -38.5 1.68124 5685
1104 0001 -38.5 1.66284 5707
1104 0001 -38.5 1.68738 5999
1104 0001 -38.5 1.66897 6024
1104 0001 -38.5 1.67511 6298
1104 0001 -38.5 1.66897 6337
1104 0001 -38.5 1.66897 6611
1104 0001 -38.5 1.66897 6634
1104 0001 -38.5 1.66897 6912
1104 0001 -38.5 1.65056 6937
1104 0001 -38.5 1.67511 7211
1104 0001 -38.5 1.67511 7237
1104 0001 -38.5 1.63829 7522
1104 0001 -38.5 1.66284 7543
1104 0001 -38.5 1.66897 7842
1104 0001 -38.5 1.68124 7869
1104 0001 -38.0 1.67511 8154
1104 0001 -38.5 1.65670 8175
1104 0001 -38.5 1.66897 8450
1104 0001 -38.5 1.67511 8473
1104 0001 -38.5 1.65056 8757
1104 0001 -38.5 1.66897 8808
1104 0001 -38.5 1.66897 9082
1104 0001 -38.5 1.66284 9104
1104 0001 -38.5 1.67511 9382
1104 0001 -38.5 1.69351 9413
1104 0001 -38.5 1.66284 9688
1104 0001 -38.5 1.68124 9718
1104 0001 -38.5 1.66897 10000
1104 0001 -38.5 1.66284 10022
1104 0001 -38.5 1.66284 10308
1104 0001 -38.5 1.66284 10330
1104 0001 -38.5 1.69351 10605
1104 0001 -38.5 1.67511 10630
1104 0001 -38.5 1.66284 10906
1104 0001 -38.5 1.66897 10937
1104 0001 -38.5 1.66897 11213
1104 0001 -38.5 1.69351 11236
1104 0001 -38.5 1.65056 11514
1104 0001 -38.5 1.68738 11552
1104 0001 -38.5 1.67511 11834
1104 0001 -38.5 1.66897 11860
1104 0001 -38.5 1.65670 12144
1104 0001 -38.5 1.68124 12167
1104 0001 -38.5 1.68124 12445
1104 0001 -38.5 1.68124 12468
1104 0001 -38.5 1.68124 12752
1104 0001 -38.5 1.65670 12776
1104 0001 -38.5 1.66897 13051
1104 0001 -38.5 1.68124 13073
1104 0001 -38.5 1.68124 13349
1104 0001 -38.5 1.67511 13366
1104 0001 -38.5 1.67511 13637
1104 0001 -38.5 1.66897 13659
1104 0001 -38.5 1.69965 13942
1104 0001 -38.5 1.69351 13968
1104 0001 -38.5 1.67511 14245
1104 0001 -38.5 1.66284 14268
1104 0001 -38.5 1.67511 14554
1104 0001 -38.5 1.67511 14576
1104 0001 -38.5 1.68124 14867
1104 0001 -38.5 1.67511 14889
1104 0001 -38.5 1.68124 15165
1104 0001 -38.5 1.68124 15190
1104 0001 -38.5 1.68124 15465
1104 0001 -38.5 1.67511 15489
1104 0001 -38.5 1.68124 15773
1104 0001 -38.5 1.67511 15798
1104 0001 -38.5 1.67511 16076
1104 0001 -38.5 1.68738 16099
1104 0001 -38.5 1.66897 16373
1104 0001 -38.5 1.66897 16395
1104 0001 -38.5 1.67511 16671
1104 0001 -38.5 1.67511 16693
1104 0001 -38.5 1.68124 16971
1104 0001 -38.5 1.67511 16993
1104 0001 -38.5 1.66897 17274
1104 0001 -38.5 1.67511 17297
1104 0001 -38.5 1.67511 17568
1104 0001 -38.5 1.69965 17590
1104 0001 -38.5 1.65670 17867
1104 0001 -38.5 1.68124 17890
1104 0001 -38.5 1.67511 18165
1104 0001 -38.5 1.68738 18190
1104 0001 -38.5 1.66897 18473
1104 0001 -38.5 1.69965 18506
1104 0001 -38.5 1.67511 18781
1104 0001 -38.5 1.67511 18823
1104 0001 -38.5 1.67511 19098
1104 0001 -38.5 1.68738 19123
1104 0001 -38.5 1.68124 19406
1104 0001 -38.5 1.66897 19431
1104 0001 -38.5 1.68738 19707
1104 0001 -38.5 1.68738 19730
1104 0001 -38.5 1.66897 20006
1104 0001 -38.5 1.65670 20028
1104 0001 -38.5 1.69351 20326
1104 0001 -38.5 1.66897 20348
1104 0001 -38.5 1.65670 20623
1104 0001 -38.5 1.65670 20643
1104 0001 -38.5 1.66897 20931
1104 0001 -38.5 1.67511 20954
1104 0001 -38.5 1.66897 21229
1104 0001 -38.5 1.68124 21251
1104 0001 -38.5 1.67511 21529
1104 0001 -38.5 1.66284 21562
1104 0001 -38.5 1.67511 21837
1104 0001 -38.5 1.67511 21859
1104 0001 -38.5 1.66897 22135
1104 0001 -38.5 1.67511 22157
1104 0001 -38.5 1.69351 22434
1104 0001 -38.5 1.66897 22456
1104 0001 -38.5 1.66897 22732
1104 0001 -38.5 1.65056 22754
1104 0001 -38.5 1.67511 23045
1104 0001 -38.5 1.68738 23087
1104 0001 -38.5 1.65670 23365
1104 0001 -38.5 1.65670 23387
1104 0001 -38.5 1.68124 23665
1104 0001 -38.5 1.69965 23694
1104 0001 -38.5 1.65670 23969
1104 0001 -38.5 1.66897 23991
1104 0001 -38.5 1.65056 24266
1104 0001 -38.5 1.67511 24290
1104 0001 -38.5 1.66897 24564
1104 0001 -38.5 1.66284 24595
1104 0001 -38.5 1.68738 24869
1104 0001 -38.5 1.69351 24894
1104 0001 -38.5 1.68124 25166
1104 0001 -38.5 1.66284 25191
1104 0001 -38.5 1.68124 25467
1104 0001 -38.5 1.68738 25491
1104 0001 -38.5 1.66897 25770
1104 0001 -38.5 1.65670 25791
1104 0001 -38.5 1.66897 26066
1104 0001 -38.5 1.66897 26098
1104 0001 -38.5 1.66897 26373
1104 0001 -38.5 1.68124 26399
1104 0001 -38.5 1.67511 26675
1104 0001 -38.5 1.66897 26697
1104 0001 -38.5 1.68124 26973
1104 0001 -38.5 1.68738 26995
1104 0001 -38.5 1.68738 27271
1104 0001 -38.5 1.66897 27292
1104 0001 -38.5 1.66897 27568
1104 0001 -38.5 1.66897 27590
1104 0001 -38.5 1.66284 27865
1104 0001 -38.5 1.70579 27888
