1104 0001 -41.5 5.28303 0
1104 0001 -41.0 2.12917 20
1104 0001 -41.0 2.13530 296
1104 0001 -41.0 2.12303 315
1104 0001 -41.0 2.13530 586
1104 0001 -41.0 2.13530 607
1104 0001 -41.0 2.14144 887
1104 0001 -41.0 2.12917 904
1104 0001 -41.0 2.13530 1180
1104 0001 -41.0 2.14144 1202
1104 0001 -41.0 2.12917 1477
1104 0001 -40.5 2.12303 1499
1104 0001 -41.0 2.12917 1771
1104 0001 -41.0 2.14144 1789
1104 0001 -41.0 2.13530 2067
1104 0001 -41.0 2.14144 2089
1104 0001 -41.0 2.14757 2365
1104 0001 -41.0 2.14144 2387
1104 0001 -41.0 2.14757 2664
1104 0001 -41.0 2.14144 2682
1104 0001 -41.0 2.14144 2956
1104 0001 -41.0 2.13530 2977
1104 0001 -41.0 2.14757 3253
1104 0001 -41.0 2.14757 3271
1104 0001 -41.0 2.14144 3547
1104 0001 -41.0 2.13530 3569
1104 0001 -41.0 2.14144 3849
1104 0001 -41.0 2.15371 3867
1104 0001 -41.0 2.13530 4143
1104 0001 -41.0 2.14144 4165
1104 0001 -41.0 2.14757 4441
1104 0001 -41.0 2.14144 4463
1104 0001 -41.0 2.14144 4737
1104 0001 -41.0 2.13530 4756
1104 0001 -41.0 2.13530 5030
1104 0001 -41.0 2.12917 5049
1104 0001 -41.0 2.13530 5324
1104 0001 -41.0 2.14144 5343
1104 0001 -41.0 2.14144 5619
1104 0001 -41.0 2.14144 5637
1104 0001 -41.0 2.14144 5913
1104 0001 -41.0 2.13530 5930
1104 0001 -41.0 2.14144 6210
1104 0001 -41.0 2.13530 6229
1104 0001 -41.0 2.13530 6505
1104 0001 -41.0 2.14757 6523
1104 0001 -41.0 2.14144 6802
1104 0001 -41.0 2.14144 6820
1104 0001 -41.0 2.12917 7095
1104 0001 -41.0 2.13530 7114
1104 0001 -41.0 2.14144 7390
1104 0001 -41.0 2.13530 7409
1104 0001 -41.0 2.14144 7683
1104 0001 -41.0 2.14144 7702
1104 0001 -41.0 2.14144 7982
1104 0001 -41.0 2.14144 8005
1104 0001 -41.0 2.14144 8276
1104 0001 -41.0 2.14144 8297
1104 0001 -41.0 2.14144 8578
1104 0001 -41.0 2.13530 8596
1104 0001 -41.0 2.14144 8868
1104 0001 -41.0 2.14757 8887
1104 0001 -41.0 2.14144 9164
1104 0001 -41.0 2.14144 9185
1104 0001 -41.0 2.13530 9461
1104 0001 -41.0 2.13530 9483
1104 0001 -41.0 2.14144 9761
1104 0001 -41.0 2.13530 9783
1104 0001 -41.0 2.14757 10054
1104 0001 -41.0 2.14757 10076
1104 0001 -41.0 2.14757 10357
1104 0001 -41.0 2.14757 10375
1104 0001 -41.0 2.14757 10650
1104 0001 -41.0 2.14144 10672
1104 0001 -41.0 2.13530 10949
1104 0001 -41.0 2.14757 10971
1104 0001 -41.0 2.15984 11243
1104 0001 -41.0 2.15371 11265
1104 0001 -41.0 2.13530 11541
1104 0001 -41.0 2.13530 11560
1104 0001 -41.0 2.13530 11835
1104 0001 -41.0 2.14757 11853
1104 0001 -41.0 2.15371 12130
1104 0001 -41.0 2.14757 12151
1104 0001 -41.0 2.14757 12427
1104 0001 -41.0 2.14144 12449
1104 0001 -41.0 2.15371 12730
1104 0001 -41.0 2.14144 12752
1104 0001 -41.0 2.14757 13028
1104 0001 -41.0 2.15371 13049
1104 0001 -41.0 2.14144 13327
1104 0001 -41.0 2.14144 13348
1104 0001 -41.0 2.14757 13621
1104 0001 -41.0 2.14757 13638
1104 0001 -41.0 2.14144 13916
1104 0001 -41.0 2.14757 13933
1104 0001 -41.0 2.14757 14205
1104 0001 -41.0 2.14757 14224
1104 0001 -41.0 2.13530 14504
1104 0001 -41.0 2.14757 14522
1104 0001 -41.0 2.14757 14794
1104 0001 -41.0 2.14144 14816
1104 0001 -41.0 2.14144 15097
1104 0001 -41.0 2.14144 15115
1104 0001 -41.5 5.30451 15391
1104 0001 -41.0 2.12303 15415
1104 0001 -41.0 2.13530 15698
1104 0001 -41.0 2.14144 15716
1104 0001 -41.0 2.14757 15987
1104 0001 -41.0 2.15371 16009
1104 0001 -41.5 5.30144 16289
1104 0001 -41.0 2.12917 16313
1104 0001 -41.5 5.30144 16589
1104 0001 -41.0 2.11076 16613
1104 0001 -41.5 5.31064 16896
1104 0001 -41.0 2.11689 16920
1104 0001 -41.5 5.31371 17198
1104 0001 -41.0 2.10462 17221
1104 0001 -41.5 5.30144 17508
1104 0001 -41.0 2.12303 17531
1104 0001 -41.0 2.15984 17810
1104 0001 -41.0 2.15371 17827
1104 0001 -41.0 2.14144 18108
1104 0001 -41.0 2.14757 18125
1104 0001 -41.5 5.31371 18403
1104 0001 -41.0 2.12303 18427
1104 0001 -41.0 2.12917 18710
1104 0001 -41.0 2.11689 18735
1104 0001 -41.5 5.30451 19015
1104 0001 -41.0 2.11076 19037
1104 0001 -41.5 5.30757 19321
1104 0001 -41.0 2.11689 19344
1104 0001 -41.5 5.31371 19630
1104 0001 -41.0 2.09849 19651
1104 0001 -41.5 5.30144 19938
1104 0001 -41.0 2.11689 19962
1104 0001 -41.5 5.32291 20247
1104 0001 -41.0 2.12303 20272
1104 0001 -41.5 5.31985 20553
1104 0001 -41.0 2.10462 20576
1104 0001 -41.0 2.13530 20859
1104 0001 -41.0 2.14144 20877
1104 0001 -41.0 2.15371 21164
1104 0001 -41.0 2.15371 21183
1104 0001 -41.0 2.14757 21468
1104 0001 -41.0 2.14757 21490
1104 0001 -41.0 2.14757 21770
1104 0001 -41.0 2.14757 21793
1104 0001 -41.0 2.14757 22078
1104 0001 -41.0 2.14144 22097
1104 0001 -41.0 2.15984 22378
1104 0001 -41.0 2.15371 22396
1104 0001 -41.5 5.30757 22683
1104 0001 -41.0 2.11689 22707
1104 0001 -41.5 5.30451 22997
1104 0001 -41.0 2.11689 23019
1104 0001 -41.0 2.14144 23300
1104 0001 -41.0 2.14144 23322
1104 0001 -41.0 2.14757 23608
1104 0001 -41.0 2.15371 23626
1104 0001 -41.5 5.27689 23908
1104 0001 -41.0 2.09849 23931
1104 0001 -41.0 2.14757 24219
1104 0001 -41.0 2.15984 24237
1104 0001 -41.0 2.14757 24528
1104 0001 -41.0 2.14144 24548
1104 0001 -41.0 2.14757 24832
1104 0001 -41.0 2.15984 24850
1104 0001 -41.0 2.13530 25131
1104 0001 -41.0 2.14757 25148
1104 0001 -41.0 2.15371 25440
1104 0001 -41.0 2.15984 25462
1104 0001 -41.0 2.14757 25741
1104 0001 -41.0 2.15371 25759
1104 0001 -41.0 2.15984 26044
1104 0001 -41.0 2.14144 26066
1104 0001 -41.5 5.30757 26361
1104 0001 -41.0 2.12303 26384
1104 0001 -41.0 2.14757 26667
1104 0001 -41.0 2.14757 26684
1104 0001 -41.0 2.14757 26972
1104 0001 -41.0 2.15371 26994
1104 0001 -41.0 2.16598 27272
1104 0001 -41.0 2.14144 27294
1104 0001 -41.0 2.14757 27580
1104 0001 -41.0 2.15371 27599
1104 0001 -41.0 2.13530 27886
1104 0001 -41.0 2.14757 27908
1104 0001 -41.0 2.15371 28194
1104 0001 -41.0 2.15371 28215
1104 0001 -41.0 2.14757 28492
1104 0001 -41.0 2.15984 28515
