1104 0001 -39.0 4.96703 0
1104 0001 -38.0 1.82851 19
1104 0001 -38.0 1.84691 294
1104 0001 -38.0 1.84691 317
1104 0001 -38.0 1.83464 593
1104 0001 -38.0 1.84691 615
1104 0001 -38.0 1.84691 890
1104 0001 -38.0 1.85305 913
1104 0001 -38.0 1.85305 1189
1104 0001 -38.0 1.84691 1212
1104 0001 -38.0 1.84691 1488
1104 0001 -38.0 1.85305 1511
1104 0001 -38.0 1.84078 1787
1104 0001 -38.0 1.85305 1809
1104 0001 -38.0 1.85918 2085
1104 0001 -38.0 1.84691 2108
1104 0001 -38.0 1.85305 2384
1104 0001 -38.0 1.84078 2407
1104 0001 -38.0 1.84078 2683
1104 0001 -38.0 1.84691 2705
1104 0001 -38.0 1.85305 2980
1104 0001 -38.0 1.84078 2999
1104 0001 -38.0 1.85918 3274
1104 0001 -38.0 1.85305 3300
1104 0001 -38.0 1.84691 3575
1104 0001 -38.0 1.86532 3598
1104 0001 -38.0 1.84691 3874
1104 0001 -38.0 1.84078 3904
1104 0001 -38.0 1.85305 4179
1104 0001 -38.0 1.84078 4203
1104 0001 -38.0 1.84078 4478
1104 0001 -38.0 1.84691 4502
1104 0001 -38.0 1.84691 4776
1104 0001 -38.0 1.82851 4799
1104 0001 -38.0 1.85305 5074
1104 0001 -38.0 1.85918 5097
1104 0001 -38.0 1.84078 5375
1104 0001 -38.0 1.84691 5398
1104 0001 -38.0 1.84078 5673
1104 0001 -38.0 1.85305 5696
1104 0001 -38.0 1.84691 5972
1104 0001 -38.0 1.84691 5995
1104 0001 -38.0 1.85918 6271
1104 0001 -38.0 1.85305 6293
1104 0001 -38.0 1.85305 6570
1104 0001 -38.0 1.84691 6591
1104 0001 -38.0 1.85918 6867
1104 0001 -38.0 1.84691 6891
1104 0001 -38.0 1.86532 7166
1104 0001 -38.0 1.85918 7191
1104 0001 -38.0 1.86532 7466
1104 0001 -38.0 1.85918 7490
1104 0001 -38.0 1.84078 7766
1104 0001 -38.0 1.84691 7789
1104 0001 -38.0 1.84691 8065
1104 0001 -38.0 1.90214 8112
1104 0001 -38.0 1.85305 8382
1104 0001 -37.5 1.85305 8434
1104 0001 -38.0 1.85305 8703
1104 0001 -38.0 1.85918 8784
1104 0001 -38.0 1.87146 9054
1104 0001 -38.0 1.86532 9080
1104 0001 -38.0 1.88986 9380
1104 0001 -38.0 1.81623 9447
1104 0001 -38.0 1.84078 9716
1104 0001 -38.0 1.84078 9733
1104 0001 -38.0 1.85305 10002
1104 0001 -38.0 1.85305 10039
1104 0001 -38.0 1.87146 10314
1104 0001 -38.0 1.87146 10335
1104 0001 -38.0 1.84691 10606
1104 0001 -38.0 1.83464 10631
1104 0001 -38.0 1.84078 10905
1104 0001 -37.5 1.83464 10955
1104 0001 -38.0 1.85918 11253
1104 0001 -38.0 1.89600 11292
1104 0001 -38.0 1.85305 11568
1104 0001 -38.0 1.88986 11609
1104 0001 -38.0 1.87146 11877
1104 0001 -38.0 1.84078 11903
1104 0001 -38.0 1.91441 12185
1104 0001 -37.5 1.86532 12480
1104 0001 -38.0 1.85305 12518
1104 0001 -38.0 1.85305 12803
1104 0001 -38.0 1.85305 12845
1104 0001 -38.0 1.83464 13119
1104 0001 -38.0 1.84691 13137
1104 0001 -38.0 1.84691 13409
1104 0001 -38.0 1.85918 13428
1104 0001 -38.0 1.85918 13703
1104 0001 -38.0 1.85305 13730
1104 0001 -38.0 1.84691 14006
1104 0001 -38.0 1.86532 14029
1104 0001 -38.0 1.85918 14304
1104 0001 -38.0 1.85305 14327
1104 0001 -38.0 1.86532 14603
1104 0001 -38.0 1.84691 14626
1104 0001 -38.0 1.86532 14902
1104 0001 -38.0 1.85305 14924
1104 0001 -38.0 1.85305 15201
1104 0001 -38.0 1.85305 15223
1104 0001 -38.0 1.85918 15498
1104 0001 -38.0 1.84691 15522
1104 0001 -38.0 1.86532 15798
1104 0001 -38.0 1.84691 15820
1104 0001 -38.0 1.86532 16094
1104 0001 -38.0 1.85918 16117
1104 0001 -38.0 1.85305 16392
1104 0001 -38.0 1.85305 16416
1104 0001 -38.0 1.85305 16691
1104 0001 -38.0 1.84691 16709
1104 0001 -38.0 1.84691 16984
1104 0001 -38.0 1.83464 17006
1104 0001 -38.0 1.85305 17282
1104 0001 -38.0 1.84078 17306
1104 0001 -38.0 1.85918 17581
1104 0001 -38.0 1.85918 17604
1104 0001 -38.0 1.87146 17878
1104 0001 -38.0 1.85305 17896
1104 0001 -38.0 1.84691 18168
1104 0001 -38.0 1.84078 18191
1104 0001 -38.0 1.84078 18466
1104 0001 -38.0 1.85305 18491
1104 0001 -38.0 1.87146 18767
1104 0001 -38.0 1.84691 18789
1104 0001 -38.0 1.84691 19066
1104 0001 -38.0 1.84691 19084
1104 0001 -38.0 1.85305 19360
1104 0001 -38.0 1.85305 19383
1104 0001 -38.0 1.84691 19658
1104 0001 -38.0 1.85305 19675
1104 0001 -38.0 1.85918 19951
1104 0001 -38.0 1.84691 19975
1104 0001 -38.0 1.84078 20253
1104 0001 -38.0 1.85305 20280
1104 0001 -38.0 1.84691 20551
1104 0001 -38.0 1.85918 20574
1104 0001 -38.0 1.84078 20849
1104 0001 -38.0 1.84691 20872
1104 0001 -38.0 1.84691 21148
1104 0001 -38.0 1.83464 21171
1104 0001 -38.0 1.85918 21446
1104 0001 -38.0 1.87146 21469
1104 0001 -38.0 1.85305 21745
1104 0001 -38.0 1.85305 21769
1104 0001 -38.0 1.85305 22044
1104 0001 -38.0 1.85305 22067
1104 0001 -38.0 1.85918 22343
1104 0001 -38.0 1.85918 22366
1104 0001 -38.0 1.84691 22643
1104 0001 -38.0 1.85305 22666
1104 0001 -38.0 1.85305 22942
1104 0001 -38.0 1.84691 22964
1104 0001 -38.0 1.85305 23240
1104 0001 -38.0 1.85305 23263
1104 0001 -38.0 1.84691 23540
1104 0001 -38.0 1.87146 23563
1104 0001 -38.0 1.86532 23838
1104 0001 -38.0 1.84691 23861
1104 0001 -38.0 1.84691 24138
1104 0001 -38.0 1.87146 24160
1104 0001 -38.0 1.85918 24436
1104 0001 -38.0 1.85918 24460
1104 0001 -38.0 1.84078 24736
1104 0001 -38.0 1.85305 24759
1104 0001 -38.0 1.84078 25034
1104 0001 -38.0 1.85305 25058
1104 0001 -38.0 1.85305 25333
1104 0001 -38.0 1.84078 25356
1104 0001 -38.0 1.85305 25632
1104 0001 -38.0 1.82851 25656
1104 0001 -38.0 1.84078 25931
1104 0001 -38.0 1.84691 25954
1104 0001 -38.0 1.84691 26230
1104 0001 -38.0 1.84691 26253
1104 0001 -38.0 1.87759 26528
1104 0001 -38.0 1.85918 26551
1104 0001 -38.0 1.84691 26827
1104 0001 -38.0 1.85918 26851
1104 0001 -38.0 1.83464 27127
1104 0001 -38.0 1.87759 27149
1104 0001 -38.0 1.84078 27424
1104 0001 -38.0 1.85918 27447
1104 0001 -38.0 1.86532 27722
1104 0001 -38.0 1.87146 27746
1104 0001 -38.0 1.85305 28016
1104 0001 -38.0 1.84691 28035
