1104 0001 -41.5 5.27996 0
1104 0001 -41.0 2.12917 19
1104 0001 -41.0 2.12917 292
1104 0001 -41.0 2.12917 315
1104 0001 -41.0 2.12917 586
1104 0001 -41.0 2.12917 604
1104 0001 -41.0 2.12917 882
1104 0001 -41.0 2.12917 900
1104 0001 -41.0 2.14144 1177
1104 0001 -41.0 2.13530 1197
1104 0001 -41.0 2.12917 1471
1104 0001 -41.0 2.13530 1493
1104 0001 -41.0 2.14757 1769
1104 0001 -41.0 2.14144 1787
1104 0001 -41.0 2.14757 2064
1104 0001 -41.0 2.15984 2086
1104 0001 -41.0 2.14757 2362
1104 0001 -41.0 2.14757 2379
1104 0001 -41.0 2.13530 2653
1104 0001 -41.0 2.12917 2676
1104 0001 -41.0 2.13530 2949
1104 0001 -41.0 2.15371 2967
1104 0001 -41.5 2.20280 3242
1104 0001 -41.5 2.21507 3260
1104 0001 -42.0 2.22120 3536
1104 0001 -42.0 2.20893 3557
1104 0001 -41.5 2.21507 3832
1104 0001 -41.5 2.20893 3850
1104 0001 -41.5 2.23961 4125
1104 0001 -41.5 2.22120 4147
1104 0001 -41.5 2.27643 4427
1104 0001 -42.0 2.25188 4445
1104 0001 -41.0 2.09849 4720
1104 0001 -41.0 2.11076 4738
1104 0001 -41.5 2.17825 5015
1104 0001 -41.5 2.19666 5038
1104 0001 -41.0 2.15371 5312
1104 0001 -41.0 2.15371 5333
1104 0001 -41.0 2.09235 5604
1104 0001 -41.0 2.07394 5626
1104 0001 -41.5 2.25802 5899
1104 0001 -41.5 2.20280 5920
1104 0001 -41.0 2.19666 6195
1104 0001 -41.0 2.19052 6218
1104 0001 -41.0 2.14757 6496
1104 0001 -41.0 2.15371 6519
1104 0001 -41.0 2.12303 6789
1104 0001 -41.0 2.09235 6807
1104 0001 -41.0 2.15371 7089
1104 0001 -41.0 2.18439 7110
1104 0001 -41.0 2.13530 7388
1104 0001 -41.0 2.14757 7410
1104 0001 -41.0 2.25188 7685
1104 0001 -41.0 2.27029 7707
1104 0001 -41.0 2.31324 7982
1104 0001 -41.0 2.32551 8001
1104 0001 -41.5 2.08008 8276
1104 0001 -41.0 2.01872 8297
1104 0001 -41.5 2.09849 8570
1104 0001 -41.5 2.14757 8593
1104 0001 -41.0 2.10462 8865
1104 0001 -41.0 2.12303 8886
1104 0001 -41.0 2.08621 9162
1104 0001 -41.0 2.08008 9184
1104 0001 -41.5 2.12917 9460
1104 0001 -41.5 2.14757 9482
1104 0001 -41.5 2.19052 9752
1104 0001 -41.5 2.19052 9770
1104 0001 -41.5 2.19666 10044
1104 0001 -41.5 2.20280 10061
1104 0001 -41.5 2.15371 10336
1104 0001 -41.5 2.15984 10354
1104 0001 -41.5 2.14757 10631
1104 0001 -41.5 2.15984 10654
1104 0001 -41.5 2.12917 10925
1104 0001 -41.5 2.14144 10947
1104 0001 -41.0 2.11689 11224
1104 0001 -41.0 2.13530 11246
1104 0001 -41.0 2.15984 11518
1104 0001 -41.0 2.14144 11540
1104 0001 -41.5 2.22734 11814
1104 0001 -41.5 2.22120 11835
1104 0001 -40.5 2.07394 12108
1104 0001 -40.5 2.11076 12130
1104 0001 -41.5 2.02485 12401
1104 0001 -41.5 2.01872 12419
1104 0001 -42.0 2.33779 12694
1104 0001 -42.0 2.32551 12715
1104 0001 -41.0 2.23961 12991
1104 0001 -41.0 2.23961 13014
1104 0001 -41.5 2.37460 13289
1104 0001 -41.5 2.36847 13307
1104 0001 -41.0 2.22734 13578
1104 0001 -41.0 2.23348 13596
1104 0001 -42.0 2.26416 13872
1104 0001 -41.5 2.24575 13895
1104 0001 -41.5 2.22734 14169
1104 0001 -41.5 2.22120 14191
1104 0001 -41.0 2.10462 14466
1104 0001 -41.0 2.09235 14484
1104 0001 -41.0 2.14144 14756
1104 0001 -41.0 2.15371 14773
1104 0001 -41.5 2.19052 15044
1104 0001 -41.5 2.19666 15063
1104 0001 -42.0 2.11076 15334
1104 0001 -41.5 2.11076 15352
1104 0001 -41.5 2.20893 15627
1104 0001 -41.5 2.16598 15650
1104 0001 -42.5 2.35619 15924
1104 0001 -42.5 2.33165 15941
1104 0001 -40.5 2.19666 16214
1104 0001 -40.5 2.17825 16232
1104 0001 -40.5 2.07394 16503
1104 0001 -40.5 2.06781 16525
1104 0001 -41.0 2.12917 16808
1104 0001 -41.0 2.15371 16831
1104 0001 -41.0 2.02485 17102
1104 0001 -41.0 2.03099 17123
1104 0001 -40.5 1.94509 17400
1104 0001 -40.5 1.96350 17418
1104 0001 -41.0 1.95736 17692
1104 0001 -41.0 1.94509 17714
1104 0001 -41.0 1.96963 17989
1104 0001 -41.0 1.96350 18006
1104 0001 -41.0 1.96350 18282
1104 0001 -41.0 1.96350 18303
1104 0001 -41.0 1.96350 18574
1104 0001 -41.0 1.96350 18593
1104 0001 -41.0 1.95122 18864
1104 0001 -41.0 1.96350 18885
1104 0001 -41.0 1.95736 19157
1104 0001 -41.0 1.96350 19178
1104 0001 -41.0 1.95736 19448
1104 0001 -41.0 1.95122 19471
1104 0001 -41.0 1.95736 19741
1104 0001 -41.0 1.96963 19763
1104 0001 -41.0 1.95736 20034
1104 0001 -41.0 1.95122 20056
1104 0001 -41.0 1.95122 20327
1104 0001 -41.0 1.95736 20350
1104 0001 -41.0 1.95736 20620
1104 0001 -41.0 1.95122 20641
1104 0001 -41.0 1.95736 20912
1104 0001 -41.0 1.95736 20930
1104 0001 -41.0 1.95122 21201
1104 0001 -41.0 1.95736 21223
1104 0001 -41.0 1.95736 21498
1104 0001 -41.0 1.95736 21516
1104 0001 -41.0 1.96963 21786
1104 0001 -41.0 1.98190 21804
1104 0001 -41.0 1.96963 22079
1104 0001 -41.0 1.96350 22097
1104 0001 -41.0 1.95736 22368
1104 0001 -41.0 1.95736 22389
1104 0001 -41.0 1.95122 22659
1104 0001 -41.0 1.95736 22682
1104 0001 -41.0 1.95736 22957
1104 0001 -41.0 1.95736 22978
1104 0001 -41.0 1.95736 23249
1104 0001 -41.0 1.95122 23266
1104 0001 -41.0 1.95736 23538
1104 0001 -41.0 1.96350 23555
1104 0001 -41.0 1.95736 23826
1104 0001 -41.0 1.95736 23849
1104 0001 -41.0 1.95736 24120
1104 0001 -41.0 1.95736 24141
1104 0001 -41.0 1.95736 24415
1104 0001 -41.0 1.95736 24438
1104 0001 -41.0 1.95736 24709
1104 0001 -41.0 1.95736 24726
1104 0001 -41.0 1.95736 24996
1104 0001 -41.0 1.96350 25018
1104 0001 -41.0 1.94509 25294
1104 0001 -41.0 1.95736 25315
1104 0001 -41.0 1.96350 25586
1104 0001 -41.0 1.96350 25608
1104 0001 -41.0 1.96963 25883
1104 0001 -41.0 1.96350 25902
1104 0001 -41.0 1.95122 26171
1104 0001 -41.0 1.95122 26190
1104 0001 -41.0 1.95122 26461
1104 0001 -41.0 1.95122 26478
1104 0001 -41.0 1.96350 26749
1104 0001 -41.0 1.93895 26771
1104 0001 -41.0 1.96350 27042
1104 0001 -41.0 1.95122 27063
1104 0001 -41.0 1.95122 27335
1104 0001 -41.0 1.95736 27356
1104 0001 -41.0 1.95122 27627
1104 0001 -41.0 1.94509 27650
1104 0001 -41.0 1.95736 27920
1104 0001 -41.0 1.95736 27939
1104 0001 -41.0 1.95736 28209
1104 0001 -41.0 1.95736 28231
1104 0001 -41.0 1.95736 28502
1104 0001 -41.0 1.96963 28524
1104 0001 -41.0 1.95122 28799
1104 0001 -41.0 1.95736 28821
1104 0001 -41.0 1.95736 29095
1104 0001 -41.0 1.95122 29113
1104 0001 -41.0 1.96350 29385
1104 0001 -41.0 1.95736 29406
1104 0001 -41.0 1.96350 29678
1104 0001 -41.0 1.95122 29698
1104 0001 -41.0 1.95736 29970
1104 0001 -41.0 1.95736 29988
1104 0001 -41.0 1.96350 30259
1104 0001 -41.0 1.95736 30276
1104 0001 -41.0 1.95122 30551
1104 0001 -41.0 1.94509 30574
1104 0001 -41.0 1.95736 30845
1104 0001 -41.0 1.96350 30863
1104 0001 -41.0 1.96350 31138
1104 0001 -41.0 1.95736 31160
1104 0001 -41.0 1.95122 31434
1104 0001 -41.0 1.95736 31457
1104 0001 -41.0 1.96350 31729
1104 0001 -41.0 1.95122 31745
1104 0001 -41.0 1.95122 32021
1104 0001 -41.0 1.95736 32042
1104 0001 -41.0 1.95736 32317
1104 0001 -41.0 1.95122 32340
1104 0001 -41.0 1.96350 32614
1104 0001 -41.0 1.95122 32636
1104 0001 -41.0 1.96350 32912
1104 0001 -41.0 1.96350 32933
1104 0001 -41.0 1.95122 33204
1104 0001 -41.0 1.94509 33221
1104 0001 -41.0 1.96350 33496
1104 0001 -41.0 1.95736 33514
1104 0001 -41.0 1.95736 33790
1104 0001 -41.0 1.95122 33807
1104 0001 -41.0 1.95736 34079
1104 0001 -41.0 1.95736 34096
1104 0001 -41.0 1.97577 34368
1104 0001 -41.0 1.97577 34386
1104 0001 -41.5 2.13530 34660
1104 0001 -41.5 2.16598 34678
1104 0001 -41.0 2.17212 34952
1104 0001 -41.0 2.17212 34971
1104 0001 -40.5 2.13530 35242
1104 0001 -40.5 2.11689 35260
1104 0001 -41.0 2.11689 35540
1104 0001 -41.0 2.12917 35559
1104 0001 -41.0 2.13530 35833
1104 0001 -41.0 2.14757 35850
1104 0001 -41.0 2.15371 36136
1104 0001 -41.0 2.16598 36153
1104 0001 -41.5 2.17212 36440
1104 0001 -41.5 2.17212 36458
1104 0001 -42.0 5.31678 36738
1104 0001 -41.5 2.14144 36762
1104 0001 -42.0 5.32905 37045
1104 0001 -41.5 2.14144 37069
1104 0001 -41.5 2.15984 37361
1104 0001 -41.5 2.16598 37383
1104 0001 -41.5 2.15984 37665
1104 0001 -41.5 2.17825 37687
1104 0001 -41.5 2.15984 37973
1104 0001 -41.5 2.16598 37994
1104 0001 -41.5 2.17212 38274
1104 0001 -41.5 2.17212 38295
1104 0001 -41.0 2.15984 38590
1104 0001 -41.0 2.16598 38609
1104 0001 -41.0 2.15984 38883
1104 0001 -41.0 2.15984 38901
