1104 0001 -41.5 5.93344 0
1104 0001 -41.0 2.78571 19
1104 0001 -41.0 2.78571 294
1104 0001 -41.0 2.79798 311
1104 0001 -41.0 2.81025 584
1104 0001 -41.0 2.80412 601
1104 0001 -41.0 2.81639 876
1104 0001 -41.0 2.82252 895
1104 0001 -41.0 2.79798 1171
1104 0001 -41.0 2.81025 1188
1104 0001 -41.0 2.79798 1463
1104 0001 -41.0 2.80412 1485
1104 0001 -41.0 2.81025 1761
1104 0001 -41.0 2.80412 1778
1104 0001 -41.0 2.82252 2049
1104 0001 -41.0 2.80412 2067
1104 0001 -41.0 2.81025 2338
1104 0001 -41.0 2.81025 2360
1104 0001 -41.0 2.79798 2636
1104 0001 -41.0 2.82252 2657
1104 0001 -41.0 2.80412 2930
1104 0001 -41.0 2.81639 2952
1104 0001 -41.0 2.81025 3223
1104 0001 -41.0 2.81025 3245
1104 0001 -41.0 2.82866 3517
1104 0001 -41.0 2.80412 3536
1104 0001 -41.0 2.82252 3806
1104 0001 -41.0 2.81639 3829
1104 0001 -41.0 2.82866 4101
1104 0001 -41.0 2.80412 4121
1104 0001 -41.0 2.81639 4394
1104 0001 -41.0 2.81025 4411
1104 0001 -41.0 2.81639 4683
1104 0001 -41.0 2.82252 4701
1104 0001 -41.0 2.81025 4975
1104 0001 -41.0 2.80412 4998
1104 0001 -41.0 2.83480 5269
1104 0001 -41.0 2.81639 5287
1104 0001 -41.0 2.81025 5559
1104 0001 -41.0 2.82866 5576
1104 0001 -41.0 2.82252 5852
1104 0001 -41.0 2.81025 5873
1104 0001 -41.0 2.80412 6145
1104 0001 -41.0 2.81025 6167
1104 0001 -41.0 2.81639 6438
1104 0001 -41.0 2.81639 6457
1104 0001 -41.0 2.82252 6731
1104 0001 -41.0 2.83480 6748
1104 0001 -41.0 2.81639 7020
1104 0001 -41.0 2.82252 7039
1104 0001 -41.0 2.81639 7309
1104 0001 -41.0 2.82252 7327
1104 0001 -41.0 2.82252 7603
1104 0001 -41.0 2.81639 7621
1104 0001 -41.0 2.80412 7895
1104 0001 -41.0 2.81025 7913
1104 0001 -41.0 2.81025 8189
1104 0001 -41.0 2.81639 8212
1104 0001 -41.0 2.82252 8486
1104 0001 -41.0 2.81639 8508
1104 0001 -41.0 2.79798 8780
1104 0001 -41.0 2.81025 8799
1104 0001 -41.0 2.82866 9073
1104 0001 -41.0 2.81025 9096
1104 0001 -41.0 2.80412 9372
1104 0001 -41.0 2.79798 9394
1104 0001 -41.0 2.82252 9667
1104 0001 -41.0 2.80412 9686
1104 0001 -41.0 2.80412 9958
1104 0001 -41.0 2.81639 9976
1104 0001 -41.0 2.81639 10246
1104 0001 -41.0 2.81639 10264
1104 0001 -41.0 2.80412 10537
1104 0001 -41.0 2.81639 10554
1104 0001 -41.0 2.80412 10830
1104 0001 -41.0 2.79798 10848
1104 0001 -41.0 2.81639 11120
1104 0001 -41.0 2.81639 11142
1104 0001 -41.0 2.81025 11412
1104 0001 -41.0 2.80412 11435
1104 0001 -41.0 2.81639 11710
1104 0001 -41.0 2.81639 11727
1104 0001 -41.0 2.81025 12003
1104 0001 -41.0 2.81025 12021
1104 0001 -41.0 2.82252 12298
1104 0001 -41.0 2.79798 12315
1104 0001 -41.0 2.82866 12590
1104 0001 -41.0 2.80412 12612
1104 0001 -41.0 2.79185 12888
1104 0001 -41.0 2.80412 12910
1104 0001 -41.0 2.81025 13185
1104 0001 -41.0 2.81025 13207
1104 0001 -41.0 2.80412 13479
1104 0001 -41.0 2.81639 13498
1104 0001 -41.0 2.81025 13774
1104 0001 -41.0 2.81025 13796
1104 0001 -41.0 2.82252 14068
1104 0001 -41.0 2.81025 14085
1104 0001 -41.0 2.81025 14357
1104 0001 -41.0 2.79798 14375
1104 0001 -41.0 2.79185 14650
1104 0001 -41.0 2.82252 14672
1104 0001 -41.0 2.81639 14943
1104 0001 -41.0 2.81639 14961
1104 0001 -41.0 2.84093 15238
1104 0001 -41.0 2.82252 15260
1104 0001 -41.0 2.81639 15530
1104 0001 -41.0 2.81025 15549
1104 0001 -41.0 2.81639 15825
1104 0001 -41.0 2.81025 15842
1104 0001 -41.0 2.81639 16117
1104 0001 -41.0 2.82252 16139
1104 0001 -41.0 2.81025 16415
1104 0001 -41.0 2.81025 16434
1104 0001 -41.0 2.80412 16708
1104 0001 -41.0 2.81025 16730
1104 0001 -41.0 2.82252 17007
1104 0001 -41.0 2.82252 17024
1104 0001 -41.0 2.80412 17300
1104 0001 -41.0 2.81639 17321
1104 0001 -41.0 2.81639 17594
1104 0001 -41.0 2.81025 17612
1104 0001 -41.0 2.81639 17883
1104 0001 -41.0 2.80412 17900
1104 0001 -41.0 2.82252 18176
1104 0001 -41.0 2.81025 18195
1104 0001 -41.0 2.81639 18469
1104 0001 -41.0 2.81639 18491
1104 0001 -41.0 2.82252 18763
1104 0001 -41.0 2.81639 18781
1104 0001 -41.0 2.82252 19055
1104 0001 -41.0 2.82866 19078
1104 0001 -41.0 2.82252 19350
1104 0001 -41.0 2.80412 19372
1104 0001 -41.0 2.82866 19647
1104 0001 -41.0 2.81025 19665
1104 0001 -41.0 2.81639 19940
1104 0001 -41.0 2.81639 19959
1104 0001 -41.0 2.81639 20233
1104 0001 -41.0 2.81639 20255
1104 0001 -41.0 2.81639 20528
1104 0001 -41.0 2.81025 20545
1104 0001 -41.0 2.81025 20820
1104 0001 -41.0 2.79798 20838
1104 0001 -41.0 2.81639 21114
1104 0001 -41.0 2.81639 21133
1104 0001 -41.0 2.80412 21407
1104 0001 -41.0 2.80412 21425
1104 0001 -41.0 2.81639 21701
1104 0001 -41.0 2.81025 21722
1104 0001 -41.0 2.82252 21993
1104 0001 -41.0 2.82252 22014
1104 0001 -41.0 2.81025 22291
1104 0001 -41.0 2.81639 22308
1104 0001 -41.0 2.81025 22583
1104 0001 -41.0 2.81025 22601
1104 0001 -41.0 2.81025 22873
1104 0001 -41.0 2.79798 22891
1104 0001 -41.0 2.81639 23162
1104 0001 -41.0 2.81025 23180
1104 0001 -41.0 2.81025 23453
1104 0001 -41.0 2.82252 23471
1104 0001 -41.0 2.81639 23740
1104 0001 -41.0 2.81639 23762
1104 0001 -41.0 2.81639 24038
1104 0001 -41.0 2.81025 24056
1104 0001 -41.0 2.82866 24331
1104 0001 -41.0 2.82252 24349
1104 0001 -41.0 2.82252 24621
1104 0001 -41.0 2.82252 24643
1104 0001 -41.0 2.81025 24915
1104 0001 -41.0 2.79798 24938
1104 0001 -41.0 2.81639 25209
1104 0001 -41.0 2.82252 25227
1104 0001 -41.0 2.81639 25502
1104 0001 -41.0 2.81639 25524
1104 0001 -41.0 2.82252 25800
1104 0001 -41.0 2.81639 25817
1104 0001 -41.0 2.81639 26089
1104 0001 -41.0 2.83480 26111
1104 0001 -41.0 2.82866 26382
1104 0001 -41.0 2.82252 26404
1104 0001 -41.0 2.82252 26675
1104 0001 -41.0 2.82866 26697
1104 0001 -41.0 2.81025 26973
1104 0001 -41.0 2.82252 26994
1104 0001 -41.0 2.81025 27264
1104 0001 -41.0 2.81025 27282
1104 0001 -41.0 2.82252 27554
1104 0001 -41.0 2.81639 27576
1104 0001 -41.0 2.81025 27852
1104 0001 -41.0 2.81639 27873
1104 0001 -41.0 2.81639 28145
1104 0001 -41.0 2.81025 28163
1104 0001 -41.0 2.81025 28433
1104 0001 -41.0 2.82252 28455
1104 0001 -41.0 2.81025 28731
1104 0001 -41.0 2.82866 28753
