1104 0001 -39.5 4.93942 0
1104 0001 -39.0 1.79783 19
1104 0001 -39.0 1.79783 295
1104 0001 -39.0 1.81623 319
1104 0001 -39.0 1.81623 595
1104 0001 -39.0 1.81010 618
1104 0001 -39.0 1.80396 894
1104 0001 -39.0 1.80396 917
1104 0001 -39.0 1.81010 1194
1104 0001 -39.0 1.81010 1217
1104 0001 -39.0 1.81623 1493
1104 0001 -39.0 1.80396 1516
1104 0001 -39.0 1.80396 1791
1104 0001 -39.0 1.82237 1813
1104 0001 -39.0 1.81010 2089
1104 0001 -39.0 1.79169 2111
1104 0001 -39.0 1.81010 2386
1104 0001 -39.0 1.81623 2409
1104 0001 -39.0 1.81010 2684
1104 0001 -39.0 1.84691 2708
1104 0001 -39.0 1.81010 2982
1104 0001 -39.0 1.80396 3006
1104 0001 -39.0 1.79783 3280
1104 0001 -39.0 1.81623 3303
1104 0001 -39.0 1.81010 3579
1104 0001 -39.0 1.82237 3601
1104 0001 -39.0 1.81010 3876
1104 0001 -39.0 1.81010 3900
1104 0001 -39.0 1.82237 4176
1104 0001 -39.0 1.82237 4198
1104 0001 -39.0 1.84078 4474
1104 0001 -39.0 1.82237 4491
1104 0001 -39.0 1.80396 4766
1104 0001 -39.0 1.82237 4789
1104 0001 -39.0 1.82237 5066
1104 0001 -39.0 1.81010 5089
1104 0001 -39.0 1.82237 5364
1104 0001 -39.0 1.82237 5387
1104 0001 -39.0 1.83464 5663
1104 0001 -39.0 1.81010 5686
1104 0001 -39.0 1.82237 5961
1104 0001 -39.0 1.82851 5984
1104 0001 -39.0 1.82237 6260
1104 0001 -39.0 1.81010 6282
1104 0001 -39.0 1.81623 6558
1104 0001 -39.0 1.81010 6582
1104 0001 -39.0 1.81010 6857
1104 0001 -39.0 1.81623 6880
1104 0001 -39.0 1.82851 7156
1104 0001 -39.0 1.81623 7179
1104 0001 -39.0 1.80396 7455
1104 0001 -39.0 1.82237 7478
1104 0001 -39.0 1.82237 7753
1104 0001 -39.0 1.80396 7776
1104 0001 -39.0 1.81010 8052
1104 0001 -39.0 1.81010 8075
1104 0001 -39.0 1.80396 8351
1104 0001 -39.0 1.82237 8374
1104 0001 -39.0 1.81010 8649
1104 0001 -39.0 1.81623 8672
1104 0001 -39.0 1.81623 8948
1104 0001 -39.0 1.82237 8970
1104 0001 -39.0 1.83464 9247
1104 0001 -39.0 1.81010 9270
1104 0001 -39.0 1.82237 9546
1104 0001 -39.0 1.81010 9569
1104 0001 -39.0 1.82851 9845
1104 0001 -39.0 1.81010 9867
1104 0001 -39.0 1.82851 10144
1104 0001 -39.0 1.80396 10166
1104 0001 -39.0 1.81010 10442
1104 0001 -39.0 1.81010 10464
1104 0001 -39.0 1.81010 10741
1104 0001 -39.0 1.81010 10763
1104 0001 -39.0 1.81010 11038
1104 0001 -39.0 1.81623 11062
1104 0001 -39.0 1.81010 11333
1104 0001 -39.0 1.80396 11356
1104 0001 -39.0 1.81010 11632
1104 0001 -39.0 1.80396 11655
1104 0001 -39.0 1.82237 11930
1104 0001 -39.0 1.82237 11955
1104 0001 -39.0 1.82237 12230
1104 0001 -39.0 1.82237 12253
1104 0001 -39.0 1.79783 12529
1104 0001 -39.0 1.81010 12551
1104 0001 -39.0 1.82851 12828
1104 0001 -39.0 1.81010 12851
1104 0001 -39.0 1.81010 13125
1104 0001 -39.0 1.82851 13148
1104 0001 -39.0 1.80396 13424
1104 0001 -39.0 1.82237 13448
1104 0001 -39.0 1.82237 13723
1104 0001 -39.0 1.82237 13746
1104 0001 -39.0 1.82851 14022
1104 0001 -39.0 1.83464 14045
1104 0001 -39.0 1.81010 14320
1104 0001 -39.0 1.81010 14342
1104 0001 -39.0 1.81623 14618
1104 0001 -39.0 1.82851 14641
1104 0001 -39.0 1.83464 14917
1104 0001 -39.0 1.82237 14939
1104 0001 -39.0 1.82237 15216
1104 0001 -39.0 1.84078 15238
1104 0001 -39.0 1.81010 15514
1104 0001 -39.0 1.81623 15538
1104 0001 -39.0 1.82237 15813
1104 0001 -39.0 1.81623 15836
1104 0001 -39.0 1.83464 16113
1104 0001 -39.0 1.82851 16135
1104 0001 -39.0 1.82851 16410
1104 0001 -39.0 1.81623 16432
1104 0001 -39.0 1.81010 16708
1104 0001 -39.0 1.81623 16731
1104 0001 -39.0 1.80396 17007
1104 0001 -39.0 1.82851 17029
1104 0001 -39.0 1.81623 17305
1104 0001 -39.0 1.82237 17329
1104 0001 -39.0 1.80396 17604
1104 0001 -39.0 1.81010 17627
1104 0001 -39.0 1.80396 17902
1104 0001 -39.0 1.81623 17926
1104 0001 -39.0 1.81623 18201
1104 0001 -39.0 1.82851 18223
1104 0001 -39.0 1.81623 18499
1104 0001 -39.0 1.79783 18522
1104 0001 -39.0 1.82237 18797
1104 0001 -39.0 1.77328 18815
1104 0001 -39.0 1.82237 19091
1104 0001 -39.0 1.84078 19113
1104 0001 -39.0 1.82237 19390
1104 0001 -39.0 1.82237 19413
1104 0001 -39.0 1.84078 19688
1104 0001 -39.0 1.81623 19711
1104 0001 -39.0 1.82237 19982
1104 0001 -39.0 1.81623 20006
1104 0001 -39.0 1.81623 20281
1104 0001 -39.0 1.81623 20303
1104 0001 -39.0 1.82237 20580
1104 0001 -39.0 1.81010 20602
1104 0001 -39.0 1.82237 20878
1104 0001 -39.0 1.82237 20901
1104 0001 -39.0 1.81623 21177
1104 0001 -39.0 1.82851 21201
1104 0001 -39.0 1.81010 21477
1104 0001 -39.0 1.82851 21499
1104 0001 -39.0 1.82237 21774
1104 0001 -39.0 1.81623 21797
1104 0001 -39.0 1.81623 22074
1104 0001 -39.0 1.81010 22096
1104 0001 -39.0 1.81010 22371
1104 0001 -39.0 1.81623 22389
1104 0001 -39.0 1.83464 22660
1104 0001 -39.0 1.83464 22683
1104 0001 -39.0 1.84078 22959
1104 0001 -39.0 1.82237 22981
1104 0001 -39.0 1.82851 23258
1104 0001 -39.0 1.80396 23281
1104 0001 -39.0 1.80396 23556
1104 0001 -39.0 1.81623 23579
1104 0001 -39.0 1.82237 23855
1104 0001 -39.0 1.81010 23879
1104 0001 -39.0 1.80396 24153
1104 0001 -39.0 1.81010 24176
1104 0001 -39.0 1.84691 24453
1104 0001 -39.0 1.81623 24474
1104 0001 -39.0 1.82237 24751
1104 0001 -39.0 1.84078 24773
1104 0001 -39.0 1.82237 25049
1104 0001 -39.0 1.82237 25072
1104 0001 -39.0 1.81010 25348
1104 0001 -39.0 1.81010 25372
1104 0001 -39.0 1.80396 25646
1104 0001 -39.0 1.83464 25670
1104 0001 -39.0 1.81623 25946
1104 0001 -39.0 1.83464 25969
1104 0001 -39.0 1.84078 26244
1104 0001 -39.0 1.81010 26268
1104 0001 -39.0 1.81623 26544
1104 0001 -39.0 1.81623 26566
1104 0001 -39.0 1.82851 26842
1104 0001 -39.0 1.81623 26865
1104 0001 -39.0 1.83464 27141
1104 0001 -39.0 1.80396 27163
1104 0001 -39.0 1.81623 27438
1104 0001 -39.0 1.82237 27462
1104 0001 -39.0 1.81010 27737
1104 0001 -39.0 1.82851 27761
1104 0001 -39.0 1.82237 28037
1104 0001 -39.0 1.81623 28060
1104 0001 -39.0 1.81623 28336
1104 0001 -39.0 1.84078 28359
1104 0001 -39.0 1.82237 28634
1104 0001 -39.0 1.81010 28657
1104 0001 -39.0 1.82851 28933
1104 0001 -39.0 1.82237 28956
1104 0001 -39.0 1.81623 29231
1104 0001 -39.0 1.81623 29253
1104 0001 -39.0 1.82851 29530
1104 0001 -39.0 1.81010 29553
1104 0001 -39.0 1.81623 29828
1104 0001 -39.0 1.81623 29852
1104 0001 -39.0 1.81623 30127
1104 0001 -39.0 1.82237 30149
1104 0001 -39.0 1.81623 30425
1104 0001 -39.0 1.81623 30448
1104 0001 -39.0 1.85305 30724
1104 0001 -39.0 1.81623 30747
1104 0001 -39.0 1.82851 31022
1104 0001 -39.0 1.81623 31046
1104 0001 -39.0 1.82237 31322
1104 0001 -39.0 1.82851 31345
1104 0001 -39.0 1.83464 31620
