1104 0001 -38.0 1.65056 0
1104 0001 -38.0 1.61988 24
1104 0001 -38.0 1.64443 299
1104 0001 -38.0 1.63829 322
1104 0001 -38.0 1.61988 597
1104 0001 -38.0 1.62602 620
1104 0001 -38.0 1.64443 896
1104 0001 -38.0 1.63829 1200
1104 0001 -38.0 1.61988 1224
1104 0001 -38.0 1.64443 1500
1104 0001 -38.0 1.63216 1523
1104 0001 -38.0 1.62602 1797
1104 0001 -38.0 1.65056 1821
1104 0001 -38.0 1.64443 2097
1104 0001 -38.0 1.64443 2119
1104 0001 -38.0 1.62602 2395
1104 0001 -38.0 1.62602 2418
1104 0001 -38.0 1.63829 2693
1104 0001 -38.0 1.64443 2717
1104 0001 -38.0 1.62602 2991
1104 0001 -38.0 1.63829 3014
1104 0001 -38.0 1.62602 3291
1104 0001 -38.0 1.63829 3313
1104 0001 -38.0 1.63216 3589
1104 0001 -38.0 1.63829 3611
1104 0001 -38.0 1.62602 3888
1104 0001 -38.0 1.63216 3910
1104 0001 -38.0 1.65056 4186
1104 0001 -38.0 1.63829 4209
1104 0001 -38.0 1.63216 4486
1104 0001 -38.0 1.63829 4508
1104 0001 -38.0 1.62602 4784
1104 0001 -38.0 1.63216 4808
1104 0001 -38.0 1.64443 5082
1104 0001 -38.0 1.63216 5106
1104 0001 -38.0 1.63216 5382
1104 0001 -38.0 1.63829 5405
1104 0001 -38.0 1.62602 5681
1104 0001 -38.0 1.63216 5704
1104 0001 -38.0 1.63216 5980
1104 0001 -38.0 1.65670 6002
1104 0001 -38.0 1.65056 6279
1104 0001 -38.0 1.63829 6301
1104 0001 -38.0 1.64443 6576
1104 0001 -38.0 1.65056 6600
1104 0001 -38.0 1.65056 6875
1104 0001 -38.0 1.65056 6898
1104 0001 -38.0 1.65670 7174
1104 0001 -38.0 1.65056 7198
1104 0001 -38.0 1.65670 7474
1104 0001 -38.0 1.63216 7496
1104 0001 -38.0 1.65670 7772
1104 0001 -38.0 1.65670 7793
1104 0001 -38.0 1.64443 8068
1104 0001 -38.0 1.63829 8091
1104 0001 -38.0 1.64443 8367
1104 0001 -38.0 1.63216 8390
1104 0001 -38.0 1.64443 8666
1104 0001 -38.0 1.64443 8688
1104 0001 -38.0 1.63829 8964
1104 0001 -38.0 1.62602 8987
1104 0001 -38.0 1.64443 9263
1104 0001 -38.0 1.65670 9286
1104 0001 -38.0 1.62602 9563
1104 0001 -38.0 1.63216 9585
1104 0001 -38.0 1.63216 9861
1104 0001 -38.0 1.65056 9883
1104 0001 -38.0 1.63216 10160
1104 0001 -38.0 1.63216 10182
1104 0001 -38.0 1.65056 10457
1104 0001 -38.0 1.63829 10480
1104 0001 -38.0 1.61988 10756
1104 0001 -38.0 1.64443 10779
1104 0001 -38.0 1.63829 11056
1104 0001 -38.0 1.63829 11079
1104 0001 -38.0 1.65056 11354
1104 0001 -38.0 1.62602 11377
1104 0001 -38.0 1.64443 11653
1104 0001 -38.0 1.62602 11676
1104 0001 -38.0 1.63216 11951
1104 0001 -38.0 1.63829 11974
1104 0001 -38.0 1.63829 12250
1104 0001 -38.0 1.63216 12274
1104 0001 -38.0 1.63829 12549
1104 0001 -38.0 1.64443 12572
1104 0001 -38.0 1.65670 12848
1104 0001 -38.0 1.65056 12871
1104 0001 -38.0 1.63829 13146
1104 0001 -38.0 1.62602 13168
1104 0001 -38.0 1.63216 13445
1104 0001 -38.0 1.63216 13467
1104 0001 -38.0 1.64443 13744
1104 0001 -38.0 1.64443 13765
1104 0001 -38.0 1.63829 14042
1104 0001 -38.0 1.63216 14063
1104 0001 -38.0 1.64443 14339
1104 0001 -38.0 1.65056 14361
1104 0001 -38.0 1.63216 14638
1104 0001 -38.0 1.61988 14660
1104 0001 -38.0 1.66284 14936
1104 0001 -38.0 1.63216 14959
1104 0001 -38.0 1.63216 15235
1104 0001 -38.0 1.63216 15258
1104 0001 -38.0 1.63829 15532
1104 0001 -38.0 1.64443 15556
1104 0001 -38.0 1.65056 15831
1104 0001 -38.0 1.64443 15854
1104 0001 -38.0 1.63216 16131
1104 0001 -38.0 1.63829 16154
1104 0001 -38.0 1.64443 16431
1104 0001 -38.0 1.63829 16454
1104 0001 -38.0 1.62602 16730
1104 0001 -38.0 1.63829 16753
1104 0001 -38.0 1.65056 17029
1104 0001 -38.0 1.64443 17051
1104 0001 -38.0 1.64443 17327
1104 0001 -38.0 1.62602 17350
1104 0001 -38.0 1.63216 17626
1104 0001 -38.0 1.63216 17650
1104 0001 -38.0 1.64443 17927
1104 0001 -38.0 1.62602 17949
1104 0001 -38.0 1.63216 18225
1104 0001 -38.0 1.66897 18247
1104 0001 -38.0 1.62602 18522
1104 0001 -38.0 1.62602 18545
1104 0001 -38.0 1.62602 18821
1104 0001 -38.0 1.62602 18844
1104 0001 -38.0 1.61988 19120
1104 0001 -38.0 1.63829 19143
1104 0001 -38.0 1.64443 19418
1104 0001 -38.0 1.62602 19441
1104 0001 -38.0 1.62602 19716
1104 0001 -38.0 1.63216 19739
1104 0001 -38.0 1.66284 20015
1104 0001 -38.0 1.63216 20039
1104 0001 -38.0 1.63829 20314
1104 0001 -38.0 1.63829 20337
1104 0001 -38.0 1.63216 20613
1104 0001 -38.0 1.64443 20636
1104 0001 -38.0 1.63216 20911
1104 0001 -38.0 1.63216 20935
1104 0001 -38.0 1.63829 21210
1104 0001 -38.0 1.63216 21232
1104 0001 -38.0 1.63216 21508
1104 0001 -38.0 1.65670 21531
1104 0001 -38.0 1.64443 21807
1104 0001 -38.0 1.64443 21830
1104 0001 -38.0 1.65056 22106
1104 0001 -38.0 1.63216 22129
1104 0001 -38.0 1.63829 22405
1104 0001 -38.0 1.63216 22427
1104 0001 -38.0 1.64443 22703
1104 0001 -38.0 1.63829 22725
1104 0001 -38.0 1.63216 23001
1104 0001 -38.0 1.65056 23024
1104 0001 -38.0 1.63829 23301
1104 0001 -38.0 1.63829 23324
1104 0001 -38.0 1.63216 23598
1104 0001 -38.0 1.63829 23621
1104 0001 -38.0 1.62602 23898
1104 0001 -38.0 1.63216 23921
1104 0001 -38.0 1.62602 24199
1104 0001 -38.0 1.63829 24222
1104 0001 -38.0 1.62602 24497
1104 0001 -38.0 1.65056 24520
1104 0001 -38.0 1.61988 24795
1104 0001 -38.0 1.61988 24818
1104 0001 -38.0 1.63216 25094
1104 0001 -38.0 1.61375 25117
1104 0001 -38.0 1.62602 25392
1104 0001 -38.0 1.61988 25415
1104 0001 -38.0 1.63829 25690
1104 0001 -38.0 1.64443 25713
1104 0001 -37.0 1.64443 25990
1104 0001 -37.5 1.63829 26013
1104 0001 -38.0 1.63216 26306
1104 0001 -38.0 1.62602 26329
1104 0001 -38.0 1.63216 26605
1104 0001 -38.0 1.63216 26627
1104 0001 -38.0 1.63216 26898
1104 0001 -38.0 1.63216 26920
1104 0001 -38.0 1.64443 27197
1104 0001 -38.0 1.62602 27220
1104 0001 -38.0 1.62602 27507
1104 0001 -38.0 1.65056 27531
1104 0001 -38.0 1.64443 27806
