1104 0001 -39.5 4.66944 0
1104 0001 -39.5 1.53398 17
1104 0001 -39.5 1.54012 295
1104 0001 -39.5 1.55239 318
1104 0001 -39.5 1.52784 594
1104 0001 -39.5 1.53398 616
1104 0001 -39.5 1.53398 892
1104 0001 -39.5 1.52784 921
1104 0001 -39.5 1.53398 1197
1104 0001 -39.5 1.55852 1220
1104 0001 -39.5 1.52784 1505
1104 0001 -39.5 1.55852 1527
1104 0001 -39.5 1.54012 1810
1104 0001 -39.5 1.52784 1833
1104 0001 -38.5 1.53398 2110
1104 0001 -39.5 1.54625 2133
1104 0001 -39.5 1.52171 2411
1104 0001 -39.5 1.52784 2433
1104 0001 -39.5 1.53398 2708
1104 0001 -39.5 1.53398 2728
1104 0001 -39.5 1.52784 2999
1104 0001 -39.5 1.51557 3022
1104 0001 -39.5 1.55239 3300
1104 0001 -39.5 1.58307 3323
1104 0001 -39.5 1.54012 3598
1104 0001 -39.5 1.55852 3635
1104 0001 -39.5 1.54012 3911
1104 0001 -39.0 1.59534 3942
1104 0001 -39.5 1.65670 4231
1104 0001 -39.5 1.54012 4254
1104 0001 -39.5 1.58307 4525
1104 0001 -39.0 1.54012 4582
1104 0001 -39.5 1.54012 4882
1104 0001 -39.5 1.40513 4904
1104 0001 -39.5 1.55239 5182
1104 0001 -39.5 1.55852 5242
1104 0001 -39.5 1.54625 5527
1104 0001 -39.5 1.57080 5564
1104 0001 -39.5 1.54625 5863
1104 0001 -39.5 1.53398 5888
1104 0001 -39.5 1.52171 6177
1104 0001 -39.0 1.54012 6200
1104 0001 -39.5 1.54625 6479
1104 0001 -39.5 1.54012 6504
1104 0001 -39.5 1.53398 6779
1104 0001 -39.5 1.50944 6801
1104 0001 -39.5 1.54012 7077
1104 0001 -39.5 1.54625 7099
1104 0001 -39.5 1.52784 7375
1104 0001 -39.5 1.57080 7398
1104 0001 -39.5 1.53398 7673
1104 0001 -39.5 1.52171 7697
1104 0001 -39.5 1.53398 7972
1104 0001 -39.5 1.52171 7995
1104 0001 -39.5 1.53398 8270
1104 0001 -39.5 1.53398 8293
1104 0001 -39.5 1.54625 8569
1104 0001 -39.5 1.55239 8593
1104 0001 -39.5 1.53398 8869
1104 0001 -39.5 1.54012 8891
1104 0001 -39.5 1.54625 9167
1104 0001 -39.5 1.55852 9189
1104 0001 -39.5 1.52784 9466
1104 0001 -39.5 1.54012 9487
1104 0001 -39.5 1.51557 9763
1104 0001 -39.5 1.54012 9786
1104 0001 -39.5 1.51557 10062
1104 0001 -39.5 1.52784 10085
1104 0001 -39.5 1.54012 10359
1104 0001 -39.5 1.52784 10382
1104 0001 -39.5 1.52171 10657
1104 0001 -39.5 1.54012 10681
1104 0001 -39.5 1.53398 10955
1104 0001 -39.5 1.50944 10978
1104 0001 -39.5 1.52784 11254
1104 0001 -39.5 1.51557 11276
1104 0001 -39.5 1.49717 11553
1104 0001 -39.5 1.52784 11576
1104 0001 -39.5 1.54625 11851
1104 0001 -39.5 1.52171 11874
1104 0001 -39.5 1.52171 12149
1104 0001 -39.5 1.52171 12173
1104 0001 -39.5 1.50944 12447
1104 0001 -39.5 1.50944 12470
1104 0001 -39.5 1.52171 12746
1104 0001 -39.5 1.51557 12769
1104 0001 -39.5 1.51557 13046
1104 0001 -39.5 1.54012 13068
1104 0001 -39.5 1.53398 13342
1104 0001 -39.5 1.52784 13366
1104 0001 -39.5 1.50944 13642
1104 0001 -39.5 1.50944 13664
1104 0001 -39.5 1.50944 13940
1104 0001 -39.5 1.49717 13962
1104 0001 -39.5 1.51557 14239
1104 0001 -39.5 1.53398 14261
1104 0001 -39.5 1.53398 14536
1104 0001 -39.5 1.53398 14560
1104 0001 -39.5 1.52784 14836
1104 0001 -39.5 1.52784 14858
1104 0001 -39.5 1.54625 15134
1104 0001 -39.5 1.54625 15156
1104 0001 -39.5 1.52171 15432
1104 0001 -39.5 1.52784 15455
1104 0001 -39.5 1.52784 15730
1104 0001 -39.5 1.51557 15752
1104 0001 -39.5 1.51557 16026
1104 0001 -39.5 1.52784 16050
1104 0001 -39.5 1.53398 16324
1104 0001 -39.5 1.51557 16348
1104 0001 -39.5 1.52784 16623
1104 0001 -39.5 1.51557 16646
1104 0001 -39.5 1.49717 16922
1104 0001 -39.5 1.52784 16945
1104 0001 -39.5 1.52784 17220
1104 0001 -39.5 1.54625 17243
1104 0001 -39.5 1.53398 17519
1104 0001 -39.5 1.51557 17542
1104 0001 -39.5 1.52171 17817
1104 0001 -39.5 1.52784 17841
1104 0001 -39.5 1.52171 18116
1104 0001 -39.5 1.54012 18138
1104 0001 -39.5 1.52171 18414
1104 0001 -39.5 1.54012 18437
1104 0001 -39.5 1.52171 18713
1104 0001 -39.5 1.49717 18736
1104 0001 -39.5 1.49103 19012
1104 0001 -39.5 1.50944 19035
1104 0001 -39.5 1.55239 19310
1104 0001 -39.5 1.53398 19333
1104 0001 -39.5 1.49103 19609
1104 0001 -39.5 1.53398 19633
1104 0001 -39.5 1.50944 19907
1104 0001 -39.5 1.51557 19931
1104 0001 -39.5 1.49103 20205
1104 0001 -39.5 1.50944 20229
1104 0001 -39.5 1.53398 20503
1104 0001 -39.5 1.52171 20526
1104 0001 -39.5 1.52171 20801
1104 0001 -39.5 1.52784 20824
1104 0001 -39.5 1.54625 21103
1104 0001 -39.5 1.52784 21124
1104 0001 -39.5 1.51557 21400
1104 0001 -39.5 1.52171 21423
1104 0001 -39.5 1.48489 21699
1104 0001 -39.5 1.55852 21722
1104 0001 -39.5 1.52784 21998
1104 0001 -39.5 1.54625 22020
1104 0001 -39.5 1.52784 22296
1104 0001 -39.5 1.49717 22319
1104 0001 -39.5 1.55239 22595
1104 0001 -39.5 1.50944 22618
1104 0001 -39.5 1.53398 22893
1104 0001 -39.5 1.50944 22917
1104 0001 -39.5 1.53398 23192
1104 0001 -39.5 1.49717 23215
1104 0001 -39.5 1.50944 23491
1104 0001 -39.5 1.52171 23512
1104 0001 -39.5 1.52784 23788
1104 0001 -39.5 1.53398 23812
1104 0001 -39.5 1.51557 24088
1104 0001 -39.5 1.50944 24110
1104 0001 -39.5 1.53398 24387
1104 0001 -39.5 1.53398 24410
1104 0001 -39.5 1.51557 24685
1104 0001 -39.5 1.52784 24708
1104 0001 -39.5 1.52171 24985
1104 0001 -39.5 1.51557 25009
1104 0001 -39.5 1.52784 25284
1104 0001 -39.5 1.51557 25307
1104 0001 -39.5 1.52171 25583
1104 0001 -39.5 1.52784 25606
1104 0001 -39.5 1.51557 25882
1104 0001 -39.5 1.50944 25905
1104 0001 -39.5 1.52171 26180
1104 0001 -39.5 1.50330 26203
1104 0001 -39.5 1.51557 26479
1104 0001 -39.5 1.51557 26502
1104 0001 -39.5 1.53398 26778
1104 0001 -39.5 1.50330 26801
1104 0001 -39.5 1.54012 27077
1104 0001 -39.5 1.49717 27100
1104 0001 -39.5 1.50944 27376
1104 0001 -39.5 1.52171 27399
1104 0001 -39.5 1.53398 27675
1104 0001 -39.5 1.52784 27697
1104 0001 -39.5 1.51557 27972
1104 0001 -39.5 1.52784 27996
1104 0001 -39.5 1.54012 28270
