1104 0001 -38.0 4.84431 0
1104 0001 -37.5 1.69965 29
1104 0001 -37.5 1.69351 304
1104 0001 -37.5 1.72419 327
1104 0001 -37.5 1.69965 603
1104 0001 -37.5 1.69351 625
1104 0001 -37.0 1.74260 901
1104 0001 -37.0 1.73033 924
1104 0001 -37.5 1.71806 1200
1104 0001 -37.5 1.71192 1223
1104 0001 -37.5 1.68124 1499
1104 0001 -37.5 1.70579 1522
1104 0001 -37.5 1.69351 1799
1104 0001 -37.5 1.70579 1821
1104 0001 -37.5 1.69965 2096
1104 0001 -37.5 1.68124 2120
1104 0001 -37.5 1.69351 2395
1104 0001 -37.5 1.69965 2417
1104 0001 -37.5 1.68738 2694
1104 0001 -37.5 1.69965 2716
1104 0001 -37.5 1.69351 2992
1104 0001 -37.5 1.70579 3015
1104 0001 -37.5 1.68124 3291
1104 0001 -37.5 1.69965 3313
1104 0001 -37.5 1.69351 3589
1104 0001 -37.5 1.69351 3611
1104 0001 -37.5 1.69965 3888
1104 0001 -37.5 1.69965 3910
1104 0001 -37.5 1.69965 4186
1104 0001 -37.5 1.70579 4209
1104 0001 -37.5 1.69965 4486
1104 0001 -37.5 1.71806 4509
1104 0001 -37.5 1.69351 4783
1104 0001 -37.5 1.68124 4814
1104 0001 -37.5 1.92668 5090
1104 0001 -37.5 1.71192 5116
1104 0001 -37.5 1.69965 5392
1104 0001 -37.5 1.69351 5414
1104 0001 -37.5 1.71192 5690
1104 0001 -37.5 1.68738 5714
1104 0001 -37.5 1.67511 5989
1104 0001 -37.5 1.70579 6012
1104 0001 -37.5 1.69351 6289
1104 0001 -37.5 1.68738 6311
1104 0001 -37.5 1.69965 6587
1104 0001 -37.5 1.69965 6611
1104 0001 -37.5 1.70579 6886
1104 0001 -37.5 1.68124 6908
1104 0001 -37.5 1.69351 7185
1104 0001 -37.5 1.69965 7207
1104 0001 -37.5 1.70579 7483
1104 0001 -37.5 1.69965 7505
1104 0001 -37.5 1.71192 7782
1104 0001 -37.5 1.71192 7805
1104 0001 -37.5 1.69965 8082
1104 0001 -37.5 1.71192 8105
1104 0001 -37.5 1.72419 8380
1104 0001 -37.5 1.70579 8404
1104 0001 -37.5 1.68738 8680
1104 0001 -37.5 1.69965 8702
1104 0001 -37.5 1.71192 8978
1104 0001 -37.5 1.69965 9001
1104 0001 -37.5 1.72419 9277
1104 0001 -37.5 1.69965 9300
1104 0001 -37.5 1.70579 9576
1104 0001 -37.5 1.69351 9600
1104 0001 -37.5 1.70579 9875
1104 0001 -37.5 1.69351 9898
1104 0001 -37.5 1.69965 10174
1104 0001 -37.5 1.68738 10197
1104 0001 -37.5 1.69351 10472
1104 0001 -37.5 1.69965 10496
1104 0001 -37.5 1.71192 10771
1104 0001 -37.5 1.69965 10794
1104 0001 -37.5 1.72419 11070
1104 0001 -37.5 1.69965 11093
1104 0001 -37.5 1.72419 11369
1104 0001 -37.5 1.71806 11392
1104 0001 -37.5 1.69965 11667
1104 0001 -37.5 1.68738 11691
1104 0001 -37.5 1.69965 11966
1104 0001 -37.5 1.70579 11989
1104 0001 -37.5 1.69351 12264
1104 0001 -37.5 1.69351 12287
1104 0001 -37.5 1.69965 12563
1104 0001 -37.5 1.70579 12586
1104 0001 -37.5 1.69965 12863
1104 0001 -37.5 1.70579 12885
1104 0001 -37.5 1.69965 13161
1104 0001 -37.5 1.72419 13183
1104 0001 -37.5 1.70579 13460
1104 0001 -37.5 1.71192 13483
1104 0001 -37.5 1.71192 13759
1104 0001 -37.5 1.71192 13783
1104 0001 -37.5 1.71192 14058
1104 0001 -37.5 1.70579 14081
1104 0001 -37.0 1.77942 14357
1104 0001 -37.5 1.63829 14382
1104 0001 -37.5 1.70579 14658
1104 0001 -37.5 1.70579 14681
1104 0001 -37.5 1.69351 14957
1104 0001 -37.5 1.70579 14980
1104 0001 -37.5 1.69351 15256
1104 0001 -37.5 1.70579 15278
1104 0001 -37.5 1.70579 15554
1104 0001 -37.5 1.69965 15577
1104 0001 -37.5 1.69965 15853
1104 0001 -37.5 1.68124 15876
1104 0001 -37.5 1.69965 16152
1104 0001 -37.5 1.69351 16175
1104 0001 -37.5 1.69965 16451
1104 0001 -37.5 1.68738 16474
1104 0001 -37.5 1.69965 16750
1104 0001 -37.5 1.69351 16773
1104 0001 -37.5 1.71192 17050
1104 0001 -37.5 1.69351 17072
1104 0001 -37.5 1.70579 17347
1104 0001 -37.5 1.69965 17370
1104 0001 -37.5 1.71192 17646
1104 0001 -37.5 1.69351 17670
1104 0001 -37.5 1.70579 17945
1104 0001 -37.5 1.71192 17969
1104 0001 -37.5 1.71192 18244
1104 0001 -37.5 1.68738 18268
1104 0001 -37.5 1.69965 18543
1104 0001 -37.5 1.70579 18566
1104 0001 -37.5 1.71192 18841
1104 0001 -37.5 1.70579 18865
1104 0001 -37.5 1.71806 19141
1104 0001 -37.5 1.72419 19164
1104 0001 -37.5 1.71192 19439
1104 0001 -37.5 1.70579 19463
1104 0001 -37.5 1.69965 19738
1104 0001 -37.5 1.70579 19761
1104 0001 -37.5 1.69965 20036
1104 0001 -37.5 1.70579 20060
1104 0001 -37.5 1.69965 20336
1104 0001 -37.5 1.69351 20359
1104 0001 -37.5 1.69965 20634
1104 0001 -37.5 1.68738 20657
1104 0001 -37.5 1.68738 20933
1104 0001 -37.5 1.69965 20956
1104 0001 -37.5 1.70579 21232
1104 0001 -37.5 1.71806 21256
1104 0001 -37.5 1.70579 21531
1104 0001 -37.5 1.70579 21555
1104 0001 -37.5 1.69965 21830
1104 0001 -37.5 1.69965 21853
1104 0001 -37.5 1.69965 22129
1104 0001 -37.5 1.68738 22153
1104 0001 -37.5 1.69965 22429
1104 0001 -37.5 1.70579 22451
1104 0001 -37.5 1.71192 22726
1104 0001 -37.5 1.69351 22750
1104 0001 -37.5 1.68738 23025
1104 0001 -37.5 1.70579 23049
1104 0001 -37.5 1.70579 23323
1104 0001 -37.5 1.73033 23348
1104 0001 -37.5 1.71806 23624
1104 0001 -37.5 1.71192 23649
1104 0001 -37.5 1.70579 23937
1104 0001 -37.5 1.70579 23959
1104 0001 -37.5 1.71192 24236
1104 0001 -37.5 1.71192 24259
1104 0001 -37.5 1.70579 24536
1104 0001 -37.5 1.69351 24559
1104 0001 -37.5 1.73033 24834
1104 0001 -37.5 1.71192 24857
1104 0001 -37.5 1.70579 25133
1104 0001 -37.5 1.72419 25156
1104 0001 -37.5 1.71806 25432
1104 0001 -37.5 1.71192 25456
1104 0001 -37.5 1.69965 25732
1104 0001 -37.5 1.69351 25755
1104 0001 -37.5 1.70579 26031
1104 0001 -37.5 1.70579 26053
1104 0001 -37.5 1.70579 26330
1104 0001 -37.5 1.70579 26353
1104 0001 -37.5 1.69965 26629
1104 0001 -37.5 1.69351 26651
1104 0001 -37.5 1.70579 26928
1104 0001 -37.5 1.69351 26950
1104 0001 -37.5 1.71192 27226
1104 0001 -37.5 1.71806 27249
1104 0001 -37.5 1.69965 27524
1104 0001 -37.5 1.71806 27548
1104 0001 -37.5 1.70579 27824
1104 0001 -37.5 1.69965 27846
1104 0001 -37.5 1.71806 28122
1104 0001 -37.5 1.69351 28144
1104 0001 -37.5 1.69965 28419
1104 0001 -37.5 1.71806 28443
1104 0001 -37.5 1.69351 28718
1104 0001 -37.5 1.71806 28741
1104 0001 -37.5 1.71192 29016
1104 0001 -37.5 1.69965 29039
1104 0001 -37.5 1.69965 29316
1104 0001 -37.5 1.69351 29339
1104 0001 -37.5 1.69965 29614
1104 0001 -37.5 1.69351 29636
1104 0001 -37.5 1.71806 29913
1104 0001 -37.5 1.70579 29937
1104 0001 -37.5 1.70579 30212
1104 0001 -37.5 1.72419 30237
