1104 0001 -41.0 0.39884 0
1104 0001 -40.5 3.53429 19
1104 0001 -40.5 3.52202 294
1104 0001 -40.5 3.52816 316
1104 0001 -40.5 3.52816 586
1104 0001 -40.5 3.54043 608
1104 0001 -40.5 3.53429 883
1104 0001 -40.5 3.53429 901
1104 0001 -40.5 3.53429 1171
1104 0001 -40.5 3.52816 1190
1104 0001 -40.5 3.54043 1465
1104 0001 -40.5 3.53429 1482
1104 0001 -40.5 3.54043 1757
1104 0001 -40.5 3.52816 1780
1104 0001 -40.5 3.53429 2054
1104 0001 -40.5 3.53429 2076
1104 0001 -40.5 3.54656 2347
1104 0001 -40.5 3.54043 2368
1104 0001 -40.5 3.52816 2640
1104 0001 -40.5 3.52816 2661
1104 0001 -40.5 3.54656 2936
1104 0001 -40.5 3.53429 2955
1104 0001 -40.5 3.54043 3225
1104 0001 -40.5 3.53429 3247
1104 0001 -40.5 3.54656 3518
1104 0001 -40.5 3.53429 3536
1104 0001 -40.5 3.54043 3806
1104 0001 -40.5 3.54656 3824
1104 0001 -40.5 3.54043 4097
1104 0001 -40.5 3.54043 4114
1104 0001 -40.5 3.55884 4390
1104 0001 -40.5 3.53429 4407
1104 0001 -40.5 3.56497 4683
1104 0001 -40.5 3.56497 4705
1104 0001 -40.5 3.56497 4980
1104 0001 -40.5 3.55270 4997
1104 0001 -40.5 3.55270 5268
1104 0001 -40.5 3.56497 5290
1104 0001 -40.5 3.55270 5562
1104 0001 -40.5 3.55270 5580
1104 0001 -40.5 3.55270 5856
1104 0001 -40.5 3.55884 5878
1104 0001 -40.5 3.57111 6148
1104 0001 -40.5 3.55884 6170
1104 0001 -40.5 3.56497 6446
1104 0001 -40.5 3.56497 6463
1104 0001 -40.5 3.56497 6739
1104 0001 -40.5 3.55270 6760
1104 0001 -40.5 3.55270 7032
1104 0001 -40.5 3.55270 7049
1104 0001 -40.5 3.57111 7324
1104 0001 -40.5 3.55884 7346
1104 0001 -40.5 3.54656 7621
1104 0001 -40.5 3.57111 7643
1104 0001 -40.5 3.56497 7918
1104 0001 -40.5 3.55884 7935
1104 0001 -40.5 3.55884 8206
1104 0001 -40.5 3.55884 8228
1104 0001 -40.5 3.55270 8502
1104 0001 -40.5 3.55270 8525
1104 0001 -40.5 3.57724 8796
1104 0001 -40.5 3.54656 8817
1104 0001 -40.5 3.55270 9092
1104 0001 -40.5 3.56497 9115
1104 0001 -40.5 3.54656 9390
1104 0001 -40.5 3.55884 9412
1104 0001 -40.5 3.54043 9686
1104 0001 -40.5 3.56497 9708
1104 0001 -40.5 3.57111 9979
1104 0001 -40.5 3.55884 9997
1104 0001 -40.5 3.56497 10272
1104 0001 -40.5 3.55884 10293
1104 0001 -40.5 3.56497 10564
1104 0001 -40.5 3.55270 10582
1104 0001 -40.5 3.55270 10853
1104 0001 -40.5 3.57111 10871
1104 0001 -40.5 3.56497 11142
1104 0001 -40.5 3.55884 11164
1104 0001 -40.5 3.56497 11439
1104 0001 -40.5 3.55884 11461
1104 0001 -40.5 3.57724 11734
1104 0001 -40.5 3.57111 11754
1104 0001 -40.5 3.57724 12025
1104 0001 -40.5 3.56497 12048
1104 0001 -40.5 3.56497 12321
1104 0001 -40.5 3.55884 12340
1104 0001 -40.5 3.55270 12614
1104 0001 -40.5 3.57111 12636
1104 0001 -40.5 3.57111 12911
1104 0001 -40.5 3.56497 12934
1104 0001 -40.5 3.56497 13205
1104 0001 -40.5 3.56497 13227
1104 0001 -40.5 3.56497 13496
1104 0001 -40.5 3.55884 13518
1104 0001 -40.5 3.57724 13789
1104 0001 -40.5 3.57111 13811
1104 0001 -40.5 3.56497 14082
1104 0001 -40.5 3.55884 14101
1104 0001 -40.5 3.55884 14375
1104 0001 -40.5 3.54043 14393
1104 0001 -40.5 3.57724 14668
1104 0001 -40.5 3.57724 14687
1104 0001 -40.5 3.55884 14962
1104 0001 -40.5 3.56497 14983
1104 0001 -40.5 3.56497 15257
1104 0001 -40.5 3.56497 15279
1104 0001 -40.5 3.57724 15551
1104 0001 -40.5 3.55884 15568
1104 0001 -40.5 3.57724 15839
1104 0001 -40.5 3.56497 15861
1104 0001 -40.5 3.56497 16133
1104 0001 -40.5 3.57111 16154
1104 0001 -40.5 3.55884 16425
1104 0001 -40.5 3.57724 16447
1104 0001 -40.5 3.55884 16718
1104 0001 -40.5 3.55884 16739
1104 0001 -40.5 3.55884 17010
1104 0001 -40.5 3.56497 17029
1104 0001 -40.5 3.56497 17303
1104 0001 -40.5 3.56497 17321
1104 0001 -40.5 3.57724 17596
1104 0001 -40.5 3.57111 17614
1104 0001 -40.5 3.56497 17884
1104 0001 -40.5 3.57111 17902
1104 0001 -40.5 3.55884 18173
1104 0001 -40.5 3.54656 18191
1104 0001 -40.5 3.55884 18467
1104 0001 -40.5 3.56497 18484
1104 0001 -40.5 3.57111 18759
1104 0001 -40.5 3.56497 18777
1104 0001 -40.5 3.57111 19051
1104 0001 -40.5 3.55884 19070
1104 0001 -40.5 3.56497 19340
1104 0001 -40.5 3.58338 19358
1104 0001 -40.5 3.57111 19629
1104 0001 -40.5 3.55884 19647
1104 0001 -40.5 3.57111 19922
1104 0001 -40.5 3.57724 19940
1104 0001 -40.5 3.57111 20212
1104 0001 -40.5 3.56497 20233
1104 0001 -40.5 3.55270 20509
1104 0001 -40.5 3.56497 20526
1104 0001 -40.5 3.56497 20797
1104 0001 -40.5 3.55884 20819
1104 0001 -40.5 3.57111 21090
1104 0001 -40.5 3.56497 21108
1104 0001 -40.5 3.56497 21382
1104 0001 -40.5 3.56497 21401
1104 0001 -40.5 3.55270 21671
1104 0001 -40.5 3.57111 21690
1104 0001 -40.5 3.56497 21964
1104 0001 -40.5 3.56497 21982
1104 0001 -40.5 3.57111 22257
1104 0001 -40.5 3.56497 22275
1104 0001 -40.5 3.55884 22547
1104 0001 -40.5 3.56497 22564
1104 0001 -40.5 3.56497 22835
1104 0001 -40.5 3.56497 22856
1104 0001 -40.5 3.56497 23127
1104 0001 -40.5 3.57111 23149
1104 0001 -40.5 3.57724 23424
1104 0001 -40.5 3.56497 23442
1104 0001 -40.5 3.56497 23717
1104 0001 -40.5 3.57724 23739
1104 0001 -40.5 3.57111 24014
1104 0001 -40.5 3.57111 24035
1104 0001 -40.5 3.57111 24306
1104 0001 -40.5 3.55884 24323
1104 0001 -40.5 3.57724 24594
1104 0001 -40.5 3.56497 24617
1104 0001 -40.5 3.56497 24888
1104 0001 -40.5 3.57724 24905
1104 0001 -40.5 3.56497 25176
1104 0001 -40.5 3.55884 25198
1104 0001 -40.5 3.57111 25472
1104 0001 -40.5 3.57111 25491
1104 0001 -41.0 3.58338 25766
1104 0001 -40.5 3.56497 25788
1104 0001 -40.5 3.55884 26063
1104 0001 -40.5 3.57111 26085
1104 0001 -40.5 3.57111 26359
1104 0001 -40.5 3.57111 26377
1104 0001 -40.5 3.56497 26649
1104 0001 -40.5 3.57724 26670
1104 0001 -40.5 3.57111 26942
1104 0001 -40.5 3.57724 26959
1104 0001 -40.5 3.57724 27233
1104 0001 -40.5 3.56497 27256
1104 0001 -40.5 3.55884 27525
1104 0001 -40.5 3.57111 27543
1104 0001 -40.5 3.57111 27818
1104 0001 -40.5 3.56497 27837
1104 0001 -40.5 3.55884 28111
1104 0001 -40.5 3.57111 28133
1104 0001 -40.5 3.56497 28404
1104 0001 -40.5 3.56497 28426
1104 0001 -40.5 3.57111 28701
1104 0001 -40.5 3.57111 28719
1104 0001 -40.5 3.57724 28994
1104 0001 -40.5 3.57724 29011
1104 0001 -40.5 3.56497 29282
1104 0001 -40.5 3.58338 29305
1104 0001 -40.5 3.56497 29574
1104 0001 -40.5 3.57111 29596
1104 0001 -40.5 3.56497 29867
1104 0001 -40.5 3.55884 29886
1104 0001 -40.5 3.55270 30156
1104 0001 -40.5 3.56497 30178
