1104 0001 -41.0 1.01243 0
1104 0001 -40.0 4.16629 19
1104 0001 -40.5 4.15402 291
1104 0001 -40.5 4.16016 312
1104 0001 -40.5 4.17243 587
1104 0001 -40.5 4.16629 606
1104 0001 -40.5 4.16016 876
1104 0001 -40.5 4.15402 899
1104 0001 -40.5 4.16016 1169
1104 0001 -40.5 4.17243 1191
1104 0001 -40.5 4.18470 1467
1104 0001 -40.5 4.16016 1488
1104 0001 -40.5 4.15402 1762
1104 0001 -40.5 4.16629 1785
1104 0001 -40.5 4.16016 2060
1104 0001 -40.5 4.15402 2082
1104 0001 -40.5 4.17243 2356
1104 0001 -40.5 4.17243 2374
1104 0001 -40.5 4.18470 2645
1104 0001 -40.5 4.16016 2668
1104 0001 -40.5 4.16629 2939
1104 0001 -40.5 4.16629 2956
1104 0001 -40.5 4.16629 3227
1104 0001 -40.5 4.16629 3245
1104 0001 -40.5 4.17243 3520
1104 0001 -40.5 4.16629 3539
1104 0001 -40.5 4.17243 3810
1104 0001 -40.5 4.15402 3832
1104 0001 -40.5 4.17243 4103
1104 0001 -40.5 4.16629 4120
1104 0001 -40.5 4.16629 4396
1104 0001 -40.5 4.16629 4417
1104 0001 -40.5 4.16016 4689
1104 0001 -40.5 4.16629 4712
1104 0001 -40.5 4.17856 4982
1104 0001 -40.5 4.16629 5004
1104 0001 -40.5 4.15402 5274
1104 0001 -40.5 4.16629 5296
1104 0001 -40.5 4.16629 5572
1104 0001 -40.5 4.15402 5593
1104 0001 -40.5 4.16629 5867
1104 0001 -40.5 4.16629 5889
1104 0001 -40.5 4.16629 6160
1104 0001 -40.5 4.17243 6182
1104 0001 -40.5 4.16629 6453
1104 0001 -40.5 4.16016 6470
1104 0001 -40.5 4.17856 6741
1104 0001 -40.5 4.16016 6760
1104 0001 -40.5 4.17243 7034
1104 0001 -40.5 4.14788 7055
1104 0001 -40.5 4.15402 7327
1104 0001 -40.5 4.17243 7348
1104 0001 -40.5 4.16629 7623
1104 0001 -40.5 4.17856 7641
1104 0001 -40.5 4.16629 7912
1104 0001 -40.5 4.16629 7934
1104 0001 -40.5 4.17856 8205
1104 0001 -40.5 4.16016 8227
1104 0001 -40.5 4.16629 8502
1104 0001 -40.5 4.16016 8521
1104 0001 -40.5 4.17856 8796
1104 0001 -40.5 4.17243 8817
1104 0001 -40.5 4.16629 9088
1104 0001 -40.5 4.14788 9106
1104 0001 -40.5 4.17856 9377
1104 0001 -40.5 4.16629 9399
1104 0001 -40.5 4.16629 9670
1104 0001 -40.5 4.17243 9692
1104 0001 -40.5 4.17243 9962
1104 0001 -40.5 4.16629 9980
1104 0001 -40.5 4.17243 10256
1104 0001 -40.5 4.16016 10274
1104 0001 -40.5 4.16016 10549
1104 0001 -40.5 4.17243 10571
1104 0001 -40.5 4.16016 10842
1104 0001 -40.5 4.17243 10865
1104 0001 -40.5 4.15402 11140
1104 0001 -40.5 4.17243 11162
1104 0001 -40.5 4.16016 11432
1104 0001 -40.5 4.16629 11451
1104 0001 -40.5 4.17243 11725
1104 0001 -40.5 4.17856 11747
1104 0001 -40.5 4.17243 12022
1104 0001 -40.5 4.16629 12040
1104 0001 -40.5 4.16629 12315
1104 0001 -40.5 4.16629 12337
1104 0001 -40.5 4.16629 12612
1104 0001 -40.5 4.17243 12634
1104 0001 -40.5 4.17243 12908
1104 0001 -40.5 4.18470 12930
1104 0001 -40.5 4.17243 13202
1104 0001 -40.5 4.16629 13219
1104 0001 -40.5 4.16629 13493
1104 0001 -40.5 4.16016 13515
1104 0001 -40.5 4.17856 13786
1104 0001 -40.5 4.17243 13808
1104 0001 -40.5 4.16016 14079
1104 0001 -40.5 4.16629 14097
1104 0001 -40.5 4.17243 14372
1104 0001 -40.5 4.17243 14391
1104 0001 -40.5 4.18470 14661
1104 0001 -40.5 4.16629 14680
1104 0001 -40.5 4.18470 14954
1104 0001 -40.5 4.18470 14972
1104 0001 -40.5 4.18470 15247
1104 0001 -40.5 4.20311 15268
1104 0001 -40.5 4.17243 15540
1104 0001 -40.5 4.16629 15558
1104 0001 -40.5 4.16629 15833
1104 0001 -40.5 4.17243 15851
1104 0001 -40.5 4.16629 16125
1104 0001 -40.5 4.16016 16143
1104 0001 -40.5 4.18470 16413
1104 0001 -40.5 4.17243 16435
1104 0001 -40.5 4.18470 16710
1104 0001 -40.5 4.17856 16728
1104 0001 -40.5 4.16629 16998
1104 0001 -40.5 4.16629 17021
1104 0001 -40.5 4.16629 17291
1104 0001 -40.5 4.17243 17310
1104 0001 -40.5 4.17856 17584
1104 0001 -40.5 4.17856 17606
1104 0001 -40.5 4.18470 17881
1104 0001 -40.5 4.17856 17899
1104 0001 -40.5 4.16629 18173
1104 0001 -40.5 4.16629 18192
1104 0001 -40.5 4.16016 18463
1104 0001 -40.5 4.16016 18483
1104 0001 -40.5 4.16016 18759
1104 0001 -40.5 4.16629 18781
1104 0001 -40.5 4.16629 19051
1104 0001 -40.5 4.17243 19069
1104 0001 -40.5 4.16016 19339
1104 0001 -40.5 4.16016 19359
1104 0001 -40.5 4.16629 19632
1104 0001 -40.5 4.16629 19655
1104 0001 -40.5 4.16629 19929
1104 0001 -40.5 4.16016 19946
1104 0001 -40.5 4.16629 20217
1104 0001 -40.5 4.16629 20235
1104 0001 -40.5 4.16629 20507
1104 0001 -40.5 4.17243 20524
1104 0001 -40.5 4.17856 20795
1104 0001 -40.5 4.18470 20816
1104 0001 -40.5 4.15402 21088
1104 0001 -40.5 4.16629 21110
1104 0001 -40.5 4.16629 21380
1104 0001 -40.5 4.17243 21399
1104 0001 -40.5 4.16629 21670
1104 0001 -40.5 4.19084 21687
1104 0001 -40.5 4.16016 21958
1104 0001 -40.5 4.17856 21976
1104 0001 -40.5 4.17856 22247
1104 0001 -40.5 4.16016 22269
1104 0001 -40.5 4.17243 22539
1104 0001 -40.5 4.17243 22561
1104 0001 -40.5 4.17856 22832
1104 0001 -40.5 4.17856 22855
1104 0001 -40.5 4.16629 23129
1104 0001 -40.5 4.16629 23150
1104 0001 -40.5 4.17856 23425
1104 0001 -40.5 4.16629 23443
1104 0001 -40.5 4.16016 23714
1104 0001 -40.5 4.16629 23736
1104 0001 -40.5 4.17243 24007
1104 0001 -40.5 4.16629 24025
1104 0001 -40.5 4.18470 24300
1104 0001 -40.5 4.17243 24318
1104 0001 -40.5 4.18470 24589
1104 0001 -40.5 4.15402 24607
1104 0001 -40.5 4.17243 24877
1104 0001 -40.5 4.17856 24900
1104 0001 -40.5 4.16629 25174
1104 0001 -40.5 4.17243 25196
1104 0001 -40.5 4.17856 25471
1104 0001 -40.5 4.16016 25493
1104 0001 -40.5 4.16016 25766
1104 0001 -40.5 4.16629 25789
1104 0001 -40.5 4.16629 26064
1104 0001 -40.5 4.18470 26081
1104 0001 -40.5 4.16629 26353
1104 0001 -40.5 4.17856 26375
1104 0001 -40.5 4.16629 26647
1104 0001 -40.5 4.16016 26664
1104 0001 -40.5 4.17856 26936
1104 0001 -40.5 4.17243 26959
1104 0001 -40.5 4.17243 27229
1104 0001 -40.5 4.17856 27252
1104 0001 -40.5 4.16629 27525
1104 0001 -40.5 4.16016 27543
1104 0001 -40.5 4.16629 27818
1104 0001 -40.5 4.17243 27839
1104 0001 -40.5 4.17243 28115
1104 0001 -40.5 4.17856 28137
