1104 0001 -41.5 5.27383 0
1104 0001 -41.0 2.12917 19
1104 0001 -41.0 2.18439 293
1104 0001 -41.0 2.19052 314
1104 0001 -41.5 2.19052 591
1104 0001 -41.0 2.17825 610
1104 0001 -41.5 2.23348 887
1104 0001 -41.5 2.22120 908
1104 0001 -40.5 2.14757 1181
1104 0001 -40.5 2.16598 1203
1104 0001 -40.5 2.14144 1480
1104 0001 -40.5 2.15371 1501
1104 0001 -41.5 2.51573 1777
1104 0001 -42.5 2.46664 1799
1104 0001 -40.0 2.67526 2133
1104 0001 -42.0 2.98206 2151
1104 0001 -40.5 2.20280 2426
1104 0001 -40.5 2.17825 2444
1104 0001 -41.0 2.17825 2718
1104 0001 -41.0 2.17212 2740
1104 0001 -41.5 5.36280 3017
1104 0001 -41.0 2.16598 3041
1104 0001 -41.5 2.20893 3331
1104 0001 -41.5 2.20893 3353
1104 0001 -41.0 2.21507 3628
1104 0001 -41.5 2.21507 3646
1104 0001 -41.0 2.09235 3926
1104 0001 -41.0 2.05553 3947
1104 0001 -45.5 3.13546 4219
1104 0001 -48.0 3.11091 4240
1104 0001 -42.5 2.71208 4565
1104 0001 -42.0 2.77344 4587
1104 0001 -45.0 1.54625 4858
1104 0001 -43.5 1.55852 4876
1104 0001 -40.0 2.35619 5208
1104 0001 -40.0 2.33779 5226
1104 0001 -41.0 2.14144 5495
1104 0001 -41.5 2.21507 5513
1104 0001 -41.0 2.21507 5789
1104 0001 -41.0 2.21507 5807
1104 0001 -41.0 2.16598 6083
1104 0001 -41.0 2.17212 6391
1104 0001 -41.0 2.17212 6412
1104 0001 -41.0 2.18439 6689
1104 0001 -41.0 2.17825 6707
1104 0001 -41.0 2.18439 6980
1104 0001 -41.0 2.19052 6998
1104 0001 -41.0 2.17825 7289
1104 0001 -41.0 2.17825 7311
1104 0001 -42.0 5.34132 7594
1104 0001 -41.0 2.14144 7619
1104 0001 -41.0 2.16598 7901
1104 0001 -41.0 2.17825 7922
1104 0001 -40.5 2.17212 8195
1104 0001 -41.0 2.23348 8217
1104 0001 -41.5 2.19052 8489
1104 0001 -41.5 2.16598 8511
1104 0001 -47.0 3.22136 8783
1104 0001 -45.0 2.65685 8806
1104 0001 -38.0 2.20893 9080
1104 0001 -38.0 2.25188 9099
1104 0001 -39.0 1.93282 9373
1104 0001 -39.5 2.05553 9395
1104 0001 -41.5 5.26462 9672
1104 0001 -40.5 2.07394 9696
1104 0001 -41.5 2.20280 9980
1104 0001 -41.0 2.21507 10001
1104 0001 -41.0 2.18439 10279
1104 0001 -40.5 2.18439 10296
1104 0001 -41.0 2.17212 10577
1104 0001 -41.0 2.15984 10598
1104 0001 -41.0 2.17212 10873
1104 0001 -41.0 2.15984 10893
1104 0001 -40.5 2.11076 11183
1104 0001 -41.0 2.12917 11205
1104 0001 -40.0 2.11076 11483
1104 0001 -40.5 2.16598 11501
1104 0001 -55.5 2.39915 11774
1104 0001 -48.5 3.16000 11796
1104 0001 -38.5 2.22734 12120
1104 0001 -39.0 2.61390 12142
1104 0001 -40.5 2.28256 12417
1104 0001 -40.0 2.28256 12436
1104 0001 -39.5 2.03099 12706
1104 0001 -39.5 2.02485 12727
1104 0001 -41.0 2.16598 12999
1104 0001 -41.0 2.17212 13021
1104 0001 -41.5 2.24575 13297
1104 0001 -41.5 2.24575 13318
1104 0001 -41.5 2.20280 13597
1104 0001 -41.0 2.17825 13618
1104 0001 -42.0 2.30711 13889
1104 0001 -42.0 2.28870 13911
1104 0001 -40.5 1.94509 14182
1104 0001 -40.0 1.90214 14204
1104 0001 -45.0 1.73647 14479
1104 0001 -45.0 1.79169 14502
1104 0001 -46.0 2.48505 14774
1104 0001 -46.5 2.58322 14792
1104 0001 -51.5 2.46051 15067
1104 0001 -52.5 2.34392 15089
1104 0001 -52.5 2.13530 15363
1104 0001 -52.5 2.17212 15380
1104 0001 -52.5 2.35006 15655
1104 0001 -52.5 2.37460 15678
1104 0001 -52.0 2.39301 15949
1104 0001 -52.0 2.36233 15971
1104 0001 -52.0 2.36847 16246
1104 0001 -52.0 2.38687 16267
1104 0001 -52.0 2.38074 16538
1104 0001 -52.0 2.39915 16560
1104 0001 -51.5 2.41755 16835
1104 0001 -51.5 2.41755 16852
1104 0001 -51.5 2.40528 17123
1104 0001 -51.5 2.40528 17141
1104 0001 -51.5 2.38687 17413
1104 0001 -51.5 2.39915 17430
1104 0001 -51.5 2.39301 17701
1104 0001 -51.5 2.39915 17719
1104 0001 -51.5 2.40528 17993
1104 0001 -51.5 2.41142 18015
1104 0001 -51.5 2.40528 18285
1104 0001 -51.5 2.39915 18308
1104 0001 -51.5 2.40528 18584
1104 0001 -51.5 2.39301 18605
1104 0001 -51.5 2.41755 18880
1104 0001 -51.5 2.40528 18898
1104 0001 -51.5 2.41142 19172
1104 0001 -51.5 2.38687 19194
1104 0001 -51.5 2.42369 19469
1104 0001 -51.5 2.44210 19488
1104 0001 -51.5 2.39301 19763
1104 0001 -51.5 2.39301 19785
1104 0001 -51.5 2.40528 20055
1104 0001 -52.0 2.40528 20078
1104 0001 -52.0 2.41755 20353
1104 0001 -52.0 2.41142 20374
1104 0001 -52.0 2.39301 20648
1104 0001 -52.0 2.39301 20670
1104 0001 -52.0 2.39301 20945
1104 0001 -52.0 2.38687 20964
1104 0001 -52.0 2.37460 21238
1104 0001 -52.0 2.39915 21255
1104 0001 -52.0 2.36847 21530
1104 0001 -52.0 2.37460 21552
1104 0001 -52.0 2.36847 21827
1104 0001 -52.5 2.37460 21844
1104 0001 -52.5 2.33779 22119
1104 0001 -52.5 2.35619 22137
1104 0001 -52.5 2.35006 22411
1104 0001 -52.5 2.33165 22434
1104 0001 -52.5 2.28870 22708
1104 0001 -52.5 2.31324 22730
1104 0001 -52.5 2.24575 23005
1104 0001 -53.0 2.23348 23027
1104 0001 -53.0 2.23348 23302
1104 0001 -53.0 2.20280 23324
1104 0001 -53.0 2.18439 23599
1104 0001 -53.0 2.15371 23621
1104 0001 -53.0 2.18439 23896
1104 0001 -53.0 2.18439 23918
1104 0001 -53.0 2.16598 24192
1104 0001 -53.0 2.17212 24215
1104 0001 -53.0 2.17825 24489
1104 0001 -53.5 2.18439 24507
1104 0001 -53.0 2.14757 24783
1104 0001 -53.0 2.17825 24801
1104 0001 -53.0 2.27029 25077
1104 0001 -53.0 2.20893 25098
1104 0001 -53.0 2.20893 25369
1104 0001 -53.0 2.20280 25392
1104 0001 -53.0 2.20280 25666
1104 0001 -53.0 2.22120 25688
1104 0001 -53.0 2.22120 25963
1104 0001 -53.0 2.20280 25984
1104 0001 -53.0 2.21507 26259
1104 0001 -53.0 2.21507 26281
1104 0001 -53.0 2.20280 26552
1104 0001 -53.0 2.22734 26571
1104 0001 -53.0 2.20893 26845
1104 0001 -53.0 2.21507 26863
1104 0001 -53.0 2.20893 27132
1104 0001 -53.0 2.20893 27155
1104 0001 -53.0 2.21507 27429
1104 0001 -53.0 2.22734 27451
1104 0001 -53.0 2.20280 27726
1104 0001 -53.0 2.21507 27748
1104 0001 -53.0 2.19666 28022
1104 0001 -53.0 2.19052 28044
1104 0001 -53.0 2.16598 28319
1104 0001 -53.0 2.22120 28341
1104 0001 -53.0 2.17825 28616
1104 0001 -53.0 2.20280 28638
1104 0001 -53.0 2.17825 28913
1104 0001 -53.0 2.18439 28935
1104 0001 -53.0 2.26416 29210
1104 0001 -52.5 2.36847 29231
1104 0001 -48.0 2.15371 29506
1104 0001 -47.0 2.19666 29527
1104 0001 -46.0 2.16598 29804
1104 0001 -46.0 2.14144 29824
1104 0001 -41.0 2.21507 30103
1104 0001 -40.5 2.14757 30121
1104 0001 -41.0 2.14757 30414
1104 0001 -41.0 2.14757 30432
1104 0001 -41.0 2.14757 30708
1104 0001 -41.0 2.14757 30729
1104 0001 -41.0 2.15984 31006
1104 0001 -41.0 2.15984 31029
1104 0001 -41.0 2.16598 31302
1104 0001 -41.0 2.16598 31323
1104 0001 -41.0 2.16598 31612
1104 0001 -41.0 2.17825 31630
1104 0001 -41.0 2.16598 31905
1104 0001 -41.0 2.16598 31928
1104 0001 -41.0 2.16598 32217
1104 0001 -41.0 2.15984 32234
1104 0001 -41.0 2.16598 32513
1104 0001 -41.0 2.15984 32531
1104 0001 -41.0 2.16598 32817
1104 0001 -41.0 2.16598 32839
