1104 0001 -38.0 4.58353 0
1104 0001 -37.5 1.44808 19
1104 0001 -37.5 1.46035 295
1104 0001 -37.5 1.46649 318
1104 0001 -37.5 1.46035 593
1104 0001 -37.5 1.47262 617
1104 0001 -37.5 1.44194 892
1104 0001 -37.5 1.44808 914
1104 0001 -37.5 1.44808 1190
1104 0001 -37.5 1.47262 1212
1104 0001 -37.5 1.44194 1488
1104 0001 -37.5 1.47262 1511
1104 0001 -37.5 1.46649 1786
1104 0001 -37.5 1.46035 1809
1104 0001 -37.5 1.47262 2085
1104 0001 -37.5 1.45421 2108
1104 0001 -37.5 1.47262 2383
1104 0001 -37.5 1.46649 2406
1104 0001 -37.5 1.46035 2684
1104 0001 -37.5 1.49103 2706
1104 0001 -37.5 1.45421 2982
1104 0001 -37.5 1.46649 3006
1104 0001 -37.5 1.44808 3281
1104 0001 -37.5 1.43581 3303
1104 0001 -37.5 1.46035 3579
1104 0001 -37.5 1.42967 3602
1104 0001 -37.5 1.46649 3877
1104 0001 -37.5 1.44808 3900
1104 0001 -37.5 1.47876 4175
1104 0001 -37.5 1.46035 4199
1104 0001 -37.5 1.47876 4473
1104 0001 -37.5 1.46649 4496
1104 0001 -37.5 1.46035 4771
1104 0001 -37.5 1.49717 4794
1104 0001 -37.5 1.46035 5070
1104 0001 -37.5 1.46035 5092
1104 0001 -37.5 1.45421 5368
1104 0001 -37.5 1.47262 5391
1104 0001 -37.5 1.47262 5666
1104 0001 -37.5 1.47262 5691
1104 0001 -37.5 1.45421 5968
1104 0001 -37.5 1.47876 5990
1104 0001 -37.5 1.47262 6266
1104 0001 -37.5 1.47876 6288
1104 0001 -37.5 1.48489 6564
1104 0001 -37.5 1.48489 6587
1104 0001 -37.5 1.48489 6862
1104 0001 -37.5 1.48489 6885
1104 0001 -37.5 1.47262 7162
1104 0001 -37.5 1.45421 7181
1104 0001 -37.5 1.47876 7451
1104 0001 -37.5 1.48489 7474
1104 0001 -37.5 1.47262 7749
1104 0001 -37.5 1.45421 7772
1104 0001 -37.5 1.46649 8049
1104 0001 -37.5 1.49717 8072
1104 0001 -37.5 1.46035 8348
1104 0001 -37.5 1.46035 8372
1104 0001 -37.5 1.47876 8646
1104 0001 -37.5 1.49103 8666
1104 0001 -37.5 1.46035 8941
1104 0001 -37.5 1.46035 8966
1104 0001 -37.5 1.48489 9242
1104 0001 -37.5 1.45421 9266
1104 0001 -37.5 1.49103 9540
1104 0001 -37.5 1.48489 9563
1104 0001 -37.5 1.42967 9840
1104 0001 -37.5 1.45421 9863
1104 0001 -37.5 1.46035 10158
1104 0001 -37.5 1.47876 10176
1104 0001 -37.5 1.48489 10452
1104 0001 -37.5 1.47876 10475
1104 0001 -37.5 1.47262 10753
1104 0001 -37.5 1.49103 10776
1104 0001 -37.5 1.46649 11053
1104 0001 -37.5 1.47262 11075
1104 0001 -37.5 1.46649 11352
1104 0001 -37.5 1.47876 11373
1104 0001 -37.5 1.47262 11650
1104 0001 -37.5 1.46035 11672
1104 0001 -37.5 1.47876 11949
1104 0001 -37.5 1.48489 11971
1104 0001 -37.5 1.48489 12248
1104 0001 -37.5 1.47262 12271
1104 0001 -38.0 4.62649 12556
1104 0001 -37.5 1.46035 12597
1104 0001 -37.5 1.48489 12874
1104 0001 -37.0 1.48489 12906
1104 0001 -37.5 1.31309 13179
1104 0001 -37.5 1.58920 13202
1104 0001 -37.5 1.47876 13487
1104 0001 -37.5 1.47876 13514
1104 0001 -37.5 1.46649 13803
1104 0001 -37.5 1.46035 13826
1104 0001 -37.5 1.47876 14102
1104 0001 -37.5 1.46649 14125
1104 0001 -37.5 1.47262 14400
1104 0001 -37.5 1.47262 14424
1104 0001 -37.5 1.44808 14714
1104 0001 -37.5 1.47876 14738
1104 0001 -37.5 1.49103 15013
1104 0001 -37.5 1.48489 15036
1104 0001 -37.5 1.47262 15312
1104 0001 -37.5 1.46649 15335
1104 0001 -37.5 1.45421 15611
1104 0001 -37.5 1.48489 15635
1104 0001 -37.5 1.49103 15910
1104 0001 -37.5 1.48489 15933
1104 0001 -37.5 1.49103 16209
1104 0001 -37.5 1.47262 16231
1104 0001 -37.5 1.46649 16508
1104 0001 -37.5 1.46649 16530
1104 0001 -37.5 1.46035 16806
1104 0001 -37.5 1.47262 16829
1104 0001 -37.5 1.47262 17104
1104 0001 -37.5 1.47262 17129
1104 0001 -37.5 1.47876 17400
1104 0001 -37.5 1.48489 17423
1104 0001 -37.5 1.46035 17699
1104 0001 -37.5 1.48489 17722
1104 0001 -37.5 1.47262 17998
1104 0001 -37.5 1.47262 18020
1104 0001 -37.5 1.46649 18291
1104 0001 -37.5 1.48489 18314
1104 0001 -37.5 1.49103 18591
1104 0001 -37.5 1.47876 18614
1104 0001 -37.5 1.48489 18890
1104 0001 -37.5 1.47876 18913
1104 0001 -37.5 1.47262 19189
1104 0001 -37.5 1.48489 19213
1104 0001 -37.5 1.47262 19489
1104 0001 -37.5 1.48489 19512
1104 0001 -37.5 1.46035 19787
1104 0001 -38.0 4.58967 19812
1104 0001 -37.5 1.47876 20093
1104 0001 -37.5 1.46649 20111
1104 0001 -37.5 1.47262 20387
1104 0001 -37.5 1.47262 20411
1104 0001 -37.5 1.46649 20686
1104 0001 -37.5 1.46649 20708
1104 0001 -37.5 1.47262 20984
1104 0001 -37.5 1.47876 21007
1104 0001 -37.5 1.47262 21283
1104 0001 -37.5 1.47876 21301
1104 0001 -37.5 1.47262 21577
1104 0001 -36.0 1.50330 21602
1104 0001 -37.5 1.49103 21878
1104 0001 -37.5 1.46649 21900
1104 0001 -37.5 1.44808 22176
1104 0001 -37.5 1.48489 22199
1104 0001 -37.5 1.47876 22470
1104 0001 -37.5 1.47876 22492
1104 0001 -37.5 1.46035 22768
1104 0001 -37.5 1.47262 22791
1104 0001 -37.5 1.47876 23068
1104 0001 -37.5 1.48489 23091
1104 0001 -37.5 1.49103 23362
1104 0001 -37.5 1.46649 23385
1104 0001 -37.5 1.48489 23655
1104 0001 -37.5 1.46649 23678
1104 0001 -37.5 1.46649 23956
1104 0001 -37.5 1.46649 23973
1104 0001 -37.5 1.49103 24252
1104 0001 -37.5 1.47262 24275
1104 0001 -37.5 1.49103 24553
1104 0001 -37.5 1.47876 24592
1104 0001 -37.5 1.47262 24868
1104 0001 -37.5 1.46649 24890
1104 0001 -37.5 1.47876 25166
1104 0001 -37.5 1.48489 25190
1104 0001 -37.5 1.47876 25465
1104 0001 -37.5 1.46035 25483
1104 0001 -37.5 1.44808 25767
1104 0001 -37.5 1.47262 25789
1104 0001 -37.5 1.48489 26068
1104 0001 -37.5 1.47876 26093
1104 0001 -37.5 1.48489 26368
1104 0001 -37.5 1.49103 26390
1104 0001 -37.0 1.49717 26666
1104 0001 -37.5 1.47262 26690
1104 0001 -37.5 1.47262 26965
1104 0001 -37.5 1.47262 26987
1104 0001 -37.5 1.47876 27263
1104 0001 -37.5 1.45421 27288
1104 0001 -37.5 1.47262 27563
1104 0001 -37.5 1.49103 27595
1104 0001 -37.5 1.46035 27878
1104 0001 -37.5 1.43581 27905
1104 0001 -37.5 1.48489 28179
1104 0001 -37.5 1.47262 28203
1104 0001 -37.5 1.49717 28477
1104 0001 -37.5 1.47262 28516
1104 0001 -37.5 1.47876 28788
