1104 0001 -38.5 1.49103 0
1104 0001 -38.5 1.49103 23
1104 0001 -38.5 1.49103 299
1104 0001 -38.5 1.48489 322
1104 0001 -38.5 1.48489 598
1104 0001 -38.5 1.46649 621
1104 0001 -38.5 1.49717 896
1104 0001 -38.5 1.49717 920
1104 0001 -38.5 1.50944 1195
1104 0001 -38.5 1.47262 1218
1104 0001 -38.5 1.49717 1494
1104 0001 -38.5 1.49717 1515
1104 0001 -38.5 1.49103 1791
1104 0001 -38.5 1.48489 1813
1104 0001 -38.5 1.49103 2089
1104 0001 -38.5 1.49717 2106
1104 0001 -38.5 1.50944 2382
1104 0001 -38.5 1.48489 2405
1104 0001 -38.5 1.49103 2681
1104 0001 -38.5 1.49717 2704
1104 0001 -38.5 1.50944 2979
1104 0001 -38.5 1.50330 3002
1104 0001 -38.5 1.52784 3278
1104 0001 -38.5 1.54012 3301
1104 0001 -38.5 1.53398 3576
1104 0001 -38.5 1.54012 3599
1104 0001 -38.5 1.51557 3874
1104 0001 -38.5 1.52784 3897
1104 0001 -38.5 1.49717 4173
1104 0001 -38.5 1.49717 4196
1104 0001 -38.5 1.47876 4471
1104 0001 -38.5 1.48489 4494
1104 0001 -38.5 1.49717 4769
1104 0001 -38.5 1.50330 4791
1104 0001 -38.5 1.47262 5068
1104 0001 -38.5 1.48489 5090
1104 0001 -38.5 1.49717 5366
1104 0001 -38.5 1.49103 5389
1104 0001 -38.5 1.47876 5664
1104 0001 -38.5 1.50330 5687
1104 0001 -38.5 1.49103 5963
1104 0001 -38.5 1.50330 5986
1104 0001 -38.5 1.49717 6263
1104 0001 -38.5 1.48489 6285
1104 0001 -38.5 1.49103 6561
1104 0001 -38.5 1.50330 6584
1104 0001 -38.5 1.50330 6860
1104 0001 -38.5 1.48489 6884
1104 0001 -38.5 1.47876 7159
1104 0001 -38.5 1.48489 7181
1104 0001 -38.5 1.49103 7457
1104 0001 -38.5 1.50944 7480
1104 0001 -38.5 1.50944 7754
1104 0001 -38.5 1.50330 7777
1104 0001 -38.5 1.50330 8053
1104 0001 -38.5 1.50330 8075
1104 0001 -38.5 1.49717 8351
1104 0001 -38.5 1.50330 8373
1104 0001 -38.5 1.49103 8649
1104 0001 -38.5 1.49717 8671
1104 0001 -38.5 1.50330 8947
1104 0001 -38.5 1.49103 8970
1104 0001 -38.5 1.49717 9246
1104 0001 -38.5 1.50944 9268
1104 0001 -38.5 1.47876 9544
1104 0001 -38.5 1.47262 9566
1104 0001 -38.5 1.49717 9842
1104 0001 -38.5 1.49717 9865
1104 0001 -38.5 1.49717 10141
1104 0001 -38.5 1.52171 10163
1104 0001 -38.5 1.50944 10440
1104 0001 -38.5 1.51557 10462
1104 0001 -38.5 1.51557 10737
1104 0001 -38.5 1.52171 10760
1104 0001 -38.5 1.50330 11037
1104 0001 -38.5 1.50330 11061
1104 0001 -38.5 1.54012 11335
1104 0001 -38.5 1.50944 11358
1104 0001 -38.5 1.50330 11633
1104 0001 -38.5 1.50944 11657
1104 0001 -38.5 1.50944 11932
1104 0001 -38.5 1.51557 11954
1104 0001 -38.5 1.50944 12230
1104 0001 -38.5 1.53398 12253
1104 0001 -38.5 1.51557 12529
1104 0001 -38.5 1.52171 12552
1104 0001 -38.5 1.51557 12828
1104 0001 -38.5 1.52171 12850
1104 0001 -38.5 1.51557 13126
1104 0001 -38.5 1.52784 13150
1104 0001 -38.5 1.52171 13424
1104 0001 -38.5 1.50944 13447
1104 0001 -38.5 1.50944 13723
1104 0001 -38.5 1.49103 13745
1104 0001 -38.5 1.51557 14021
1104 0001 -38.5 1.50944 14044
1104 0001 -38.5 1.51557 14319
1104 0001 -38.5 1.50944 14342
1104 0001 -38.5 1.51557 14618
1104 0001 -38.5 1.51557 14640
1104 0001 -38.5 1.52784 14916
1104 0001 -38.5 1.50330 14939
1104 0001 -38.5 1.49103 15215
1104 0001 -38.5 1.51557 15237
1104 0001 -38.5 1.52171 15513
1104 0001 -38.5 1.49717 15536
1104 0001 -38.5 1.49717 15812
1104 0001 -38.5 1.48489 15835
1104 0001 -38.5 1.50330 16112
1104 0001 -38.5 1.50944 16136
1104 0001 -38.5 1.52171 16411
1104 0001 -38.5 1.50330 16434
1104 0001 -38.5 1.50944 16711
1104 0001 -38.5 1.50330 16733
1104 0001 -38.5 1.50330 17010
1104 0001 -38.5 1.49717 17032
1104 0001 -38.5 1.52784 17307
1104 0001 -38.5 1.49103 17331
1104 0001 -38.5 1.49717 17607
1104 0001 -38.5 1.49717 17630
1104 0001 -38.5 1.50330 17906
1104 0001 -38.5 1.50944 17929
1104 0001 -38.5 1.50944 18205
1104 0001 -38.5 1.50944 18223
1104 0001 -38.5 1.49717 18499
1104 0001 -38.5 1.50330 18522
1104 0001 -38.5 1.52784 18797
1104 0001 -38.5 1.50944 18821
1104 0001 -38.5 1.50330 19097
1104 0001 -38.5 1.49717 19119
1104 0001 -38.5 1.48489 19395
1104 0001 -38.5 1.48489 19417
1104 0001 -38.5 1.49717 19694
1104 0001 -38.5 1.53398 19717
1104 0001 -38.5 1.51557 19993
1104 0001 -38.5 1.50330 20016
1104 0001 -38.5 1.50944 20292
1104 0001 -38.5 1.50330 20316
1104 0001 -38.5 1.49103 20590
1104 0001 -38.5 1.49103 20614
1104 0001 -38.5 1.48489 20889
1104 0001 -38.5 1.52171 20912
1104 0001 -38.5 1.49103 21187
1104 0001 -38.5 1.51557 21211
1104 0001 -38.5 1.49717 21487
1104 0001 -38.5 1.48489 21510
1104 0001 -38.5 1.48489 21786
1104 0001 -38.5 1.50330 21810
1104 0001 -38.5 1.50944 22085
1104 0001 -38.5 1.51557 22108
1104 0001 -38.5 1.49717 22384
1104 0001 -38.5 1.50330 22407
1104 0001 -38.5 1.51557 22683
1104 0001 -38.5 1.49717 22706
1104 0001 -38.5 1.50330 22981
1104 0001 -38.5 1.50944 23005
1104 0001 -38.5 1.50330 23280
1104 0001 -38.5 1.50944 23303
1104 0001 -38.5 1.47876 23579
1104 0001 -38.5 1.50330 23602
1104 0001 -38.5 1.49717 23877
1104 0001 -38.5 1.49717 23901
1104 0001 -38.5 1.50330 24176
1104 0001 -38.5 1.50944 24200
1104 0001 -38.5 1.50330 24474
1104 0001 -38.5 1.50944 24497
1104 0001 -38.5 1.49717 24772
1104 0001 -38.5 1.51557 24796
1104 0001 -38.5 1.49103 25072
1104 0001 -38.5 1.49103 25094
1104 0001 -38.5 1.50330 25370
1104 0001 -38.5 1.50330 25393
1104 0001 -38.5 1.50944 25669
1104 0001 -38.5 1.49717 25692
1104 0001 -38.5 1.50944 25967
1104 0001 -38.5 1.50330 25991
1104 0001 -38.5 1.49717 26266
1104 0001 -38.5 1.50330 26289
1104 0001 -38.5 1.52171 26565
1104 0001 -38.5 1.52171 26588
1104 0001 -38.5 1.52784 26863
1104 0001 -38.5 1.50330 26886
1104 0001 -38.5 1.51557 27162
1104 0001 -38.5 1.52171 27185
1104 0001 -38.5 1.50944 27462
1104 0001 -38.5 1.52784 27485
1104 0001 -38.5 1.50330 27761
1104 0001 -38.5 1.50944 27784
1104 0001 -38.5 1.52171 28060
1104 0001 -38.5 1.51557 28083
1104 0001 -38.5 1.52171 28359
1104 0001 -38.5 1.50944 28382
1104 0001 -38.5 1.49103 28657
1104 0001 -38.5 1.50944 28680
