1107 0005 -56.0 0.00614 0
1107 0005 -54.0 0.98788 538
1107 0005 -54.0 0.73631 549
1107 0005 -52.0 1.18423 809
1107 0005 -52.0 0.45406 820
1107 0005 -51.5 1.55239 1079
1107 0005 -52.5 1.85918 1090
1107 0005 -51.0 1.56466 1350
1107 0005 -50.5 1.80396 1362
1107 0005 -49.5 1.76715 1622
1107 0005 -49.5 2.09849 1639
1107 0005 -48.5 2.00645 1899
1107 0005 -49.0 1.85918 1911
1107 0005 -48.0 2.06167 2175
1107 0005 -48.0 2.29484 2187
1107 0005 -48.0 2.42983 2447
1107 0005 -48.0 2.58322 2458
1107 0005 -47.5 2.63231 2718
1107 0005 -46.5 2.63845 2728
1107 0005 -46.5 2.88388 2988
1107 0005 -46.0 2.92070 2997
1107 0005 -46.5 3.04955 3258
1107 0005 -46.5 3.23363 3269
1107 0005 -45.5 3.21522 3529
1107 0005 -45.0 3.19068 3539
1107 0005 -44.5 3.42385 3800
1107 0005 -45.0 3.42385 3810
1107 0005 -44.0 3.62019 4071
1107 0005 -44.0 3.77973 4080
1107 0005 -43.5 3.83495 4348
1107 0005 -43.0 3.74291 4357
1107 0005 -43.0 3.73678 4617
1107 0005 -43.5 3.93926 4627
1107 0005 -42.5 3.84109 4888
1107 0005 -42.5 3.97608 4898
1107 0005 -42.0 3.92085 5157
1107 0005 -42.0 3.93313 5167
1107 0005 -42.0 3.98835 5428
1107 0005 -41.5 4.00676 5438
1107 0005 -41.5 4.23379 5697
1107 0005 -41.5 3.89631 5708
1107 0005 -41.5 4.19084 5967
1107 0005 -41.0 4.02517 5978
1107 0005 -41.0 4.03744 6244
1107 0005 -41.0 4.03744 6254
1107 0005 -41.5 3.98835 6514
1107 0005 -41.5 3.98835 6525
1107 0005 -41.5 3.94540 6785
1107 0005 -41.5 3.93313 6796
1107 0005 -42.5 3.97608 7058
1107 0005 -42.0 3.85950 7068
1107 0005 -42.5 3.86563 7329
1107 0005 -43.0 3.74291 7340
1107 0005 -43.0 3.73678 7599
1107 0005 -43.0 3.70610 7610
1107 0005 -43.5 3.71837 7868
1107 0005 -43.5 3.68769 7880
1107 0005 -44.0 3.35021 8145
1107 0005 -44.0 3.62019 8155
1107 0005 -44.5 3.43612 8416
1107 0005 -44.5 3.48520 8426
1107 0005 -46.0 3.21522 8686
1107 0005 -45.5 3.19068 8697
1107 0005 -46.5 2.98819 8958
1107 0005 -45.5 3.03728 8970
1107 0005 -46.5 2.90843 9230
1107 0005 -47.0 2.83480 9241
1107 0005 -47.0 2.49118 9501
1107 0005 -47.0 2.55254 9511
1107 0005 -47.5 2.17212 9771
1107 0005 -47.5 2.38074 9784
1107 0005 -48.5 2.14144 10043
1107 0005 -49.0 2.14757 10054
1107 0005 -49.5 1.71806 10314
1107 0005 -48.0 1.90827 10325
1107 0005 -50.5 1.87759 10585
1107 0005 -50.5 1.45421 10595
1107 0005 -50.5 1.41740 10857
1107 0005 -49.5 1.03697 10868
1107 0005 -50.0 0.66882 11128
1107 0005 -50.0 0.84062 11139
1107 0005 -51.0 0.81608 11399
1107 0005 -50.5 0.66268 11409
1107 0005 -50.5 0.52155 11669
1107 0005 -50.0 0.11658 11945
1107 0005 -52.0 0.42951 11960
1107 0005 -52.5 5.66346 12487
1107 0005 -53.5 5.81072 12498
1107 0005 -52.0 5.34439 12764
1107 0005 -53.0 5.47324 12773
