1107 0005 -55.0 6.25251 0
1107 0005 -54.0 0.26384 10
1107 0005 -52.5 1.04311 271
1107 0005 -53.0 1.15969 281
1107 0005 -53.5 1.38672 542
1107 0005 -52.5 1.46649 552
1107 0005 -49.5 1.61375 818
1107 0005 -51.0 1.68124 830
1107 0005 -51.0 1.84691 1090
1107 0005 -50.0 2.07394 1099
1107 0005 -48.5 2.20893 1369
1107 0005 -48.0 1.90827 1379
1107 0005 -47.0 2.17212 1640
1107 0005 -48.5 2.28256 1651
1107 0005 -49.0 2.50346 1910
1107 0005 -47.5 2.73049 2177
1107 0005 -47.5 2.62004 2188
1107 0005 -46.5 3.24590 2449
1107 0005 -47.0 2.88388 2458
1107 0005 -45.5 3.11091 2719
1107 0005 -46.5 2.88388 2730
1107 0005 -45.0 3.26431 2990
1107 0005 -46.0 3.38703 3001
1107 0005 -45.0 3.55884 3267
1107 0005 -45.0 3.50975 3278
1107 0005 -44.0 3.61406 3539
1107 0005 -44.5 3.64474 3550
1107 0005 -44.0 3.88404 3810
1107 0005 -43.5 3.78586 3822
1107 0005 -43.0 3.92085 4080
1107 0005 -43.5 3.79814 4093
1107 0005 -42.5 4.03130 4353
1107 0005 -42.5 4.06198 4364
1107 0005 -42.0 4.06198 4623
1107 0005 -42.0 4.03130 4633
1107 0005 -41.5 4.10493 4894
1107 0005 -42.0 4.05585 4905
1107 0005 -41.0 4.12948 5165
1107 0005 -41.0 4.16629 5175
1107 0005 -41.0 4.24606 5435
1107 0005 -41.0 4.22765 5445
1107 0005 -40.5 4.18470 5706
1107 0005 -40.5 4.20924 5715
1107 0005 -41.0 4.13561 5976
1107 0005 -41.0 4.20311 5986
1107 0005 -41.0 4.16016 6245
1107 0005 -41.0 4.12948 6257
1107 0005 -41.0 4.11720 6516
1107 0005 -41.0 4.09266 6527
1107 0005 -41.5 4.06198 6787
1107 0005 -41.5 4.07425 6796
1107 0005 -42.5 4.01289 7065
1107 0005 -42.0 4.11720 7075
1107 0005 -43.0 3.96381 7336
1107 0005 -43.0 3.95767 7347
1107 0005 -43.5 3.54656 7607
1107 0005 -43.5 3.91472 7617
1107 0005 -44.0 3.78586 7877
1107 0005 -44.0 3.67542 7886
1107 0005 -44.5 3.77359 8147
1107 0005 -44.5 3.63247 8157
1107 0005 -45.0 3.49748 8417
1107 0005 -45.0 3.57724 8427
1107 0005 -46.5 3.34408 8687
1107 0005 -46.0 3.20295 8699
1107 0005 -47.5 3.08637 8965
1107 0005 -47.0 2.98206 8975
1107 0005 -47.0 2.66913 9235
1107 0005 -48.0 2.75503 9246
1107 0005 -48.0 2.58936 9505
1107 0005 -49.0 2.57709 9517
1107 0005 -48.5 2.39915 9776
1107 0005 -49.0 2.31938 9785
1107 0005 -49.5 2.17825 10046
1107 0005 -48.5 1.88373 10056
1107 0005 -49.5 1.79783 10315
1107 0005 -48.0 1.94509 10327
1107 0005 -49.5 1.60761 10586
1107 0005 -50.0 1.61375 10596
1107 0005 -50.0 1.36217 10865
1107 0005 -50.5 1.43581 10875
1107 0005 -49.5 0.94493 11134
1107 0005 -50.0 1.11060 11144
1107 0005 -51.5 0.90812 11403
1107 0005 -50.5 1.00629 11414
1107 0005 -51.0 0.72404 11674
1107 0005 -51.5 0.82221 11684
1107 0005 -49.5 0.35588 11946
1107 0005 -51.5 0.26384 11959
1107 0005 -52.5 6.22796 12224
1107 0005 -52.0 6.12979 12236
1107 0005 -53.0 5.75550 12500
1107 0005 -53.0 5.36280 12770
1107 0005 -54.0 5.24621 12792
1107 0005 -54.5 4.85965 13052
1107 0005 -55.5 4.81056 13069
1107 0005 -55.5 3.99449 13343
1107 0005 -55.0 4.46082 13353
