1107 0005 -53.5 5.87208 0
1107 0005 -56.0 6.22183 13
1107 0005 -54.5 0.13499 293
1107 0005 -54.0 6.01934 302
1107 0005 -53.5 0.77926 563
1107 0005 -50.5 0.49701 573
1107 0005 -53.0 0.99402 833
1107 0005 -53.5 0.77313 843
1107 0005 -52.0 0.81608 1104
1107 0005 -51.5 1.02470 1116
1107 0005 -50.5 1.07992 1377
1107 0005 -51.0 1.23946 1387
1107 0005 -50.5 1.55239 1647
1107 0005 -51.0 1.22105 1660
1107 0005 -50.0 1.68738 1919
1107 0005 -49.0 1.75487 1931
1107 0005 -48.5 1.94509 2197
1107 0005 -49.0 1.98190 2206
1107 0005 -48.5 2.19052 2467
1107 0005 -48.5 2.18439 2478
1107 0005 -49.0 2.44823 2739
1107 0005 -48.0 2.53414 2749
1107 0005 -45.5 2.66913 3009
1107 0005 -46.5 2.79185 3020
1107 0005 -46.0 2.92684 3282
1107 0005 -46.5 2.77344 3292
1107 0005 -46.5 3.12932 3553
1107 0005 -46.5 3.17227 3564
1107 0005 -45.0 3.26431 3825
1107 0005 -45.0 3.31953 3835
1107 0005 -44.5 3.43612 4094
1107 0005 -44.5 3.44225 4105
1107 0005 -44.0 3.50975 4367
1107 0005 -44.0 3.56497 4376
1107 0005 -43.0 3.50361 4637
1107 0005 -42.5 3.68155 4646
1107 0005 -43.5 3.69383 4907
1107 0005 -43.0 3.82268 4919
1107 0005 -42.5 3.74291 5180
1107 0005 -43.0 3.77359 5189
1107 0005 -42.0 3.85336 5450
1107 0005 -42.5 3.71837 5460
1107 0005 -42.0 3.79814 5721
1107 0005 -42.0 3.77359 5730
1107 0005 -42.0 3.68155 5996
1107 0005 -42.0 3.74905 6007
1107 0005 -41.5 3.74905 6268
1107 0005 -42.0 3.77973 6280
1107 0005 -41.5 3.73064 6541
1107 0005 -41.5 3.85950 6552
1107 0005 -42.0 3.73678 6815
1107 0005 -41.5 3.75518 6825
1107 0005 -42.0 3.89018 7085
1107 0005 -41.5 3.63860 7096
1107 0005 -42.5 3.79814 7356
1107 0005 -42.0 3.67542 7366
1107 0005 -42.5 3.79200 7627
1107 0005 -42.5 3.54043 7636
1107 0005 -43.0 3.57724 7897
1107 0005 -43.0 3.86563 7907
1107 0005 -43.5 3.49134 8168
1107 0005 -43.5 3.46680 8179
1107 0005 -43.5 3.54656 8440
1107 0005 -44.0 3.38089 8449
1107 0005 -45.0 3.19682 8710
1107 0005 -45.0 3.13546 8721
1107 0005 -45.0 3.04342 8981
1107 0005 -45.5 3.23977 8993
1107 0005 -46.0 2.82866 9253
1107 0005 -45.0 2.88388 9264
1107 0005 -46.0 2.69367 9523
1107 0005 -46.5 2.73662 9535
1107 0005 -46.5 2.42983 9797
1107 0005 -47.5 2.70594 9807
1107 0005 -47.0 2.25188 10067
1107 0005 -47.0 2.10462 10079
1107 0005 -47.0 1.98804 10338
1107 0005 -48.5 2.00645 10348
1107 0005 -48.0 1.66284 10608
1107 0005 -48.0 1.63829 10618
1107 0005 -49.0 1.38058 10877
1107 0005 -48.0 1.33150 10888
1107 0005 -49.0 1.15355 11149
1107 0005 -50.0 1.42967 11159
1107 0005 -49.5 0.87744 11421
1107 0005 -50.5 1.14128 11431
1107 0005 -50.0 0.52155 11697
1107 0005 -49.5 0.23317 11709
1107 0005 -50.0 0.32520 11971
1107 0005 -51.0 0.34975 11983
1107 0005 -52.0 0.26384 12245
1107 0005 -51.5 6.22796 12254
1107 0005 -51.0 0.30680 12519
1107 0005 -50.0 6.25251 12531
1107 0005 -52.5 4.76761 13615
1107 0005 -52.5 4.89033 13635
1107 0005 -54.0 4.65103 13909
1107 0005 -51.5 4.65717 13930
1107 0005 -52.5 4.50377 14191
1107 0005 -55.0 3.58952 14729
1107 0005 -54.0 3.99449 14743
1107 0005 -54.0 3.66928 15003
1107 0005 -56.0 4.08652 15024
