1107 0005 -55.5 0.73017 0
1107 0005 -54.0 0.38043 10
1107 0005 -54.0 1.07992 265
1107 0005 -53.5 1.18423 276
1107 0005 -51.5 1.17810 531
1107 0005 -52.0 1.43581 542
1107 0005 -51.0 1.63216 799
1107 0005 -51.0 1.60148 809
1107 0005 -50.0 1.96963 1064
1107 0005 -49.0 1.88986 1073
1107 0005 -48.5 2.08008 1331
1107 0005 -49.0 1.90214 1342
1107 0005 -48.0 2.20280 1600
1107 0005 -48.0 2.14757 1610
1107 0005 -46.5 2.36847 1867
1107 0005 -48.0 2.33165 1876
1107 0005 -46.5 2.54641 2131
1107 0005 -47.0 2.59550 2142
1107 0005 -46.0 2.73662 2398
1107 0005 -46.5 2.72435 2408
1107 0005 -45.5 3.00660 2664
1107 0005 -46.0 2.93911 2674
1107 0005 -45.5 3.06796 2929
1107 0005 -46.0 3.13546 2939
1107 0005 -44.5 3.28885 3195
1107 0005 -45.0 3.28885 3206
1107 0005 -43.5 3.41157 3461
1107 0005 -44.0 3.52202 3471
1107 0005 -43.0 3.55884 3728
1107 0005 -43.5 3.56497 3739
1107 0005 -43.0 3.66315 3995
1107 0005 -43.0 3.63860 4005
1107 0005 -42.0 3.69996 4261
1107 0005 -42.5 3.75518 4272
1107 0005 -42.0 3.76132 4528
1107 0005 -42.0 3.81041 4540
1107 0005 -41.5 3.95153 4794
1107 0005 -41.5 3.84109 4807
1107 0005 -41.5 3.90245 5062
1107 0005 -41.0 3.93313 5072
1107 0005 -41.0 3.95153 5329
1107 0005 -41.0 3.91472 5339
1107 0005 -41.0 3.90245 5603
1107 0005 -41.0 3.96381 5614
1107 0005 -41.0 4.00062 5870
1107 0005 -40.5 3.95767 5880
1107 0005 -41.0 3.95153 6137
1107 0005 -41.0 3.92699 6147
1107 0005 -41.0 3.83495 6403
1107 0005 -41.0 3.86563 6414
1107 0005 -41.5 3.78586 6671
1107 0005 -41.0 3.81041 6681
1107 0005 -41.5 3.74905 6938
1107 0005 -41.5 3.73678 6948
1107 0005 -42.0 3.63860 7203
1107 0005 -42.0 3.64474 7214
1107 0005 -42.5 3.52202 7470
1107 0005 -42.5 3.69383 7481
1107 0005 -43.0 3.47293 7736
1107 0005 -43.0 3.46680 7746
1107 0005 -43.5 3.39930 8004
1107 0005 -44.0 3.28272 8015
1107 0005 -44.5 3.22750 8271
1107 0005 -45.0 3.11091 8281
1107 0005 -45.5 2.94524 8537
1107 0005 -46.0 2.96365 8547
1107 0005 -46.0 2.78571 8803
1107 0005 -46.0 2.79185 8813
1107 0005 -46.5 2.55254 9069
1107 0005 -46.0 2.59550 9079
1107 0005 -47.0 2.27029 9335
1107 0005 -46.5 2.36847 9345
1107 0005 -48.0 2.21507 9602
1107 0005 -47.5 2.23961 9611
1107 0005 -48.0 2.00645 9867
1107 0005 -48.0 2.04326 9877
1107 0005 -48.0 1.73033 10134
1107 0005 -48.0 1.88986 10144
1107 0005 -49.0 1.54012 10402
1107 0005 -48.5 1.55852 10411
1107 0005 -49.5 1.30695 10667
1107 0005 -49.5 1.33763 10677
1107 0005 -48.5 1.14128 10934
1107 0005 -49.5 0.82835 10944
1107 0005 -50.0 0.99402 11199
1107 0005 -50.0 0.96948 11212
1107 0005 -51.5 0.55223 11467
1107 0005 -51.0 0.66882 11478
1107 0005 -52.0 0.24544 11734
1107 0005 -51.5 0.50315 11744
1107 0005 -52.5 0.01841 12009
1107 0005 -52.5 5.65119 12265
1107 0005 -54.0 5.49165 12536
1107 0005 -52.5 5.36893 12558
1107 0005 -55.5 5.08668 12815
