1107 0005 -57.5 5.05600 0
1107 0005 -54.5 5.97025 792
1107 0005 -55.0 6.04388 801
1107 0005 -54.0 6.23410 1064
1107 0005 -53.5 0.21476 1074
1107 0005 -53.0 0.49701 1335
1107 0005 -54.5 0.52769 1346
1107 0005 -54.0 0.98788 1611
1107 0005 -51.0 0.89584 1621
1107 0005 -52.0 1.12901 1882
1107 0005 -52.5 1.06151 1895
1107 0005 -52.5 1.13515 2157
1107 0005 -51.5 1.16583 2166
1107 0005 -50.5 1.49103 2429
1107 0005 -51.0 1.51557 2440
1107 0005 -50.5 1.66897 2700
1107 0005 -51.0 1.66897 2711
1107 0005 -48.0 2.03713 2972
1107 0005 -50.0 2.32551 3241
1107 0005 -49.0 2.09849 3252
1107 0005 -48.0 2.51573 3512
1107 0005 -48.0 2.52800 3523
1107 0005 -47.5 2.91456 3783
1107 0005 -47.5 2.68753 3794
1107 0005 -47.0 3.07410 4053
1107 0005 -47.0 3.05569 4064
1107 0005 -46.0 3.22750 4324
1107 0005 -46.5 3.30726 4335
1107 0005 -45.0 3.42385 4597
1107 0005 -45.5 3.45452 4607
1107 0005 -44.5 3.62019 4867
1107 0005 -45.0 3.54656 4877
1107 0005 -44.5 3.74905 5138
1107 0005 -44.0 3.80427 5149
1107 0005 -43.5 3.78586 5410
1107 0005 -44.0 3.81041 5421
1107 0005 -43.5 3.81654 5682
1107 0005 -43.5 3.99449 5691
1107 0005 -42.5 4.00676 5953
1107 0005 -43.0 4.08039 5963
1107 0005 -42.5 3.98835 6223
1107 0005 -42.0 3.97608 6233
1107 0005 -41.5 4.07425 6494
1107 0005 -41.5 4.13561 6504
1107 0005 -41.5 4.08039 6765
1107 0005 -41.0 3.97608 6776
1107 0005 -41.0 4.13561 7039
1107 0005 -41.0 4.04971 7048
1107 0005 -41.0 4.04971 7308
1107 0005 -41.0 4.05585 7319
1107 0005 -41.0 4.03130 7580
1107 0005 -41.0 4.04971 7590
1107 0005 -40.5 4.04971 7851
1107 0005 -41.0 4.01289 7862
1107 0005 -41.0 4.03744 8123
1107 0005 -41.5 4.11107 8132
1107 0005 -41.5 3.97608 8399
1107 0005 -42.0 3.96994 8410
1107 0005 -42.0 3.95153 8670
1107 0005 -42.0 3.91472 8681
1107 0005 -42.5 3.92699 8943
1107 0005 -42.5 3.84109 8953
1107 0005 -43.0 3.80427 9213
1107 0005 -43.0 3.77359 9223
1107 0005 -44.0 3.65087 9485
1107 0005 -43.5 3.76746 9496
1107 0005 -44.0 3.58952 9757
1107 0005 -44.0 3.58952 9768
1107 0005 -44.5 3.40544 10029
1107 0005 -44.5 3.46066 10038
1107 0005 -45.5 3.28272 10299
1107 0005 -45.0 3.29499 10310
1107 0005 -46.0 3.15386 10570
1107 0005 -47.0 3.14159 10581
1107 0005 -47.0 2.89616 10842
1107 0005 -46.5 3.03728 10852
1107 0005 -47.5 2.65685 11112
1107 0005 -48.0 2.57095 11123
1107 0005 -48.0 2.42983 11383
1107 0005 -48.0 2.45437 11394
1107 0005 -48.0 2.10462 11656
1107 0005 -48.5 2.14144 11666
1107 0005 -48.5 1.99418 11926
1107 0005 -48.5 1.95122 11936
1107 0005 -49.5 1.61375 12197
1107 0005 -50.0 1.63829 12207
1107 0005 -49.5 1.33763 12467
1107 0005 -50.0 1.38058 12479
1107 0005 -50.0 0.92652 12740
1107 0005 -49.5 1.04311 12751
1107 0005 -51.0 0.88971 13011
1107 0005 -50.5 0.65041 13022
1107 0005 -50.5 0.35588 13283
1107 0005 -51.5 0.34361 13292
1107 0005 -50.5 6.14819 13554
1107 0005 -51.5 0.34361 13563
1107 0005 -52.0 0.14726 13825
1107 0005 -51.5 5.82913 14097
1107 0005 -52.5 5.71868 14371
1107 0005 -52.0 5.63278 14381
1107 0005 -52.5 5.39348 14643
1107 0005 -53.0 5.19713 14652
1107 0005 -52.5 4.92715 14921
1107 0005 -53.5 4.71852 15204
1107 0005 -53.5 4.23992 15739
1107 0005 -52.5 3.89631 16012
1107 0005 -54.5 3.64474 16023
