1107 0005 -53.0 0.16567 0
1107 0005 -55.5 0.11658 9
1107 0005 -52.5 0.60132 270
1107 0005 -53.0 0.57678 281
1107 0005 -52.5 0.76699 540
1107 0005 -54.0 0.97561 552
1107 0005 -53.0 1.33150 816
1107 0005 -52.5 0.93880 826
1107 0005 -50.0 1.36831 1087
1107 0005 -51.5 1.52171 1097
1107 0005 -50.0 1.28854 1358
1107 0005 -50.5 1.60148 1367
1107 0005 -48.5 2.05553 1630
1107 0005 -49.5 2.06167 1641
1107 0005 -49.0 2.22120 1901
1107 0005 -50.0 2.33779 1913
1107 0005 -48.0 2.68140 2172
1107 0005 -48.5 2.62618 2182
1107 0005 -48.0 2.82252 2444
1107 0005 -48.5 2.84093 2453
1107 0005 -48.5 3.16000 2713
1107 0005 -46.5 3.09251 2724
1107 0005 -46.0 3.34408 2984
1107 0005 -46.5 3.31340 2995
1107 0005 -46.0 3.42998 3256
1107 0005 -46.5 3.66315 3267
1107 0005 -45.0 3.62019 3528
1107 0005 -45.0 3.75518 3538
1107 0005 -45.0 3.95767 3800
1107 0005 -45.0 3.96994 3810
1107 0005 -44.0 3.96381 4076
1107 0005 -44.0 3.95153 4087
1107 0005 -43.5 4.04971 4345
1107 0005 -43.5 4.03744 4357
1107 0005 -43.0 4.20924 4616
1107 0005 -42.5 4.17243 4626
1107 0005 -42.5 4.22765 4887
1107 0005 -42.0 4.22152 4897
1107 0005 -41.5 4.25219 5157
1107 0005 -41.5 4.27060 5167
1107 0005 -41.0 4.28901 5427
1107 0005 -41.0 4.30128 5437
1107 0005 -40.5 4.30128 5697
1107 0005 -40.5 4.25219 5707
1107 0005 -40.5 4.34423 5974
1107 0005 -40.0 4.36264 5985
1107 0005 -40.5 4.31355 6245
1107 0005 -40.5 4.29515 6255
1107 0005 -40.5 4.24606 6516
1107 0005 -40.5 4.28287 6525
1107 0005 -40.5 4.25219 6788
1107 0005 -40.5 4.25219 6797
1107 0005 -41.0 4.26447 7057
1107 0005 -41.0 4.20311 7068
1107 0005 -41.5 4.12334 7328
1107 0005 -41.5 4.17243 7339
1107 0005 -42.0 4.14788 7598
1107 0005 -42.0 4.10493 7608
1107 0005 -42.5 4.06198 7875
1107 0005 -42.5 4.04357 7886
1107 0005 -43.5 4.08039 8146
1107 0005 -43.0 3.99449 8157
1107 0005 -44.0 3.96994 8417
1107 0005 -44.0 3.93926 8427
1107 0005 -44.5 3.79814 8689
1107 0005 -44.5 3.80427 8698
1107 0005 -45.0 3.73678 8958
1107 0005 -45.5 3.57111 8969
1107 0005 -46.0 3.49748 9229
1107 0005 -45.5 3.49748 9239
1107 0005 -46.5 3.36249 9499
1107 0005 -46.5 3.41771 9510
1107 0005 -47.5 3.08637 9776
1107 0005 -47.5 3.06796 9787
1107 0005 -48.0 2.86548 10047
1107 0005 -48.0 2.92684 10057
1107 0005 -49.0 2.63231 10318
1107 0005 -49.0 2.58936 10328
1107 0005 -49.5 2.30711 10588
1107 0005 -50.0 2.43596 10598
1107 0005 -49.0 2.00031 10858
1107 0005 -49.5 2.03713 10869
1107 0005 -50.0 1.72419 11129
1107 0005 -50.0 1.76101 11140
1107 0005 -50.5 1.40513 11402
1107 0005 -50.5 1.50330 11411
1107 0005 -51.0 1.11674 11672
1107 0005 -50.5 1.07992 11682
1107 0005 -51.5 0.59518 11941
1107 0005 -50.5 0.80994 11951
1107 0005 -51.5 0.75472 12211
1107 0005 -51.5 0.50928 12222
1107 0005 -52.0 0.29452 12483
1107 0005 -51.5 0.47247 12493
1107 0005 -50.5 6.17887 12754
1107 0005 -52.0 6.20955 12764
1107 0005 -51.5 5.97025 13025
1107 0005 -52.0 0.03068 13036
1107 0005 -53.0 5.63278 13296
1107 0005 -52.5 5.66346 13305
1107 0005 -53.0 5.29530 13843
1107 0005 -52.5 4.95169 13853
