1107 0005 -55.0 0.89584 0
1107 0005 -55.0 0.96334 12
1107 0005 -54.0 1.03697 268
1107 0005 -53.5 1.25786 277
1107 0005 -52.5 1.71806 533
1107 0005 -52.5 1.63216 543
1107 0005 -51.0 1.92668 801
1107 0005 -52.0 1.98804 811
1107 0005 -50.5 2.20893 1067
1107 0005 -50.5 2.26416 1079
1107 0005 -49.5 2.38074 1334
1107 0005 -50.0 2.35006 1344
1107 0005 -48.0 2.50959 1600
1107 0005 -48.5 2.54641 1610
1107 0005 -47.5 2.69367 1866
1107 0005 -47.5 2.76730 1876
1107 0005 -46.5 3.00047 2133
1107 0005 -47.0 2.96979 2144
1107 0005 -47.0 3.13546 2400
1107 0005 -47.0 3.11705 2411
1107 0005 -46.0 3.25818 2667
1107 0005 -45.5 3.33181 2676
1107 0005 -45.0 3.54043 2933
1107 0005 -45.0 3.53429 2942
1107 0005 -44.5 3.81654 3198
1107 0005 -44.0 3.69383 3209
1107 0005 -43.5 3.74291 3465
1107 0005 -44.0 3.80427 3475
1107 0005 -43.0 4.02517 3731
1107 0005 -43.0 3.95767 3741
1107 0005 -42.5 3.97608 3998
1107 0005 -42.5 4.19084 4008
1107 0005 -41.5 4.06198 4264
1107 0005 -42.0 4.16629 4274
1107 0005 -41.5 4.19697 4530
1107 0005 -41.0 4.19084 4541
1107 0005 -40.5 4.13561 4796
1107 0005 -40.5 4.19697 4806
1107 0005 -40.5 4.21538 5062
1107 0005 -40.5 4.22152 5073
1107 0005 -40.0 4.23379 5328
1107 0005 -40.0 4.22152 5338
1107 0005 -40.0 4.30128 5595
1107 0005 -40.0 4.30128 5605
1107 0005 -40.0 4.28287 5860
1107 0005 -40.0 4.25833 5870
1107 0005 -40.0 4.21538 6127
1107 0005 -40.0 4.34423 6138
1107 0005 -40.5 4.28287 6393
1107 0005 -40.5 4.22765 6405
1107 0005 -40.5 4.14788 6661
1107 0005 -40.5 4.14788 6671
1107 0005 -41.0 4.12948 6927
1107 0005 -41.0 4.17243 6938
1107 0005 -41.5 4.03130 7194
1107 0005 -42.0 4.10493 7204
1107 0005 -42.5 4.03130 7462
1107 0005 -42.5 3.99449 7472
1107 0005 -43.0 3.81654 7730
1107 0005 -43.5 3.93313 7739
1107 0005 -44.0 3.80427 7996
1107 0005 -43.5 3.74291 8006
1107 0005 -44.0 3.66315 8263
1107 0005 -44.0 3.61406 8273
1107 0005 -45.0 3.44225 8528
1107 0005 -44.5 3.47907 8538
1107 0005 -46.0 3.25204 8795
1107 0005 -46.0 3.25204 8804
1107 0005 -46.5 3.04955 9061
1107 0005 -46.0 3.12318 9072
1107 0005 -47.0 2.83480 9328
1107 0005 -47.0 2.89002 9338
1107 0005 -47.5 2.70594 9594
1107 0005 -47.0 2.65685 9605
1107 0005 -48.0 2.39915 9860
1107 0005 -48.0 2.52800 9871
1107 0005 -47.5 2.30711 10126
1107 0005 -48.5 2.27643 10137
1107 0005 -48.5 2.04326 10393
1107 0005 -47.5 2.03099 10404
1107 0005 -48.5 1.88986 10658
1107 0005 -49.0 1.88986 10669
1107 0005 -49.5 1.62602 10924
1107 0005 -50.0 1.43581 10934
1107 0005 -50.0 1.29468 11190
1107 0005 -50.5 1.36217 11201
1107 0005 -51.0 1.03084 11457
1107 0005 -51.5 1.10447 11467
1107 0005 -51.5 0.84676 11724
1107 0005 -52.0 0.61973 11734
1107 0005 -52.5 0.31293 11989
1107 0005 -53.0 0.47247 12001
1107 0005 -52.5 5.95798 12256
1107 0005 -54.0 0.21476 12266
1107 0005 -54.5 5.85367 12522
1107 0005 -56.0 5.75550 12532
