1107 0005 -55.0 0.86517 0
1107 0005 -54.5 0.88971 10
1107 0005 -53.0 1.27014 267
1107 0005 -53.5 1.25173 277
1107 0005 -52.5 1.55852 534
1107 0005 -51.0 1.87759 797
1107 0005 -52.0 1.86532 807
1107 0005 -50.5 2.13530 1064
1107 0005 -50.5 2.06781 1073
1107 0005 -50.0 2.29484 1330
1107 0005 -50.0 2.34392 1341
1107 0005 -49.0 2.41142 1595
1107 0005 -48.5 2.39915 1605
1107 0005 -47.5 2.59550 1862
1107 0005 -47.0 2.60163 1871
1107 0005 -47.0 2.85934 2128
1107 0005 -47.0 2.85320 2139
1107 0005 -46.5 3.00047 2395
1107 0005 -46.5 3.01887 2406
1107 0005 -46.0 3.19682 2662
1107 0005 -46.5 3.19068 2671
1107 0005 -45.0 3.44225 2927
1107 0005 -45.5 3.35021 2938
1107 0005 -44.5 3.60792 3194
1107 0005 -45.0 3.69996 3204
1107 0005 -43.5 3.77359 3459
1107 0005 -44.0 3.69996 3470
1107 0005 -43.5 3.99449 3726
1107 0005 -43.5 3.92699 3736
1107 0005 -43.0 4.04971 3991
1107 0005 -43.0 4.00676 4001
1107 0005 -42.0 4.14788 4256
1107 0005 -42.0 4.06812 4267
1107 0005 -41.5 4.26447 4523
1107 0005 -41.5 4.16629 4533
1107 0005 -41.0 4.27674 4789
1107 0005 -41.0 4.19697 4799
1107 0005 -40.5 4.23992 5055
1107 0005 -40.5 4.23992 5065
1107 0005 -40.5 4.26447 5321
1107 0005 -40.0 4.27060 5333
1107 0005 -40.0 4.31355 5589
1107 0005 -40.0 4.24606 5599
1107 0005 -40.0 4.28901 5856
1107 0005 -40.0 4.25219 5866
1107 0005 -40.0 4.26447 6122
1107 0005 -40.0 4.21538 6133
1107 0005 -40.0 4.17856 6389
1107 0005 -40.0 4.19697 6399
1107 0005 -40.5 4.19084 6655
1107 0005 -40.5 4.19697 6665
1107 0005 -40.5 4.12948 6921
1107 0005 -41.0 4.11107 6931
1107 0005 -41.5 4.08652 7187
1107 0005 -41.0 4.12948 7198
1107 0005 -42.0 4.01903 7453
1107 0005 -42.0 4.10493 7463
1107 0005 -42.5 3.95153 7719
1107 0005 -42.5 3.92085 7729
1107 0005 -43.0 3.82882 7984
1107 0005 -43.5 3.97608 7995
1107 0005 -44.0 3.66315 8252
1107 0005 -43.5 3.71223 8261
1107 0005 -44.5 3.55270 8517
1107 0005 -44.0 3.54043 8528
1107 0005 -45.0 3.43612 8784
1107 0005 -45.0 3.37476 8794
1107 0005 -46.5 3.19682 9052
1107 0005 -46.5 3.20295 9061
1107 0005 -47.0 3.03728 9316
1107 0005 -47.0 2.96979 9327
1107 0005 -47.0 2.78571 9583
1107 0005 -47.0 2.82252 9593
1107 0005 -47.0 2.63231 9848
1107 0005 -47.0 2.58936 9859
1107 0005 -48.5 2.38074 10116
1107 0005 -48.0 2.33779 10127
1107 0005 -48.5 2.21507 10383
1107 0005 -49.0 2.16598 10394
1107 0005 -48.5 1.99418 10649
1107 0005 -49.0 1.97577 10660
1107 0005 -50.0 1.66284 10916
1107 0005 -49.5 1.74874 10926
1107 0005 -50.0 1.49103 11183
1107 0005 -50.0 1.60148 11193
1107 0005 -50.5 1.32536 11449
1107 0005 -50.0 1.32536 11459
1107 0005 -51.0 1.11674 11715
1107 0005 -51.0 1.00629 11726
1107 0005 -51.5 0.66882 11981
1107 0005 -52.0 0.79153 11992
1107 0005 -53.0 0.50315 12249
1107 0005 -53.0 0.69950 12259
1107 0005 -55.0 6.25864 12514
1107 0005 -54.0 0.00000 12525
1107 0005 -54.5 5.80458 12786
1107 0005 -55.0 5.80458 12799
