1107 0005 -54.5 2.29484 0
1107 0005 -54.5 2.28870 10
1107 0005 -52.5 2.49118 266
1107 0005 -52.5 2.45437 277
1107 0005 -51.5 2.65685 533
1107 0005 -51.5 2.64458 542
1107 0005 -50.5 2.85320 799
1107 0005 -50.5 2.86548 809
1107 0005 -49.5 2.84707 1066
1107 0005 -48.5 3.16614 1077
1107 0005 -49.5 3.25818 1333
1107 0005 -49.5 3.23977 1343
1107 0005 -48.5 3.35635 1600
1107 0005 -48.5 3.39317 1609
1107 0005 -47.0 3.49134 1865
1107 0005 -47.5 3.48520 1876
1107 0005 -46.5 3.60179 2133
1107 0005 -46.5 3.63860 2142
1107 0005 -45.0 3.60792 2398
1107 0005 -46.0 3.73678 2408
1107 0005 -45.0 3.79200 2664
1107 0005 -45.0 3.79200 2674
1107 0005 -44.0 3.86563 2931
1107 0005 -44.0 3.92085 2942
1107 0005 -43.5 3.92699 3197
1107 0005 -43.5 3.92699 3208
1107 0005 -43.0 3.91472 3465
1107 0005 -42.5 3.92699 3476
1107 0005 -42.5 3.99449 3731
1107 0005 -42.0 3.98221 3742
1107 0005 -42.0 4.00062 3998
1107 0005 -42.0 3.98835 4009
1107 0005 -41.0 3.93926 4264
1107 0005 -41.5 3.95153 4274
1107 0005 -41.0 3.96381 4529
1107 0005 -41.0 3.96381 4541
1107 0005 -41.0 3.90245 4797
1107 0005 -41.0 3.93926 4807
1107 0005 -41.0 3.93313 5063
1107 0005 -41.0 3.90245 5074
1107 0005 -41.0 3.93926 5330
1107 0005 -41.5 3.93313 5342
1107 0005 -41.5 3.91472 5597
1107 0005 -41.5 3.87790 5607
1107 0005 -42.0 3.82268 5863
1107 0005 -42.0 3.85336 5874
1107 0005 -42.5 3.84109 6129
1107 0005 -42.5 3.77359 6140
1107 0005 -43.0 3.82882 6397
1107 0005 -43.5 3.78586 6407
1107 0005 -44.0 3.76132 6662
1107 0005 -45.0 3.85336 6674
1107 0005 -45.0 3.76132 6929
1107 0005 -45.0 3.77359 6939
1107 0005 -46.0 3.73064 7196
1107 0005 -46.0 3.72451 7206
1107 0005 -47.0 3.68769 7460
1107 0005 -47.0 3.63247 7470
1107 0005 -47.5 3.61406 7727
1107 0005 -48.0 3.59565 7737
1107 0005 -49.0 3.52202 7992
1107 0005 -49.0 3.48520 8002
1107 0005 -49.5 3.36862 8259
1107 0005 -49.5 3.36249 8270
1107 0005 -51.0 3.26431 8526
1107 0005 -51.0 3.27658 8537
1107 0005 -52.0 3.11091 8794
1107 0005 -52.0 3.13546 8803
1107 0005 -52.5 2.97592 9060
1107 0005 -52.5 2.95138 9070
1107 0005 -53.0 2.67526 9326
1107 0005 -52.5 2.67526 9337
1107 0005 -53.5 2.46664 9592
1107 0005 -54.0 2.47278 9603
1107 0005 -54.0 2.03713 9858
1107 0005 -54.0 2.12303 9868
