1107 0005 -54.5 2.26416 0
1107 0005 -54.5 2.27029 9
1107 0005 -53.0 2.47891 265
1107 0005 -51.5 2.77957 279
1107 0005 -51.5 2.60777 534
1107 0005 -51.5 2.60777 545
1107 0005 -51.0 2.84093 801
1107 0005 -50.5 2.77344 812
1107 0005 -50.0 3.01887 1068
1107 0005 -50.5 2.98819 1079
1107 0005 -49.5 3.17227 1335
1107 0005 -50.0 3.18454 1345
1107 0005 -48.0 3.14159 1601
1107 0005 -48.5 3.34408 1612
1107 0005 -47.5 3.46066 1866
1107 0005 -48.0 3.46066 1877
1107 0005 -46.5 3.57724 2132
1107 0005 -47.0 3.57724 2143
1107 0005 -46.0 3.65701 2399
1107 0005 -46.0 3.69383 2410
1107 0005 -45.0 3.73678 2666
1107 0005 -45.0 3.76746 2676
1107 0005 -44.5 3.84109 2932
1107 0005 -44.5 3.84722 2942
1107 0005 -43.0 3.82268 3199
1107 0005 -44.0 3.88404 3210
1107 0005 -43.0 3.93926 3466
1107 0005 -43.0 3.91472 3476
1107 0005 -42.5 3.95767 3732
1107 0005 -42.0 3.98221 3743
1107 0005 -42.0 3.96994 3999
1107 0005 -41.5 3.95767 4009
1107 0005 -41.5 4.00676 4266
1107 0005 -41.5 3.98221 4275
1107 0005 -41.0 3.90858 4531
1107 0005 -41.0 3.98221 4541
1107 0005 -41.0 3.97608 4798
1107 0005 -41.0 3.93926 4808
1107 0005 -41.0 3.95153 5063
1107 0005 -41.0 3.95153 5074
1107 0005 -41.0 3.93926 5330
1107 0005 -41.0 3.90858 5340
1107 0005 -41.5 3.90245 5596
1107 0005 -41.5 3.84722 5606
1107 0005 -42.0 3.84109 5862
1107 0005 -41.5 3.86563 5873
1107 0005 -42.5 3.82882 6129
1107 0005 -42.0 3.87790 6140
1107 0005 -43.0 3.81654 6396
1107 0005 -43.0 3.79200 6406
1107 0005 -44.0 3.73678 6662
1107 0005 -44.0 3.73064 6673
1107 0005 -45.0 3.74291 6929
1107 0005 -45.0 3.79200 6939
1107 0005 -46.0 3.71223 7195
1107 0005 -45.5 3.69996 7206
1107 0005 -46.5 3.66315 7461
1107 0005 -46.5 3.68155 7471
1107 0005 -47.5 3.57724 7726
1107 0005 -47.5 3.58952 7737
1107 0005 -48.5 3.49134 7993
1107 0005 -48.5 3.50975 8004
1107 0005 -49.5 3.39930 8260
1107 0005 -49.5 3.41157 8269
1107 0005 -51.5 3.34408 8525
1107 0005 -50.5 3.15386 8535
1107 0005 -52.0 3.15386 8792
1107 0005 -52.0 3.15386 8801
1107 0005 -52.5 3.03115 9056
1107 0005 -52.5 2.99433 9066
1107 0005 -53.0 2.72435 9324
1107 0005 -52.5 2.77344 9334
1107 0005 -53.0 2.53414 9589
1107 0005 -53.5 2.49118 9598
1107 0005 -53.5 2.14144 9854
1107 0005 -53.5 2.16598 9865
1107 0005 -54.5 1.90827 10120
1107 0005 -54.5 1.88986 10131
