1107 0005 -54.0 4.31969 0
1107 0005 -54.0 4.36264 10
1107 0005 -52.5 4.52218 266
1107 0005 -53.0 4.55285 276
1107 0005 -52.0 4.70012 532
1107 0005 -51.5 4.67557 541
1107 0005 -50.5 4.81056 797
1107 0005 -50.0 4.83511 807
1107 0005 -49.0 5.01919 1064
1107 0005 -49.0 4.98237 1074
1107 0005 -48.0 5.20940 1330
1107 0005 -48.0 5.21553 1340
1107 0005 -47.5 5.33825 1598
1107 0005 -47.0 5.47938 1607
1107 0005 -47.0 5.48552 1865
1107 0005 -47.0 5.49165 1876
1107 0005 -46.0 5.62664 2132
1107 0005 -46.5 5.57755 2145
1107 0005 -45.0 5.62051 2401
1107 0005 -45.5 5.60210 2411
1107 0005 -44.5 5.62664 2668
1107 0005 -44.5 5.56528 2677
1107 0005 -44.0 5.51006 2933
1107 0005 -44.0 5.51619 2944
1107 0005 -43.0 5.37507 3200
1107 0005 -42.5 5.36280 3209
1107 0005 -41.5 5.24621 3465
1107 0005 -41.0 5.26462 3475
1107 0005 -40.0 5.11736 3731
1107 0005 -40.0 5.08668 3743
1107 0005 -40.0 4.97010 3997
1107 0005 -40.0 4.95169 4008
1107 0005 -39.5 4.84124 4264
1107 0005 -39.5 4.83511 4274
1107 0005 -39.5 4.73693 4529
1107 0005 -39.5 4.72466 4540
1107 0005 -39.5 4.66330 4795
1107 0005 -39.5 4.68171 4806
1107 0005 -40.0 4.60808 5062
1107 0005 -40.0 4.60194 5072
1107 0005 -41.0 4.59581 5328
1107 0005 -41.5 4.55899 5339
1107 0005 -43.0 4.55285 5594
1107 0005 -43.0 4.60808 5606
1107 0005 -45.5 4.68171 5861
1107 0005 -45.5 4.70625 5872
1107 0005 -47.5 4.86579 6128
1107 0005 -47.5 4.87192 6137
1107 0005 -49.0 5.16645 6394
1107 0005 -49.5 5.19713 6404
1107 0005 -51.5 5.52847 6660
1107 0005 -51.5 5.47938 6671
1107 0005 -52.5 5.81072 6927
1107 0005 -52.0 5.76777 6936
1107 0005 -54.5 5.78004 7193
1107 0005 -51.5 6.07456 7203
1107 0005 -53.0 5.96412 7459
1107 0005 -53.0 6.00093 7470
1107 0005 -52.5 5.87208 7725
1107 0005 -52.5 5.93344 7735
1107 0005 -53.5 5.79845 7992
1107 0005 -53.0 5.79231 8002
1107 0005 -54.5 5.49165 8257
1107 0005 -54.0 5.47938 8268
