1107 0005 -54.5 2.30097 0
1107 0005 -54.5 2.22734 10
1107 0005 -52.5 2.44210 266
1107 0005 -53.0 2.46664 276
1107 0005 -51.5 2.62618 532
1107 0005 -51.5 2.67526 542
1107 0005 -51.0 2.83480 798
1107 0005 -50.5 2.85320 810
1107 0005 -49.5 3.25204 1064
1107 0005 -48.5 2.82866 1074
1107 0005 -49.0 3.25204 1330
1107 0005 -49.5 3.23363 1341
1107 0005 -48.5 3.31953 1597
1107 0005 -48.5 3.34408 1607
1107 0005 -47.5 3.49134 1864
1107 0005 -47.5 3.50361 1873
1107 0005 -46.5 3.62019 2130
1107 0005 -46.5 3.58952 2142
1107 0005 -45.5 3.71837 2397
1107 0005 -46.0 3.57111 2407
1107 0005 -45.0 3.75518 2663
1107 0005 -45.0 3.76746 2673
1107 0005 -44.5 3.83495 2930
1107 0005 -44.5 3.88404 2940
1107 0005 -44.0 3.93313 3197
1107 0005 -43.5 3.92085 3207
1107 0005 -43.0 3.93313 3462
1107 0005 -43.0 3.94540 3472
1107 0005 -42.5 3.97608 3729
1107 0005 -42.5 3.95153 3739
1107 0005 -42.0 3.93926 3995
1107 0005 -42.0 3.95153 4005
1107 0005 -41.0 3.95153 4260
1107 0005 -41.0 3.95153 4270
1107 0005 -41.0 3.93313 4527
1107 0005 -41.0 3.98221 4537
1107 0005 -41.0 3.90858 4793
1107 0005 -41.0 3.93926 4803
1107 0005 -41.0 3.92085 5059
1107 0005 -41.0 3.89631 5069
1107 0005 -41.0 3.89631 5324
1107 0005 -41.0 3.90858 5335
1107 0005 -41.5 3.84722 5591
1107 0005 -41.5 3.92085 5600
1107 0005 -42.0 3.84109 5856
1107 0005 -42.0 3.82882 5867
1107 0005 -42.5 3.83495 6122
1107 0005 -42.5 3.85336 6133
1107 0005 -43.5 3.77973 6389
1107 0005 -43.0 3.82268 6400
1107 0005 -43.5 3.72451 6655
1107 0005 -44.0 3.77359 6666
1107 0005 -45.0 3.72451 6921
1107 0005 -45.0 3.74905 6930
1107 0005 -46.0 3.67542 7186
1107 0005 -46.0 3.68769 7197
1107 0005 -46.5 3.64474 7454
1107 0005 -46.5 3.69383 7464
1107 0005 -47.5 3.63247 7721
1107 0005 -48.0 3.59565 7731
1107 0005 -49.0 3.50361 7987
1107 0005 -49.0 3.47293 7997
1107 0005 -49.5 3.41157 8254
1107 0005 -49.5 3.36249 8264
1107 0005 -50.5 3.25204 8520
1107 0005 -51.0 3.30726 8530
1107 0005 -51.0 3.04955 8786
1107 0005 -51.5 3.49748 8797
1107 0005 -52.5 2.93911 9052
1107 0005 -53.0 2.93911 9062
1107 0005 -53.0 2.73662 9319
1107 0005 -52.5 2.74276 9330
1107 0005 -53.5 2.50346 9586
1107 0005 -54.0 2.46051 9596
1107 0005 -54.0 2.08621 9852
1107 0005 -54.0 2.08621 9863
