1031_1.txt 1509453029722 1509453047098 17376
1031_2.txt 1509453117978 1509453138041 20063
1031_3.txt 1509453311037 1509453328288 17251
1031_4.txt 1509453380766 1509453396173 15407
1031_5.txt 1509453757533 1509453776518 18985
1031_6.txt 1509453849364 1509453865693 16329
1031_7.txt 1509453916821 1509453936666 19845
1031_8.txt 1509453976061 1509453994874 18813
1031_9.txt 1509454045815 1509454066207 20392
1031_10.txt 1509454197108 1509454217359 20251
1031_11.txt 1509454671559 1509454691967 20408
1031_11.txt 1509454740093 1509454760344 20251
1031_12.txt 1509454800185 1509454821186 21001
1031_13.txt 1509454859754 1509454879224 19470
1031_14.txt 1509454922597 1509454942067 19470
1031_15.txt 1509455021000 1509455038579 17579
1031_16.txt 1509456546521 1509456567959 21438
1031_17.txt 1509456955557 1509456976152 20595
1031_18.txt 1509457037268 1509457058503 21235
1031_19.txt 1509457124634 1509457144885 20251
1031_20.txt 1509457221859 1509457242454 20595
1031_21.txt 1509457324996 1509457346200 21204
1031_22.txt 1509457941513 1509457964655 23142
1031_23.txt 1509458033487 1509458055613 22126
1031_24.txt 1509458103701 1509458125781 22080
1031_25.txt 1509458213607 1509458236795 23188
1031_26.txt 1509458338526 1509458359965 21439
1031_27.txt 1509458410417 1509458431949 21532
1104_1.txt 1509796611605 1509796639215 27610
1104_2.txt 1509796680350 1509796711727 31377
1104_3.txt 1509796748508 1509796777041 28533
1104_4.txt 1509796813930 1509796841822 27892
1104_5.txt 1509797414755 1509797442553 27798
1104_6.txt 1509797490710 1509797518836 28126
1104_7.txt 1509797600788 1509797629353 28565
1104_8.txt 1509797678744 1509797708730 29986
1104_9.txt 1509798765283 1509798793269 27986
1104_10.txt 1509798878332 1509798908333 30001
1104_11.txt 1509798959803 1509798988492 28689
1104_12.txt 1509799028484 1509799056970 28486
1104_13.txt 1509799355833 1509799394569 38736
1104_14.txt 1509799414541 1509799447371 32830
1107_1.txt 1510047418446 1510047435447 17001
1107_2.txt 1510047524326 1510047540046 15720
1107_3.txt 1510047607905 1510047624141 16236
