1107 0005 -60.5 5.57755 0 920.625
1107 0005 -60.0 5.59596 11 920.625
1107 0005 -60.0 5.68800 53 920.625
1107 0005 -60.5 5.68186 63 920.625
1107 0005 -60.0 5.71254 106 920.625
1107 0005 -59.5 5.63891 115 920.625
1107 0005 -59.0 5.63891 158 920.625
1107 0005 -59.0 5.70027 168 920.625
1107 0005 -59.5 5.74322 210 920.625
1107 0005 -59.0 5.78004 221 920.625
1107 0005 -58.0 5.83526 263 920.625
1107 0005 -58.0 5.78004 273 920.625
1107 0005 -58.5 5.95185 315 920.625
1107 0005 -58.0 5.85981 325 920.625
1107 0005 -58.0 6.00707 368 920.625
1107 0005 -58.0 5.90889 378 920.625
1107 0005 -57.5 6.00093 419 920.625
1107 0005 -57.5 5.95798 429 920.625
1107 0005 -58.0 6.04388 472 920.625
1107 0005 -57.5 6.08684 481 920.625
1107 0005 -57.5 6.05002 523 920.625
1107 0005 -57.5 6.10524 534 920.625
1107 0005 -57.5 6.09297 576 920.625
1107 0005 -57.5 6.10524 586 920.625
1107 0005 -57.0 6.16047 628 920.625
1107 0005 -57.0 6.14206 638 920.625
1107 0005 -57.0 6.23410 680 920.625
1107 0005 -57.0 6.23410 690 920.625
1107 0005 -56.5 6.27091 732 920.625
1107 0005 -56.5 6.25864 742 920.625
1107 0005 -57.0 0.01841 783 920.625
1107 0005 -56.5 0.02454 794 920.625
1107 0005 -56.5 0.05522 836 920.625
1107 0005 -56.5 0.11045 846 920.625
1107 0005 -56.5 0.11658 889 920.625
1107 0005 -56.5 0.10431 899 920.625
1107 0005 -56.0 0.14726 940 920.625
1107 0005 -56.0 0.16567 950 920.625
1107 0005 -55.5 0.22703 993 920.625
1107 0005 -55.5 0.17181 1003 920.625
1107 0005 -56.0 0.27612 1045 920.625
1107 0005 -56.0 0.30066 1055 920.625
1107 0005 -55.5 0.34975 1097 920.625
1107 0005 -56.0 0.40497 1107 920.625
1107 0005 -55.5 0.46019 1149 920.625
1107 0005 -55.5 0.41111 1159 920.625
1107 0005 -55.5 0.44792 1201 920.625
1107 0005 -55.5 0.35588 1211 920.625
1107 0005 -55.5 0.46019 1253 920.625
1107 0005 -55.5 0.50315 1264 920.625
1107 0005 -55.5 0.52155 1305 920.625
1107 0005 -55.0 0.52769 1316 920.625
1107 0005 -55.5 0.55223 1357 920.625
1107 0005 -55.5 0.61359 1367 920.625
1107 0005 -55.5 0.61359 1410 920.625
1107 0005 -55.5 0.66882 1420 920.625
1107 0005 -56.0 0.78540 1462 920.625
1107 0005 -55.5 0.69336 1472 920.625
1107 0005 -55.5 0.76699 1514 920.625
1107 0005 -55.5 0.80994 1524 920.625
1107 0005 -55.5 0.79767 1566 920.625
1107 0005 -55.5 0.82221 1576 920.625
1107 0005 -55.5 0.87744 1618 920.625
1107 0005 -55.0 0.91425 1628 920.625
1107 0005 -55.0 0.97561 1671 920.625
1107 0005 -55.5 0.96334 1680 920.625
1107 0005 -55.5 1.00629 1722 920.625
1107 0005 -55.5 1.00629 1733 920.625
1107 0005 -55.5 1.03697 1774 920.625
1107 0005 -55.0 1.13515 1785 920.625
1107 0005 -55.5 1.11674 1826 920.625
1107 0005 -55.5 1.15355 1837 920.625
1107 0005 -55.0 1.17810 1879 920.625
1107 0005 -55.0 1.22105 1889 920.625
1107 0005 -55.5 1.25173 1930 920.625
1107 0005 -55.5 1.25173 1942 920.625
1107 0005 -55.5 1.30695 1984 920.625
1107 0005 -55.5 1.34377 1994 920.625
1107 0005 -55.5 1.39899 2035 920.625
1107 0005 -55.5 1.38058 2046 920.625
1107 0005 -55.5 1.38058 2088 920.625
1107 0005 -56.0 1.44194 2098 920.625
1107 0005 -56.5 1.52171 2139 920.625
1107 0005 -56.0 1.53398 2150 920.625
1107 0005 -56.0 1.55239 2191 920.625
1107 0005 -56.0 1.55239 2202 920.625
1107 0005 -56.0 1.63216 2244 920.625
1107 0005 -56.0 1.63829 2255 920.625
1107 0005 -56.5 1.71806 2295 920.625
1107 0005 -55.5 1.70579 2306 920.625
1107 0005 -56.5 1.77328 2349 920.625
1107 0005 -56.5 1.82851 2359 920.625
1107 0005 -56.5 1.89600 2401 920.625
1107 0005 -56.5 1.86532 2411 920.625
1107 0005 -56.5 1.96350 2453 920.625
1107 0005 -56.5 1.93895 2463 920.625
1107 0005 -56.5 2.01872 2505 920.625
1107 0005 -56.5 2.04326 2515 920.625
1107 0005 -57.0 2.11689 2557 920.625
1107 0005 -57.0 2.11076 2567 920.625
1107 0005 -57.0 2.14757 2610 920.625
1107 0005 -57.5 2.12917 2620 920.625
1107 0005 -57.0 2.21507 2660 920.625
1107 0005 -57.5 2.24575 2672 920.625
1107 0005 -58.0 2.33165 2714 920.625
1107 0005 -58.0 2.32551 2723 920.625
1107 0005 -57.5 2.39915 2765 920.625
1107 0005 -57.5 2.47278 2776 920.625
1107 0005 -57.5 2.50959 2818 920.625
1107 0005 -58.0 2.52800 2828 920.625
1107 0005 -58.0 2.57095 2869 920.625
1107 0005 -57.5 2.61390 2879 920.625
1107 0005 -58.0 2.68753 2922 920.625
1107 0005 -58.0 2.65685 2932 920.625
1107 0005 -58.0 2.79798 2974 920.625
1107 0005 -58.5 2.82252 2983 920.625
1107 0005 -58.0 2.89002 3026 920.625
1107 0005 -58.0 3.00047 3035 920.625
1107 0005 -58.5 2.98206 3078 920.625
1107 0005 -58.5 3.00047 3087 920.625
1107 0005 -59.5 3.08637 3129 920.625
1107 0005 -59.0 3.02501 3140 920.625
1107 0005 -59.0 3.17841 3182 920.625
1107 0005 -59.0 3.22750 3192 920.625
1107 0005 -59.0 3.35021 3234 920.625
1107 0005 -58.5 3.30113 3245 920.625
1107 0005 -59.0 3.39930 3286 920.625
1107 0005 -60.0 3.47907 3297 920.625
1107 0005 -58.5 3.54656 3338 920.625
1107 0005 -60.0 3.54656 3348 920.625
1107 0005 -59.0 3.61406 3390 920.625
1107 0005 -59.5 3.87177 3400 920.625
1107 0005 -60.0 3.72451 3442 920.625
1107 0005 -59.5 3.90858 3453 920.625
1107 0005 -60.0 3.93926 3495 920.625
1107 0005 -59.5 4.12334 3505 920.625
1107 0005 -60.0 4.06812 3548 920.625
1107 0005 -59.5 4.07425 3557 920.625
1107 0005 -59.0 4.39946 3599 920.625
1107 0005 -59.0 4.35651 3609 920.625
1107 0005 -59.5 4.47922 3651 920.625
1107 0005 -60.0 4.45468 3708 920.625
1107 0005 -60.0 4.53445 3718 920.625
1107 0005 -59.5 4.89033 3760 920.625
1107 0005 -60.0 4.77988 3770 920.625
1107 0005 -60.0 5.04373 3813 920.625
1107 0005 -59.0 4.92101 3823 920.625
1107 0005 -59.0 5.08054 3864 920.625
1107 0005 -59.0 5.09282 3874 920.625
1107 0005 -59.5 5.12963 3917 920.625
1107 0005 -59.0 5.21553 3928 920.625
1107 0005 -59.0 5.44256 3969 920.625
1107 0005 -58.5 5.44870 3979 920.625
1107 0005 -59.0 5.52233 4021 920.625
1107 0005 -58.0 5.60823 4032 920.625
1107 0005 -58.0 5.70641 4074 920.625
1107 0005 -58.0 5.70027 4085 920.625
1107 0005 -57.5 5.85367 4126 920.625
1107 0005 -57.5 5.85981 4136 920.625
1107 0005 -57.5 5.94571 4178 920.625
1107 0005 -57.0 6.04388 4188 920.625
1107 0005 -57.5 6.15433 4229 920.625
1107 0005 -57.0 6.09911 4240 920.625
1107 0005 -57.0 0.01227 4282 920.625
1107 0005 -56.5 0.00614 4292 920.625
1107 0005 -56.5 0.04909 4335 920.625
1107 0005 -56.5 0.09817 4346 920.625
1107 0005 -55.5 0.13499 4387 920.625
1107 0005 -55.5 0.16567 4397 920.625
1107 0005 -55.0 0.26384 4439 920.625
1107 0005 -55.5 0.31907 4449 920.625
1107 0005 -54.5 0.34361 4492 920.625
1107 0005 -54.5 0.44179 4501 920.625
1107 0005 -54.5 0.50315 4543 920.625
1107 0005 -54.5 0.46633 4554 920.625
1107 0005 -54.0 0.60746 4595 920.625
1107 0005 -54.5 0.59518 4606 920.625
1107 0005 -54.0 0.72404 4647 920.625
1107 0005 -53.5 0.76699 4658 920.625
1107 0005 -53.0 0.79767 4700 920.625
1107 0005 -53.0 0.76085 4710 920.625
1107 0005 -53.0 0.88357 4752 920.625
1107 0005 -53.0 0.84676 4762 920.625
1107 0005 -52.5 0.98788 4805 920.625
1107 0005 -52.0 0.92652 4814 920.625
1107 0005 -52.0 1.05538 4856 920.625
1107 0005 -51.5 1.06151 4867 920.625
1107 0005 -51.5 1.12287 4908 920.625
1107 0005 -51.5 1.15969 4919 920.625
1107 0005 -51.0 1.18423 4961 920.625
1107 0005 -51.0 1.23332 4971 920.625
1107 0005 -51.0 1.23332 5012 920.625
1107 0005 -50.5 1.27627 5023 920.625
1107 0005 -50.5 1.39899 5065 920.625
1107 0005 -50.5 1.42353 5075 920.625
1107 0005 -50.5 1.42353 5117 920.625
1107 0005 -50.5 1.42967 5127 920.625
1107 0005 -50.0 1.49717 5169 920.625
1107 0005 -50.0 1.50944 5179 920.625
1107 0005 -50.0 1.60761 5221 920.625
1107 0005 -50.0 1.57080 5232 920.625
1107 0005 -49.0 1.65056 5274 920.625
1107 0005 -49.5 1.65056 5284 920.625
1107 0005 -49.0 1.75487 5327 920.625
1107 0005 -49.0 1.73033 5337 920.625
1107 0005 -48.5 1.82237 5379 920.625
1107 0005 -48.5 1.80396 5390 920.625
1107 0005 -48.0 1.85918 5431 920.625
1107 0005 -48.5 1.86532 5442 920.625
1107 0005 -48.0 1.90827 5484 920.625
1107 0005 -48.0 1.92668 5494 920.625
1107 0005 -48.0 1.97577 5537 920.625
1107 0005 -47.5 2.00645 5546 920.625
1107 0005 -47.5 2.04940 5589 920.625
1107 0005 -47.5 2.03099 5599 920.625
1107 0005 -47.5 2.11076 5641 920.625
1107 0005 -47.5 2.12303 5651 920.625
1107 0005 -47.5 2.13530 5694 920.625
1107 0005 -47.0 2.19052 5704 920.625
1107 0005 -47.0 2.19666 5746 920.625
1107 0005 -47.0 2.27029 5755 920.625
1107 0005 -47.0 2.27643 5797 920.625
1107 0005 -47.0 2.33165 5807 920.625
1107 0005 -46.5 2.36847 5849 920.625
1107 0005 -47.0 2.35006 5859 920.625
1107 0005 -46.5 2.41755 5902 920.625
1107 0005 -46.5 2.39915 5912 920.625
1107 0005 -46.0 2.43596 5954 920.625
1107 0005 -46.0 2.44823 5964 920.625
1107 0005 -46.0 2.49732 6006 920.625
1107 0005 -46.0 2.50959 6016 920.625
1107 0005 -45.5 2.53414 6057 920.625
1107 0005 -45.5 2.55868 6068 920.625
1107 0005 -45.5 2.58936 6110 920.625
1107 0005 -45.5 2.60163 6120 920.625
1107 0005 -45.5 2.66299 6163 920.625
1107 0005 -45.5 2.65072 6172 920.625
1107 0005 -45.0 2.69367 6215 920.625
1107 0005 -45.0 2.68140 6225 920.625
1107 0005 -45.0 2.71208 6267 920.625
1107 0005 -45.0 2.73662 6278 920.625
1107 0005 -44.5 2.77344 6320 920.625
1107 0005 -45.0 2.78571 6329 920.625
1107 0005 -44.5 2.77957 6371 920.625
1107 0005 -44.5 2.81025 6381 920.625
1107 0005 -44.5 2.82252 6423 920.625
1107 0005 -45.0 2.84093 6434 920.625
1107 0005 -44.5 2.85320 6476 920.625
1107 0005 -44.5 2.84093 6487 920.625
1107 0005 -44.5 2.89002 6528 920.625
1107 0005 -44.0 2.88388 6538 920.625
1107 0005 -44.0 2.93911 6580 920.625
1107 0005 -44.5 2.94524 6590 920.625
1107 0005 -44.5 2.95138 6632 920.625
1107 0005 -44.5 3.00047 6642 920.625
1107 0005 -44.5 2.98206 6684 920.625
1107 0005 -44.5 3.01274 6695 920.625
1107 0005 -44.5 3.02501 6736 920.625
1107 0005 -44.0 3.02501 6747 920.625
1107 0005 -44.5 3.03115 6788 920.625
1107 0005 -44.5 3.07410 6798 920.625
1107 0005 -44.5 3.07410 6841 920.625
1107 0005 -44.0 3.04955 6851 920.625
1107 0005 -44.0 3.08637 6892 920.625
1107 0005 -44.0 3.10478 6903 920.625
1107 0005 -44.0 3.12318 6945 920.625
1107 0005 -44.0 3.11705 6955 920.625
1107 0005 -44.0 3.13546 6997 920.625
1107 0005 -44.0 3.14773 7008 920.625
1107 0005 -43.5 3.14773 7048 920.625
1107 0005 -44.0 3.16614 7059 920.625
1107 0005 -43.5 3.19068 7101 920.625
1107 0005 -43.5 3.19068 7116 920.625
1107 0005 -43.5 3.19682 7166 920.625
1107 0005 -43.5 3.19682 7175 920.625
1107 0005 -43.5 3.21522 7217 920.625
1107 0005 -43.5 3.19682 7227 920.625
1107 0005 -43.0 3.22750 7269 920.625
1107 0005 -43.0 3.22136 7280 920.625
1107 0005 -43.0 3.24590 7322 920.625
1107 0005 -43.0 3.24590 7332 920.625
1107 0005 -42.5 3.26431 7374 920.625
1107 0005 -43.0 3.26431 7384 920.625
1107 0005 -43.0 3.28885 7427 920.625
1107 0005 -42.5 3.27658 7437 920.625
1107 0005 -42.5 3.30113 7486 920.625
1107 0005 -42.5 3.28885 7496 920.625
1107 0005 -42.5 3.30113 7537 920.625
1107 0005 -42.0 3.29499 7547 920.625
1107 0005 -42.5 3.33181 7589 920.625
1107 0005 -42.5 3.33794 7599 920.625
1107 0005 -42.5 3.31953 7642 920.625
1107 0005 -42.5 3.34408 7651 920.625
1107 0005 -42.5 3.34408 7693 920.625
1107 0005 -42.0 3.35635 7705 920.625
1107 0005 -42.0 3.36249 7746 920.625
1107 0005 -42.0 3.38089 7757 920.625
1107 0005 -42.0 3.37476 7798 920.625
1107 0005 -42.0 3.36249 7808 920.625
1107 0005 -41.5 3.39317 7850 920.625
1107 0005 -41.5 3.41771 7860 920.625
1107 0005 -41.5 3.41157 7902 920.625
1107 0005 -42.0 3.42385 7912 920.625
1107 0005 -42.0 3.40544 7954 920.625
1107 0005 -42.0 3.39930 7965 920.625
1107 0005 -41.5 3.43612 8006 920.625
1107 0005 -41.5 3.42385 8016 920.625
1107 0005 -41.5 3.42998 8058 920.625
1107 0005 -41.5 3.44225 8069 920.625
1107 0005 -41.5 3.44225 8110 920.625
1107 0005 -41.5 3.43612 8121 920.625
1107 0005 -41.5 3.44225 8162 920.625
1107 0005 -41.5 3.44839 8173 920.625
1107 0005 -41.5 3.44839 8215 920.625
1107 0005 -41.5 3.45452 8225 920.625
1107 0005 -41.5 3.47907 8266 920.625
1107 0005 -41.5 3.46066 8277 920.625
1107 0005 -41.5 3.47907 8319 920.625
1107 0005 -41.5 3.48520 8329 920.625
1107 0005 -41.5 3.47907 8372 920.625
1107 0005 -41.5 3.46680 8381 920.625
1107 0005 -41.5 3.47907 8424 920.625
1107 0005 -41.5 3.50975 8434 920.625
1107 0005 -41.5 3.50361 8476 920.625
1107 0005 -41.5 3.51588 8486 920.625
1107 0005 -41.5 3.48520 8528 920.625
1107 0005 -41.5 3.49748 8539 920.625
1107 0005 -41.5 3.48520 8580 920.625
1107 0005 -41.5 3.50975 8591 920.625
1107 0005 -41.5 3.50975 8633 920.625
1107 0005 -41.5 3.50975 8643 920.625
1107 0005 -41.5 3.51588 8684 920.625
1107 0005 -41.5 3.49134 8695 920.625
1107 0005 -41.5 3.51588 8736 920.625
1107 0005 -41.5 3.50975 8748 920.625
1107 0005 -41.5 3.49748 8789 920.625
1107 0005 -41.5 3.50361 8799 920.625
1107 0005 -41.5 3.51588 8841 920.625
1107 0005 -41.5 3.52202 8852 920.625
1107 0005 -41.5 3.51588 8894 920.625
1107 0005 -41.5 3.52202 8904 920.625
1107 0005 -41.5 3.49748 8946 920.625
1107 0005 -41.5 3.52202 8956 920.625
1107 0005 -41.5 3.51588 8998 920.625
1107 0005 -41.5 3.52202 9008 920.625
1107 0005 -42.0 3.50975 9050 920.625
1107 0005 -42.0 3.52816 9061 920.625
1107 0005 -41.5 3.50361 9102 920.625
1107 0005 -42.0 3.51588 9113 920.625
1107 0005 -42.0 3.50361 9155 920.625
1107 0005 -41.5 3.49748 9165 920.625
1107 0005 -42.0 3.50361 9208 920.625
1107 0005 -42.0 3.50975 9218 920.625
1107 0005 -42.0 3.48520 9259 920.625
1107 0005 -42.0 3.50361 9269 920.625
1107 0005 -42.0 3.48520 9312 920.625
1107 0005 -42.0 3.49134 9322 920.625
1107 0005 -42.0 3.49748 9364 920.625
1107 0005 -42.5 3.46680 9421 920.625
1107 0005 -42.0 3.48520 9431 920.625
1107 0005 -42.5 3.49134 9473 920.625
1107 0005 -42.5 3.47293 9483 920.625
1107 0005 -42.0 3.48520 9526 920.625
1107 0005 -42.5 3.45452 9535 920.625
1107 0005 -42.5 3.44839 9577 920.625
1107 0005 -42.5 3.45452 9587 920.625
1107 0005 -42.5 3.46066 9629 920.625
1107 0005 -42.5 3.43612 9639 920.625
1107 0005 -42.5 3.43612 9681 920.625
1107 0005 -42.5 3.42385 9691 920.625
1107 0005 -43.0 3.43612 9734 920.625
1107 0005 -42.5 3.42998 9744 920.625
1107 0005 -43.0 3.42998 9785 920.625
1107 0005 -43.0 3.40544 9796 920.625
1107 0005 -43.0 3.39317 9838 920.625
1107 0005 -43.0 3.38089 9848 920.625
1107 0005 -43.0 3.38089 9891 920.625
1107 0005 -43.0 3.37476 9901 920.625
1107 0005 -43.0 3.37476 9942 920.625
1107 0005 -43.0 3.36862 9952 920.625
1107 0005 -43.5 3.36862 9994 920.625
1107 0005 -43.0 3.35021 10004 920.625
1107 0005 -43.5 3.32567 10046 920.625
1107 0005 -43.5 3.31953 10056 920.625
1107 0005 -43.5 3.35021 10099 920.625
1107 0005 -43.0 3.31953 10109 920.625
1107 0005 -43.5 3.33181 10151 920.625
1107 0005 -43.5 3.31953 10161 920.625
1107 0005 -43.5 3.30113 10202 920.625
1107 0005 -43.5 3.28885 10212 920.625
1107 0005 -43.5 3.27045 10254 920.625
1107 0005 -43.5 3.26431 10265 920.625
1107 0005 -43.5 3.25204 10306 920.625
1107 0005 -44.0 3.25818 10316 920.625
1107 0005 -44.0 3.23363 10358 920.625
1107 0005 -44.0 3.23363 10369 920.625
1107 0005 -44.0 3.20909 10410 920.625
1107 0005 -44.0 3.18454 10420 920.625
1107 0005 -44.5 3.19068 10462 920.625
1107 0005 -44.5 3.16614 10472 920.625
1107 0005 -44.5 3.14159 10515 920.625
1107 0005 -44.5 3.14773 10525 920.625
1107 0005 -44.5 3.11705 10567 920.625
1107 0005 -44.5 3.10478 10578 920.625
1107 0005 -45.0 3.09251 10619 920.625
1107 0005 -44.5 3.09864 10629 920.625
1107 0005 -45.0 3.08637 10671 920.625
1107 0005 -44.5 3.06796 10682 920.625
1107 0005 -44.5 3.03728 10724 920.625
1107 0005 -45.0 3.03115 10735 920.625
1107 0005 -45.0 3.00660 10776 920.625
1107 0005 -44.5 3.01274 10787 920.625
1107 0005 -45.0 2.96365 10829 920.625
1107 0005 -44.5 2.96365 10839 920.625
1107 0005 -45.0 2.92684 10881 920.625
1107 0005 -45.0 2.93297 10892 920.625
1107 0005 -45.0 2.90229 10934 920.625
1107 0005 -45.0 2.90229 10944 920.625
1107 0005 -45.0 2.86548 10986 920.625
1107 0005 -45.0 2.84707 10997 920.625
1107 0005 -45.0 2.84093 11039 920.625
1107 0005 -45.0 2.81639 11050 920.625
1107 0005 -45.0 2.78571 11091 920.625
1107 0005 -45.5 2.76117 11102 920.625
1107 0005 -45.0 2.73049 11143 920.625
1107 0005 -45.0 2.74276 11154 920.625
1107 0005 -45.5 2.69367 11195 920.625
1107 0005 -45.5 2.69367 11206 920.625
1107 0005 -45.5 2.66299 11248 920.625
1107 0005 -46.0 2.65685 11258 920.625
1107 0005 -45.5 2.64458 11299 920.625
1107 0005 -45.5 2.58936 11310 920.625
1107 0005 -46.0 2.55868 11351 920.625
1107 0005 -46.0 2.58322 11362 920.625
1107 0005 -46.5 2.52186 11404 920.625
1107 0005 -46.0 2.53414 11414 920.625
1107 0005 -46.5 2.47891 11456 920.625
1107 0005 -46.5 2.47278 11466 920.625
1107 0005 -47.0 2.43596 11507 920.625
1107 0005 -47.0 2.41755 11517 920.625
1107 0005 -47.0 2.39301 11559 920.625
1107 0005 -47.0 2.39915 11570 920.625
1107 0005 -47.5 2.36233 11612 920.625
1107 0005 -47.5 2.30711 11622 920.625
1107 0005 -47.5 2.31324 11664 920.625
1107 0005 -47.5 2.30711 11675 920.625
1107 0005 -47.5 2.25802 11717 920.625
1107 0005 -48.0 2.25188 11728 920.625
1107 0005 -48.0 2.19052 11768 920.625
1107 0005 -48.0 2.18439 11780 920.625
1107 0005 -48.5 2.11689 11821 920.625
1107 0005 -48.5 2.12917 11831 920.625
1107 0005 -48.5 2.08621 11873 920.625
1107 0005 -48.5 2.06781 11884 920.625
1107 0005 -48.5 2.03713 11925 920.625
1107 0005 -48.5 2.01258 11936 920.625
1107 0005 -49.0 1.99418 11978 920.625
1107 0005 -49.0 2.00031 11988 920.625
1107 0005 -49.0 1.95122 12031 920.625
1107 0005 -49.0 1.92668 12041 920.625
1107 0005 -49.0 1.87146 12082 920.625
1107 0005 -49.0 1.87146 12093 920.625
1107 0005 -49.5 1.84691 12135 920.625
1107 0005 -50.0 1.77942 12145 920.625
1107 0005 -50.0 1.75487 12188 920.625
1107 0005 -50.0 1.75487 12197 920.625
1107 0005 -50.5 1.69965 12239 920.625
1107 0005 -50.5 1.69351 12248 920.625
1107 0005 -51.0 1.65056 12291 920.625
1107 0005 -51.0 1.63216 12301 920.625
1107 0005 -51.0 1.55239 12343 920.625
1107 0005 -51.0 1.58307 12353 920.625
1107 0005 -51.5 1.49717 12396 920.625
1107 0005 -52.0 1.47262 12405 920.625
1107 0005 -51.5 1.40513 12447 920.625
1107 0005 -51.5 1.39285 12458 920.625
1107 0005 -51.5 1.39285 12499 920.625
1107 0005 -51.5 1.32536 12509 920.625
1107 0005 -52.0 1.24559 12551 920.625
1107 0005 -52.0 1.22718 12561 920.625
1107 0005 -52.5 1.20878 12602 920.625
1107 0005 -52.0 1.22105 12613 920.625
1107 0005 -52.0 1.08606 12655 920.625
1107 0005 -52.5 1.04924 12665 920.625
1107 0005 -52.5 1.03697 12707 920.625
1107 0005 -52.5 0.98175 12718 920.625
1107 0005 -53.0 1.01856 12759 920.625
1107 0005 -53.0 0.93880 12769 920.625
1107 0005 -53.5 0.90812 12812 920.625
1107 0005 -53.5 0.85289 12822 920.625
1107 0005 -53.5 0.82221 12864 920.625
1107 0005 -53.5 0.80381 12873 920.625
1107 0005 -54.0 0.74245 12915 920.625
1107 0005 -54.0 0.67495 12926 920.625
1107 0005 -54.0 0.68109 12968 920.625
1107 0005 -54.0 0.60132 12978 920.625
1107 0005 -54.0 0.52769 13020 920.625
1107 0005 -54.0 0.52155 13030 920.625
1107 0005 -54.0 0.38656 13072 920.625
1107 0005 -54.0 0.42951 13082 920.625
1107 0005 -54.0 0.35588 13124 920.625
1107 0005 -54.0 0.38656 13135 920.625
1107 0005 -54.5 0.30066 13177 920.625
1107 0005 -55.0 0.23930 13191 920.625
1107 0005 -54.5 0.33134 13201 920.625
1107 0005 -55.0 0.17181 13242 920.625
1107 0005 -55.0 0.23930 13252 920.625
1107 0005 -55.0 0.07977 13294 920.625
1107 0005 -56.0 0.13499 13305 920.625
1107 0005 -55.5 6.23410 13346 920.625
1107 0005 -56.0 6.27091 13357 920.625
1107 0005 -56.0 6.22183 13398 920.625
1107 0005 -55.5 6.20342 13409 920.625
1107 0005 -56.0 6.06843 13450 920.625
