1107 0005 -59.5 3.47907 0 923.625
1107 0005 -59.5 3.41157 9 923.625
1107 0005 -59.5 3.44839 51 923.625
1107 0005 -59.0 3.50975 62 923.625
1107 0005 -59.0 3.60792 105 923.625
1107 0005 -59.0 3.55884 115 923.625
1107 0005 -59.0 3.50975 156 923.625
1107 0005 -59.0 3.59565 167 923.625
1107 0005 -59.0 3.66315 209 923.625
1107 0005 -58.5 3.65701 219 923.625
1107 0005 -59.0 3.69996 262 923.625
1107 0005 -58.5 3.68769 272 923.625
1107 0005 -59.5 3.73064 313 923.625
1107 0005 -59.0 3.77973 324 923.625
1107 0005 -59.0 3.82268 366 923.625
1107 0005 -59.5 3.83495 375 923.625
1107 0005 -59.0 3.88404 417 923.625
1107 0005 -59.0 3.83495 428 923.625
1107 0005 -59.5 3.95153 469 923.625
1107 0005 -58.5 3.93926 479 923.625
1107 0005 -58.5 3.99449 522 923.625
1107 0005 -59.5 4.02517 533 923.625
1107 0005 -59.0 4.08652 574 923.625
1107 0005 -58.5 4.14175 584 923.625
1107 0005 -59.0 4.20924 626 923.625
1107 0005 -59.0 4.15402 637 923.625
1107 0005 -59.0 4.20924 679 923.625
1107 0005 -58.5 4.16629 689 923.625
1107 0005 -59.0 4.20311 732 923.625
1107 0005 -58.5 4.20311 741 923.625
1107 0005 -58.5 4.29515 784 923.625
1107 0005 -58.5 4.28287 793 923.625
1107 0005 -58.0 4.28901 835 923.625
1107 0005 -58.0 4.38719 846 923.625
1107 0005 -58.0 4.36878 887 923.625
1107 0005 -59.5 4.44854 898 923.625
1107 0005 -58.0 4.40559 940 923.625
1107 0005 -58.5 4.46695 950 923.625
1107 0005 -59.0 4.54058 992 923.625
1107 0005 -59.0 4.50990 1002 923.625
1107 0005 -58.0 4.52831 1045 923.625
1107 0005 -59.0 4.58353 1055 923.625
1107 0005 -58.5 4.53445 1096 923.625
1107 0005 -59.0 4.62035 1107 923.625
1107 0005 -58.5 4.64489 1149 923.625
1107 0005 -58.0 4.71239 1159 923.625
1107 0005 -58.0 4.65103 1201 923.625
1107 0005 -58.0 4.73080 1212 923.625
1107 0005 -58.5 4.71852 1253 923.625
1107 0005 -57.5 4.73080 1264 923.625
1107 0005 -58.0 4.74307 1306 923.625
1107 0005 -58.0 4.80443 1316 923.625
1107 0005 -58.5 4.79829 1357 923.625
1107 0005 -58.0 4.85352 1367 923.625
1107 0005 -57.5 4.81056 1409 923.625
1107 0005 -57.5 4.88419 1419 923.625
1107 0005 -57.5 4.92101 1462 923.625
1107 0005 -57.0 4.94555 1472 923.625
1107 0005 -57.0 4.99464 1514 923.625
1107 0005 -57.5 4.97623 1524 923.625
1107 0005 -57.0 5.00691 1566 923.625
1107 0005 -56.5 5.06214 1576 923.625
1107 0005 -57.0 5.11122 1618 923.625
1107 0005 -57.5 5.08054 1628 923.625
1107 0005 -57.0 5.14804 1669 923.625
1107 0005 -57.0 5.12963 1679 923.625
1107 0005 -57.0 5.11122 1722 923.625
1107 0005 -57.0 5.22781 1731 923.625
1107 0005 -56.5 5.19099 1774 923.625
1107 0005 -57.0 5.22167 1784 923.625
1107 0005 -56.5 5.24008 1827 923.625
1107 0005 -56.5 5.22781 1836 923.625
1107 0005 -56.5 5.17872 1878 923.625
1107 0005 -56.0 5.27689 1888 923.625
1107 0005 -56.0 5.33212 1931 923.625
1107 0005 -56.0 5.38734 1942 923.625
1107 0005 -56.0 5.46711 1982 923.625
1107 0005 -56.0 5.32598 1993 923.625
1107 0005 -56.0 5.39348 2035 923.625
1107 0005 -56.0 5.27689 2045 923.625
1107 0005 -56.0 5.44870 2087 923.625
1107 0005 -56.0 5.43029 2098 923.625
1107 0005 -56.0 5.47938 2139 923.625
1107 0005 -56.0 5.46711 2149 923.625
1107 0005 -55.5 5.50392 2191 923.625
1107 0005 -55.5 5.47938 2201 923.625
1107 0005 -55.5 5.53460 2243 923.625
1107 0005 -55.0 5.63278 2255 923.625
1107 0005 -55.5 5.55915 2295 923.625
1107 0005 -55.0 5.56528 2306 923.625
1107 0005 -54.5 5.66959 2348 923.625
1107 0005 -54.5 5.43643 2358 923.625
1107 0005 -54.5 5.65732 2400 923.625
1107 0005 -54.5 5.74322 2411 923.625
1107 0005 -54.0 5.74936 2452 923.625
1107 0005 -54.5 5.60823 2463 923.625
1107 0005 -54.0 5.81686 2505 923.625
1107 0005 -54.0 5.77390 2516 923.625
1107 0005 -54.0 5.79845 2558 923.625
1107 0005 -54.0 5.84140 2568 923.625
1107 0005 -53.5 5.82913 2613 923.625
1107 0005 -53.5 5.81072 2623 923.625
1107 0005 -53.5 5.84753 2665 923.625
1107 0005 -53.5 5.86594 2675 923.625
1107 0005 -53.5 5.88435 2719 923.625
1107 0005 -53.0 5.92730 2729 923.625
1107 0005 -53.0 5.90889 2771 923.625
1107 0005 -53.0 5.91503 2781 923.625
1107 0005 -53.0 5.98253 2824 923.625
1107 0005 -53.0 6.00093 2834 923.625
1107 0005 -52.5 5.98253 2876 923.625
1107 0005 -52.5 5.98866 2888 923.625
1107 0005 -52.5 6.01934 2929 923.625
1107 0005 -52.5 6.03775 2940 923.625
1107 0005 -52.5 6.04388 2982 923.625
1107 0005 -52.5 6.09297 2993 923.625
1107 0005 -52.0 6.13592 3036 923.625
1107 0005 -52.5 6.08070 3045 923.625
1107 0005 -52.5 6.11138 3087 923.625
1107 0005 -52.0 6.12979 3097 923.625
1107 0005 -52.0 6.20342 3140 923.625
1107 0005 -51.5 6.21569 3151 923.625
1107 0005 -52.0 6.25251 3192 923.625
1107 0005 -52.0 6.23410 3202 923.625
1107 0005 -52.0 6.24637 3245 923.625
1107 0005 -52.0 6.26478 3255 923.625
1107 0005 -51.5 6.26478 3297 923.625
1107 0005 -51.0 0.01227 3308 923.625
1107 0005 -51.0 6.23410 3350 923.625
1107 0005 -51.0 0.04295 3361 923.625
1107 0005 -51.0 0.04295 3403 923.625
1107 0005 -51.0 0.03682 3412 923.625
1107 0005 -51.0 0.05522 3456 923.625
1107 0005 -51.0 0.09817 3465 923.625
1107 0005 -50.5 0.09817 3507 923.625
1107 0005 -50.5 0.06750 3518 923.625
1107 0005 -50.5 0.13499 3560 923.625
1107 0005 -50.0 0.14726 3571 923.625
1107 0005 -50.0 0.14726 3612 923.625
1107 0005 -50.0 0.11658 3622 923.625
1107 0005 -50.0 0.11045 3665 923.625
1107 0005 -50.0 0.16567 3675 923.625
1107 0005 -49.5 0.17181 3717 923.625
1107 0005 -49.5 0.16567 3727 923.625
1107 0005 -49.0 0.23317 3771 923.625
1107 0005 -49.5 0.17794 3781 923.625
1107 0005 -49.0 0.20862 3823 923.625
1107 0005 -49.0 0.23317 3833 923.625
1107 0005 -49.0 0.22703 3876 923.625
1107 0005 -49.0 0.22089 3886 923.625
1107 0005 -48.5 0.20862 3928 923.625
1107 0005 -48.5 0.22703 3938 923.625
1107 0005 -48.5 0.19635 3981 923.625
1107 0005 -48.5 0.22089 3991 923.625
1107 0005 -48.5 0.25157 4033 923.625
1107 0005 -48.5 0.28225 4043 923.625
1107 0005 -48.0 0.24544 4087 923.625
1107 0005 -48.0 0.28839 4096 923.625
1107 0005 -48.0 0.28839 4138 923.625
1107 0005 -48.0 0.26998 4149 923.625
1107 0005 -48.0 0.30066 4193 923.625
1107 0005 -48.0 0.27612 4202 923.625
1107 0005 -47.5 0.25157 4244 923.625
1107 0005 -47.5 0.25157 4254 923.625
1107 0005 -47.5 0.26384 4296 923.625
1107 0005 -47.5 0.33748 4307 923.625
1107 0005 -47.5 0.28839 4349 923.625
1107 0005 -47.5 0.26998 4360 923.625
1107 0005 -47.0 0.30066 4401 923.625
1107 0005 -47.0 0.28225 4411 923.625
1107 0005 -47.0 0.27612 4453 923.625
1107 0005 -47.0 0.31907 4463 923.625
1107 0005 -47.0 0.30066 4505 923.625
1107 0005 -47.0 0.31907 4515 923.625
1107 0005 -47.0 0.28839 4558 923.625
1107 0005 -47.0 0.28225 4568 923.625
1107 0005 -46.5 0.29452 4610 923.625
1107 0005 -47.0 0.25771 4621 923.625
1107 0005 -47.0 0.26998 4662 923.625
1107 0005 -46.5 0.30680 4672 923.625
1107 0005 -46.5 0.30066 4715 923.625
1107 0005 -46.5 0.28839 4725 923.625
1107 0005 -46.5 0.29452 4766 923.625
1107 0005 -46.5 0.26998 4776 923.625
1107 0005 -46.0 0.30680 4819 923.625
1107 0005 -46.5 0.26384 4829 923.625
1107 0005 -46.5 0.28839 4871 923.625
1107 0005 -46.0 0.25771 4882 923.625
1107 0005 -46.0 0.25771 4923 923.625
1107 0005 -46.0 0.27612 4934 923.625
1107 0005 -46.0 0.26384 4976 923.625
1107 0005 -45.5 0.27612 4986 923.625
1107 0005 -46.0 0.24544 5028 923.625
1107 0005 -46.0 0.25157 5038 923.625
1107 0005 -45.5 0.22703 5081 923.625
1107 0005 -45.5 0.22089 5091 923.625
1107 0005 -45.5 0.24544 5133 923.625
1107 0005 -45.5 0.22089 5144 923.625
1107 0005 -45.5 0.24544 5186 923.625
1107 0005 -45.5 0.20862 5197 923.625
1107 0005 -45.5 0.21476 5239 923.625
1107 0005 -45.5 0.21476 5249 923.625
1107 0005 -45.0 0.22089 5291 923.625
1107 0005 -45.5 0.21476 5301 923.625
1107 0005 -45.5 0.20249 5343 923.625
1107 0005 -45.5 0.17181 5353 923.625
1107 0005 -45.5 0.20249 5396 923.625
1107 0005 -45.0 0.17794 5406 923.625
1107 0005 -45.5 0.15953 5449 923.625
1107 0005 -45.0 0.14726 5459 923.625
1107 0005 -45.0 0.14726 5500 923.625
1107 0005 -45.5 0.13499 5510 923.625
1107 0005 -45.0 0.14726 5553 923.625
1107 0005 -45.5 0.11045 5562 923.625
1107 0005 -45.5 0.12885 5604 923.625
1107 0005 -45.0 0.10431 5616 923.625
1107 0005 -45.0 0.06750 5657 923.625
1107 0005 -45.0 0.06750 5668 923.625
1107 0005 -45.0 0.07363 5709 923.625
1107 0005 -45.5 0.05522 5719 923.625
1107 0005 -45.0 0.04295 5760 923.625
1107 0005 -45.0 0.02454 5770 923.625
1107 0005 -45.0 0.05522 5813 923.625
1107 0005 -45.0 0.01227 5822 923.625
1107 0005 -45.0 6.24637 5865 923.625
1107 0005 -45.0 0.01841 5875 923.625
1107 0005 -45.0 6.27705 5917 923.625
1107 0005 -44.5 6.25251 5928 923.625
1107 0005 -45.0 6.22183 5969 923.625
1107 0005 -45.0 6.22796 5979 923.625
1107 0005 -45.0 6.20955 6021 923.625
1107 0005 -45.0 6.22796 6032 923.625
1107 0005 -44.5 6.21569 6074 923.625
1107 0005 -44.5 6.16047 6083 923.625
1107 0005 -44.5 6.17887 6126 923.625
1107 0005 -44.5 6.15433 6136 923.625
1107 0005 -44.0 6.17274 6178 923.625
1107 0005 -44.0 6.11752 6189 923.625
1107 0005 -44.5 6.10524 6231 923.625
1107 0005 -44.0 6.09297 6241 923.625
1107 0005 -44.0 6.05616 6282 923.625
1107 0005 -44.0 6.08070 6293 923.625
1107 0005 -44.0 6.01320 6334 923.625
1107 0005 -44.0 6.01320 6345 923.625
1107 0005 -44.0 5.99480 6387 923.625
1107 0005 -44.0 6.00707 6397 923.625
1107 0005 -44.0 5.97639 6439 923.625
1107 0005 -44.0 5.95185 6449 923.625
1107 0005 -44.0 5.92117 6491 923.625
1107 0005 -44.0 5.92730 6501 923.625
1107 0005 -44.0 5.89049 6544 923.625
1107 0005 -44.0 5.90276 6553 923.625
1107 0005 -44.0 5.88435 6594 923.625
1107 0005 -44.0 5.85981 6604 923.625
1107 0005 -43.5 5.84140 6646 923.625
1107 0005 -43.5 5.84753 6657 923.625
1107 0005 -43.5 5.80458 6701 923.625
1107 0005 -43.5 5.78004 6711 923.625
1107 0005 -43.5 5.78004 6753 923.625
1107 0005 -43.5 5.74936 6763 923.625
1107 0005 -43.5 5.72482 6805 923.625
1107 0005 -44.0 5.71254 6815 923.625
1107 0005 -43.5 5.71254 6857 923.625
1107 0005 -43.5 5.65732 6868 923.625
1107 0005 -43.5 5.63278 6910 923.625
1107 0005 -43.5 5.61437 6920 923.625
1107 0005 -44.0 5.58983 6962 923.625
1107 0005 -44.0 5.59596 6972 923.625
1107 0005 -43.5 5.56528 7015 923.625
1107 0005 -43.5 5.58369 7024 923.625
1107 0005 -44.0 5.55915 7066 923.625
1107 0005 -44.0 5.52847 7076 923.625
1107 0005 -44.0 5.47938 7119 923.625
1107 0005 -44.0 5.46097 7128 923.625
1107 0005 -44.0 5.44256 7170 923.625
1107 0005 -43.5 5.44256 7181 923.625
1107 0005 -44.0 5.39348 7223 923.625
1107 0005 -43.5 5.43643 7233 923.625
1107 0005 -43.5 5.36893 7276 923.625
1107 0005 -43.5 5.33825 7286 923.625
1107 0005 -43.5 5.28303 7328 923.625
1107 0005 -43.0 5.33212 7339 923.625
1107 0005 -43.5 5.26462 7380 923.625
1107 0005 -43.5 5.24621 7390 923.625
1107 0005 -43.0 5.24621 7432 923.625
1107 0005 -43.5 5.22781 7443 923.625
1107 0005 -43.0 5.17872 7485 923.625
1107 0005 -43.0 5.19099 7496 923.625
1107 0005 -43.0 5.15418 7536 923.625
1107 0005 -43.0 5.16645 7547 923.625
1107 0005 -43.0 5.12963 7588 923.625
1107 0005 -43.0 5.13577 7599 923.625
1107 0005 -43.0 5.07441 7641 923.625
1107 0005 -43.0 5.06214 7651 923.625
1107 0005 -43.5 5.06214 7693 923.625
1107 0005 -43.5 5.01305 7704 923.625
1107 0005 -43.5 5.00078 7745 923.625
1107 0005 -43.0 5.00078 7756 923.625
1107 0005 -43.5 4.95169 7798 923.625
1107 0005 -43.5 4.93328 7809 923.625
1107 0005 -43.5 4.92715 7851 923.625
1107 0005 -43.5 4.90874 7861 923.625
1107 0005 -43.5 4.88419 7903 923.625
1107 0005 -43.5 4.87192 7913 923.625
1107 0005 -43.5 4.84738 7956 923.625
1107 0005 -43.5 4.83511 7966 923.625
1107 0005 -43.5 4.81670 8007 923.625
1107 0005 -44.0 4.78602 8018 923.625
1107 0005 -44.0 4.76761 8059 923.625
1107 0005 -44.0 4.75534 8070 923.625
1107 0005 -44.0 4.77375 8112 923.625
1107 0005 -44.0 4.71852 8122 923.625
1107 0005 -44.0 4.65717 8164 923.625
1107 0005 -44.0 4.67557 8175 923.625
1107 0005 -44.0 4.65717 8217 923.625
1107 0005 -44.0 4.64489 8226 923.625
1107 0005 -44.0 4.62035 8269 923.625
1107 0005 -44.0 4.62649 8279 923.625
1107 0005 -44.5 4.59581 8322 923.625
1107 0005 -44.5 4.58353 8331 923.625
1107 0005 -44.0 4.54058 8373 923.625
1107 0005 -44.0 4.51604 8383 923.625
1107 0005 -44.0 4.48536 8426 923.625
1107 0005 -44.0 4.47309 8435 923.625
1107 0005 -44.0 4.47309 8478 923.625
1107 0005 -44.5 4.44241 8488 923.625
1107 0005 -44.0 4.41173 8530 923.625
1107 0005 -44.0 4.41173 8540 923.625
1107 0005 -44.0 4.41786 8581 923.625
1107 0005 -44.0 4.37491 8592 923.625
1107 0005 -44.0 4.35037 8634 923.625
1107 0005 -44.0 4.33810 8644 923.625
1107 0005 -44.0 4.31969 8686 923.625
1107 0005 -44.0 4.31355 8697 923.625
1107 0005 -44.5 4.28287 8738 923.625
1107 0005 -44.5 4.28901 8749 923.625
1107 0005 -44.5 4.22152 8791 923.625
1107 0005 -44.5 4.26447 8801 923.625
