1107 0005 -59.5 3.47293 0 923.625
1107 0005 -59.0 3.35021 11 923.625
1107 0005 -59.5 3.48520 52 923.625
1107 0005 -59.0 3.44839 63 923.625
1107 0005 -59.0 3.44225 105 923.625
1107 0005 -59.0 3.53429 116 923.625
1107 0005 -59.0 3.57111 158 923.625
1107 0005 -59.0 3.59565 167 923.625
1107 0005 -59.5 3.63247 208 923.625
1107 0005 -59.0 3.74905 219 923.625
1107 0005 -59.0 3.69996 261 923.625
1107 0005 -59.0 3.76746 272 923.625
1107 0005 -59.0 3.74905 313 923.625
1107 0005 -59.0 3.68769 323 923.625
1107 0005 -59.0 3.83495 365 923.625
1107 0005 -59.0 3.81654 375 923.625
1107 0005 -58.5 3.85950 418 923.625
1107 0005 -58.5 3.88404 428 923.625
1107 0005 -59.0 3.92085 469 923.625
1107 0005 -59.0 3.94540 480 923.625
1107 0005 -58.5 4.06812 521 923.625
1107 0005 -59.0 4.08039 532 923.625
1107 0005 -59.0 4.07425 575 923.625
1107 0005 -59.5 4.06812 584 923.625
1107 0005 -58.5 4.14175 627 923.625
1107 0005 -59.0 4.16629 636 923.625
1107 0005 -58.5 4.13561 678 923.625
1107 0005 -59.0 4.14175 689 923.625
1107 0005 -58.5 4.20924 730 923.625
1107 0005 -59.0 4.23992 740 923.625
1107 0005 -59.0 4.25833 782 923.625
1107 0005 -58.5 4.22152 793 923.625
1107 0005 -59.0 4.45468 835 923.625
1107 0005 -58.0 4.48536 846 923.625
1107 0005 -58.5 4.42400 887 923.625
1107 0005 -58.5 4.44241 897 923.625
1107 0005 -58.5 4.44854 940 923.625
1107 0005 -59.0 4.40559 950 923.625
1107 0005 -58.0 4.57740 991 923.625
1107 0005 -58.5 4.52831 1001 923.625
1107 0005 -58.5 4.50990 1044 923.625
1107 0005 -58.0 4.49763 1055 923.625
1107 0005 -58.5 4.57740 1095 923.625
1107 0005 -58.0 4.56513 1106 923.625
1107 0005 -58.0 4.76148 1148 923.625
1107 0005 -58.0 4.66944 1158 923.625
1107 0005 -58.5 4.70625 1200 923.625
1107 0005 -58.5 4.74307 1211 923.625
1107 0005 -58.0 4.74920 1252 923.625
1107 0005 -58.5 4.80443 1263 923.625
1107 0005 -58.0 4.78602 1305 923.625
1107 0005 -58.0 4.79829 1314 923.625
1107 0005 -58.0 4.90260 1357 923.625
1107 0005 -58.5 4.76761 1367 923.625
1107 0005 -57.5 5.00691 1408 923.625
1107 0005 -57.5 4.80443 1419 923.625
1107 0005 -57.5 4.87806 1460 923.625
1107 0005 -57.5 4.95783 1471 923.625
1107 0005 -58.0 4.93328 1513 923.625
1107 0005 -57.0 4.92715 1524 923.625
1107 0005 -57.0 4.92101 1566 923.625
1107 0005 -57.0 5.00078 1576 923.625
1107 0005 -57.0 5.11122 1619 923.625
1107 0005 -56.5 5.04373 1629 923.625
1107 0005 -57.0 5.13577 1670 923.625
1107 0005 -56.5 5.11736 1681 923.625
1107 0005 -57.0 5.14804 1723 923.625
1107 0005 -57.0 5.05600 1734 923.625
1107 0005 -56.5 5.23394 1776 923.625
1107 0005 -57.0 5.10509 1786 923.625
1107 0005 -56.0 5.34439 1828 923.625
1107 0005 -56.0 5.09895 1838 923.625
1107 0005 -56.0 5.19713 1880 923.625
1107 0005 -56.5 5.24621 1890 923.625
1107 0005 -56.0 5.33212 1933 923.625
1107 0005 -56.5 5.25235 1943 923.625
1107 0005 -56.0 5.38120 1985 923.625
1107 0005 -56.0 5.32598 1995 923.625
1107 0005 -55.5 5.31371 2037 923.625
1107 0005 -56.0 5.47938 2047 923.625
1107 0005 -56.0 5.33212 2089 923.625
1107 0005 -56.0 5.41188 2099 923.625
1107 0005 -55.5 5.47324 2141 923.625
1107 0005 -56.0 5.37507 2151 923.625
1107 0005 -56.0 5.49779 2194 923.625
1107 0005 -56.0 5.55301 2204 923.625
1107 0005 -55.5 5.54687 2247 923.625
1107 0005 -55.5 5.48552 2256 923.625
1107 0005 -55.0 5.65732 2298 923.625
1107 0005 -55.0 5.60823 2308 923.625
1107 0005 -55.0 5.66959 2350 923.625
1107 0005 -55.0 5.65119 2361 923.625
1107 0005 -54.5 5.61437 2403 923.625
1107 0005 -54.5 5.61437 2412 923.625
1107 0005 -54.5 5.68186 2455 923.625
1107 0005 -54.5 5.70641 2465 923.625
1107 0005 -54.0 5.66959 2506 923.625
1107 0005 -54.0 5.72482 2517 923.625
1107 0005 -54.0 5.70027 2559 923.625
1107 0005 -53.5 5.77390 2569 923.625
1107 0005 -54.0 5.82299 2611 923.625
1107 0005 -54.0 5.85981 2621 923.625
1107 0005 -53.5 5.86594 2663 923.625
1107 0005 -53.5 5.84753 2674 923.625
1107 0005 -53.0 5.84753 2717 923.625
1107 0005 -53.0 5.92730 2728 923.625
1107 0005 -53.0 5.93957 2770 923.625
1107 0005 -53.0 5.89049 2780 923.625
1107 0005 -53.0 5.99480 2824 923.625
1107 0005 -53.0 6.05616 2835 923.625
1107 0005 -53.0 5.95798 2877 923.625
1107 0005 -52.5 6.01320 2887 923.625
1107 0005 -52.5 6.01934 2930 923.625
1107 0005 -53.0 5.97025 2940 923.625
1107 0005 -52.5 6.07456 2983 923.625
1107 0005 -52.5 6.09297 2993 923.625
1107 0005 -52.0 6.11752 3036 923.625
1107 0005 -52.0 6.07456 3047 923.625
1107 0005 -52.0 6.11752 3089 923.625
1107 0005 -52.0 6.14819 3099 923.625
1107 0005 -52.0 6.19728 3142 923.625
1107 0005 -52.0 6.14819 3152 923.625
1107 0005 -52.0 6.19728 3194 923.625
1107 0005 -52.0 6.22183 3205 923.625
1107 0005 -51.5 6.24023 3248 923.625
1107 0005 -51.5 6.25864 3259 923.625
1107 0005 -51.5 6.27091 3299 923.625
1107 0005 -51.5 0.00614 3310 923.625
1107 0005 -51.0 6.27705 3353 923.625
1107 0005 -51.0 0.04295 3363 923.625
1107 0005 -51.0 0.06136 3405 923.625
1107 0005 -51.0 0.05522 3415 923.625
1107 0005 -51.0 0.20249 3457 923.625
1107 0005 -50.5 0.09817 3467 923.625
1107 0005 -50.5 0.12885 3510 923.625
1107 0005 -50.5 0.12272 3520 923.625
1107 0005 -50.0 0.04909 3562 923.625
1107 0005 -50.5 0.14726 3573 923.625
1107 0005 -50.0 0.14113 3615 923.625
1107 0005 -50.0 0.19635 3625 923.625
1107 0005 -49.5 0.17181 3667 923.625
1107 0005 -49.5 0.15340 3678 923.625
1107 0005 -49.5 0.14113 3720 923.625
1107 0005 -49.5 0.14726 3730 923.625
1107 0005 -49.5 0.22703 3773 923.625
1107 0005 -49.5 0.17181 3783 923.625
1107 0005 -49.0 0.23317 3826 923.625
1107 0005 -49.0 0.18408 3836 923.625
1107 0005 -48.5 0.23930 3879 923.625
1107 0005 -49.0 0.22089 3890 923.625
1107 0005 -49.0 0.23317 3931 923.625
1107 0005 -48.5 0.19635 3941 923.625
1107 0005 -48.5 0.27612 3985 923.625
1107 0005 -48.5 0.25771 3996 923.625
1107 0005 -48.5 0.29452 4038 923.625
1107 0005 -48.0 0.27612 4048 923.625
1107 0005 -48.5 0.24544 4092 923.625
1107 0005 -48.0 0.28225 4102 923.625
1107 0005 -48.0 0.29452 4144 923.625
1107 0005 -48.0 0.29452 4155 923.625
1107 0005 -48.0 0.25771 4197 923.625
1107 0005 -48.0 0.27612 4206 923.625
1107 0005 -48.0 0.28225 4248 923.625
1107 0005 -48.0 0.27612 4259 923.625
1107 0005 -47.5 0.26998 4301 923.625
1107 0005 -47.5 0.26998 4311 923.625
1107 0005 -47.5 0.30066 4353 923.625
1107 0005 -47.5 0.29452 4363 923.625
1107 0005 -47.0 0.27612 4405 923.625
1107 0005 -47.0 0.30680 4415 923.625
1107 0005 -47.0 0.28839 4458 923.625
1107 0005 -47.0 0.28839 4468 923.625
1107 0005 -47.0 0.28839 4509 923.625
1107 0005 -46.5 0.28225 4520 923.625
1107 0005 -47.0 0.27612 4562 923.625
1107 0005 -46.5 0.28225 4572 923.625
1107 0005 -47.0 0.31293 4614 923.625
1107 0005 -46.5 0.28225 4625 923.625
1107 0005 -47.0 0.27612 4666 923.625
1107 0005 -46.5 0.31293 4676 923.625
1107 0005 -46.5 0.26998 4718 923.625
1107 0005 -46.5 0.29452 4729 923.625
1107 0005 -46.0 0.27612 4770 923.625
1107 0005 -46.0 0.29452 4781 923.625
1107 0005 -46.0 0.29452 4823 923.625
1107 0005 -46.5 0.27612 4834 923.625
1107 0005 -46.5 0.28225 4875 923.625
1107 0005 -46.0 0.24544 4885 923.625
1107 0005 -46.0 0.25157 4927 923.625
1107 0005 -46.0 0.25771 4937 923.625
1107 0005 -45.5 0.26998 4979 923.625
1107 0005 -46.0 0.23930 4989 923.625
1107 0005 -46.0 0.25771 5032 923.625
1107 0005 -46.0 0.28225 5041 923.625
1107 0005 -45.5 0.21476 5083 923.625
1107 0005 -45.5 0.26384 5094 923.625
1107 0005 -45.5 0.20862 5136 923.625
1107 0005 -45.5 0.21476 5146 923.625
1107 0005 -45.5 0.21476 5188 923.625
1107 0005 -45.5 0.22089 5199 923.625
1107 0005 -45.5 0.20249 5240 923.625
1107 0005 -45.5 0.21476 5251 923.625
1107 0005 -45.5 0.19021 5293 923.625
1107 0005 -45.5 0.19021 5304 923.625
1107 0005 -45.5 0.22089 5344 923.625
1107 0005 -45.5 0.20862 5355 923.625
1107 0005 -45.0 0.17794 5397 923.625
1107 0005 -45.0 0.19021 5407 923.625
1107 0005 -45.5 0.13499 5450 923.625
1107 0005 -45.5 0.13499 5459 923.625
1107 0005 -45.0 0.12272 5502 923.625
1107 0005 -45.5 0.14113 5511 923.625
1107 0005 -45.0 0.11045 5553 923.625
1107 0005 -45.0 0.11658 5564 923.625
1107 0005 -45.0 0.08590 5605 923.625
1107 0005 -45.0 0.08590 5615 923.625
1107 0005 -45.0 0.09817 5658 923.625
1107 0005 -45.0 0.06750 5667 923.625
1107 0005 -45.0 0.05522 5709 923.625
1107 0005 -45.0 0.06136 5720 923.625
1107 0005 -45.0 0.03068 5761 923.625
1107 0005 -45.0 0.06136 5772 923.625
1107 0005 -45.0 0.01227 5813 923.625
1107 0005 -45.0 0.00614 5824 923.625
1107 0005 -45.0 0.00614 5866 923.625
1107 0005 -45.0 0.00614 5876 923.625
1107 0005 -45.0 6.27705 5918 923.625
1107 0005 -45.0 6.27705 5929 923.625
1107 0005 -45.0 6.22796 5970 923.625
1107 0005 -45.0 6.19728 5981 923.625
1107 0005 -44.5 6.20342 6023 923.625
1107 0005 -45.0 6.20955 6032 923.625
1107 0005 -44.5 6.19728 6075 923.625
1107 0005 -44.5 6.17274 6086 923.625
1107 0005 -45.0 6.15433 6126 923.625
1107 0005 -44.5 6.13592 6137 923.625
1107 0005 -44.5 6.09297 6178 923.625
1107 0005 -44.5 6.10524 6189 923.625
1107 0005 -44.5 6.11752 6231 923.625
1107 0005 -44.0 6.08070 6241 923.625
1107 0005 -44.5 6.06229 6284 923.625
1107 0005 -44.5 6.07456 6293 923.625
1107 0005 -44.0 6.03161 6336 923.625
1107 0005 -44.0 6.00707 6346 923.625
1107 0005 -44.0 6.00707 6388 923.625
1107 0005 -44.0 5.98253 6399 923.625
1107 0005 -44.0 5.98253 6440 923.625
1107 0005 -44.0 5.98866 6450 923.625
1107 0005 -43.5 5.94571 6492 923.625
1107 0005 -44.0 5.92117 6502 923.625
1107 0005 -44.0 5.88435 6544 923.625
1107 0005 -44.0 5.86594 6555 923.625
1107 0005 -44.0 5.84753 6597 923.625
1107 0005 -43.5 5.88435 6607 923.625
1107 0005 -44.0 5.83526 6649 923.625
1107 0005 -44.0 5.83526 6659 923.625
1107 0005 -44.0 5.79845 6701 923.625
1107 0005 -44.0 5.78618 6711 923.625
1107 0005 -43.5 5.76163 6753 923.625
1107 0005 -44.0 5.75550 6762 923.625
1107 0005 -44.0 5.73709 6805 923.625
1107 0005 -44.0 5.72482 6815 923.625
1107 0005 -43.5 5.68186 6857 923.625
1107 0005 -43.5 5.68186 6867 923.625
1107 0005 -43.5 5.65732 6909 923.625
1107 0005 -43.5 5.65119 6919 923.625
1107 0005 -43.5 5.60210 6961 923.625
1107 0005 -43.5 5.60210 6971 923.625
1107 0005 -44.0 5.58983 7013 923.625
1107 0005 -44.0 5.54074 7023 923.625
1107 0005 -44.0 5.54074 7066 923.625
1107 0005 -43.5 5.52847 7077 923.625
1107 0005 -43.5 5.54074 7118 923.625
1107 0005 -43.5 5.47938 7129 923.625
1107 0005 -44.0 5.43643 7171 923.625
1107 0005 -44.0 5.45484 7182 923.625
1107 0005 -44.0 5.40575 7223 923.625
1107 0005 -44.0 5.39348 7233 923.625
1107 0005 -43.5 5.33212 7275 923.625
1107 0005 -43.5 5.34439 7286 923.625
1107 0005 -43.5 5.30757 7328 923.625
1107 0005 -43.5 5.32598 7338 923.625
1107 0005 -43.5 5.26462 7380 923.625
1107 0005 -43.0 5.28303 7391 923.625
1107 0005 -43.5 5.22167 7432 923.625
1107 0005 -43.0 5.22167 7442 923.625
1107 0005 -43.0 5.20326 7485 923.625
1107 0005 -43.0 5.20326 7495 923.625
1107 0005 -43.0 5.14190 7537 923.625
1107 0005 -43.5 5.15418 7547 923.625
1107 0005 -43.0 5.12350 7588 923.625
1107 0005 -43.0 5.10509 7598 923.625
1107 0005 -43.5 5.09282 7640 923.625
1107 0005 -43.5 5.09895 7651 923.625
1107 0005 -43.0 5.04373 7693 923.625
1107 0005 -43.5 5.04986 7703 923.625
1107 0005 -43.0 5.00691 7745 923.625
1107 0005 -43.0 5.00078 7755 923.625
1107 0005 -43.5 4.97010 7798 923.625
1107 0005 -43.5 4.96396 7808 923.625
1107 0005 -43.0 4.92715 7850 923.625
1107 0005 -43.5 4.93942 7860 923.625
1107 0005 -43.5 4.90260 7902 923.625
1107 0005 -43.5 4.92101 7912 923.625
1107 0005 -44.0 4.84738 7957 923.625
1107 0005 -44.0 4.84124 7967 923.625
1107 0005 -43.5 4.82284 8008 923.625
1107 0005 -44.0 4.81670 8019 923.625
1107 0005 -44.0 4.79829 8060 923.625
1107 0005 -44.0 4.76761 8071 923.625
1107 0005 -44.0 4.73693 8113 923.625
1107 0005 -44.5 4.72466 8123 923.625
1107 0005 -44.5 4.70012 8165 923.625
1107 0005 -44.5 4.66330 8175 923.625
1107 0005 -44.5 4.66330 8217 923.625
1107 0005 -44.0 4.64489 8228 923.625
1107 0005 -44.0 4.62649 8269 923.625
1107 0005 -44.5 4.60194 8279 923.625
1107 0005 -44.0 4.57126 8321 923.625
1107 0005 -44.0 4.57126 8332 923.625
1107 0005 -44.0 4.52831 8374 923.625
1107 0005 -44.0 4.54672 8385 923.625
1107 0005 -44.0 4.50990 8426 923.625
1107 0005 -44.5 4.47922 8436 923.625
1107 0005 -44.5 4.44854 8477 923.625
1107 0005 -44.5 4.46082 8488 923.625
1107 0005 -44.0 4.46082 8530 923.625
1107 0005 -44.5 4.42400 8541 923.625
1107 0005 -44.0 4.38105 8582 923.625
1107 0005 -44.5 4.39946 8592 923.625
1107 0005 -44.0 4.35651 8635 923.625
1107 0005 -44.0 4.35037 8645 923.625
1107 0005 -44.0 4.30742 8687 923.625
1107 0005 -44.5 4.29515 8697 923.625
1107 0005 -44.5 4.27060 8740 923.625
1107 0005 -44.0 4.27060 8749 923.625
1107 0005 -44.5 4.24606 8791 923.625
1107 0005 -44.5 4.24606 8801 923.625
1107 0005 -45.0 4.18470 8844 923.625
1107 0005 -45.0 4.20924 8854 923.625
1107 0005 -44.5 4.17243 8896 923.625
1107 0005 -45.0 4.14788 8906 923.625
1107 0005 -45.0 4.09880 8948 923.625
1107 0005 -45.0 4.09880 8959 923.625
1107 0005 -45.0 4.09266 9001 923.625
1107 0005 -45.0 4.10493 9011 923.625
1107 0005 -45.0 4.04971 9053 923.625
1107 0005 -45.5 4.08039 9063 923.625
1107 0005 -45.5 4.00676 9104 923.625
1107 0005 -45.5 4.00062 9116 923.625
1107 0005 -45.5 4.00062 9157 923.625
1107 0005 -45.5 3.99449 9167 923.625
1107 0005 -46.0 3.98835 9209 923.625
1107 0005 -45.5 3.95153 9219 923.625
1107 0005 -46.0 3.90858 9262 923.625
