1107 0005 -59.5 3.59565 0 923.625
1107 0005 -59.5 3.46680 11 923.625
1107 0005 -59.0 3.63247 52 923.625
1107 0005 -59.5 3.63860 62 923.625
1107 0005 -59.0 3.67542 104 923.625
1107 0005 -59.5 3.62019 115 923.625
1107 0005 -59.5 3.77973 158 923.625
1107 0005 -59.0 3.75518 168 923.625
1107 0005 -58.5 3.86563 209 923.625
1107 0005 -59.0 3.77973 220 923.625
1107 0005 -59.0 3.79200 261 923.625
1107 0005 -59.0 3.88404 271 923.625
1107 0005 -58.5 3.86563 313 923.625
1107 0005 -58.5 3.92699 324 923.625
1107 0005 -58.5 3.99449 365 923.625
1107 0005 -58.5 3.97608 377 923.625
1107 0005 -59.0 4.04971 418 923.625
1107 0005 -58.5 4.04971 428 923.625
1107 0005 -58.5 4.09266 471 923.625
1107 0005 -58.5 4.09880 480 923.625
1107 0005 -58.0 4.18470 522 923.625
1107 0005 -59.0 4.17243 533 923.625
1107 0005 -58.5 4.23379 574 923.625
1107 0005 -58.0 4.20311 584 923.625
1107 0005 -58.0 4.29515 627 923.625
1107 0005 -58.0 4.28901 637 923.625
1107 0005 -58.0 4.26447 678 923.625
1107 0005 -58.0 4.28901 690 923.625
1107 0005 -57.5 4.44241 730 923.625
1107 0005 -57.5 4.47309 741 923.625
1107 0005 -58.0 4.38719 783 923.625
1107 0005 -58.0 4.46695 793 923.625
1107 0005 -58.0 4.43014 835 923.625
1107 0005 -58.0 4.46695 845 923.625
1107 0005 -57.5 4.54058 888 923.625
1107 0005 -58.0 4.52831 897 923.625
1107 0005 -58.0 4.57126 939 923.625
1107 0005 -57.5 4.66330 949 923.625
1107 0005 -58.5 4.62649 992 923.625
1107 0005 -58.0 4.68785 1003 923.625
1107 0005 -58.0 4.73693 1044 923.625
1107 0005 -58.0 4.74920 1055 923.625
1107 0005 -58.0 4.70012 1097 923.625
1107 0005 -58.5 4.71239 1107 923.625
1107 0005 -58.0 4.85965 1149 923.625
1107 0005 -58.0 4.77988 1159 923.625
1107 0005 -58.0 4.90260 1201 923.625
1107 0005 -57.5 4.82284 1212 923.625
1107 0005 -57.0 4.87192 1255 923.625
1107 0005 -58.0 4.87806 1265 923.625
1107 0005 -57.5 4.94555 1308 923.625
1107 0005 -57.0 4.89647 1317 923.625
1107 0005 -57.0 4.91487 1359 923.625
1107 0005 -58.0 4.99464 1370 923.625
1107 0005 -57.0 5.00078 1413 923.625
1107 0005 -57.0 5.06214 1423 923.625
1107 0005 -57.0 5.09282 1464 923.625
1107 0005 -57.0 5.07441 1474 923.625
1107 0005 -57.0 5.08668 1516 923.625
1107 0005 -56.5 5.09282 1530 923.625
1107 0005 -56.5 5.11736 1572 923.625
1107 0005 -56.5 5.11122 1583 923.625
1107 0005 -56.5 5.14190 1624 923.625
1107 0005 -57.0 5.22781 1635 923.625
1107 0005 -56.0 5.19713 1677 923.625
1107 0005 -56.5 5.24008 1687 923.625
1107 0005 -56.5 5.31371 1729 923.625
1107 0005 -56.5 5.24008 1739 923.625
1107 0005 -56.0 5.31371 1781 923.625
1107 0005 -56.0 5.36893 1791 923.625
1107 0005 -56.5 5.28303 1833 923.625
1107 0005 -56.5 5.31371 1843 923.625
1107 0005 -56.0 5.38120 1886 923.625
1107 0005 -56.0 5.42416 1896 923.625
1107 0005 -55.5 5.41802 1937 923.625
1107 0005 -56.0 5.53460 1947 923.625
1107 0005 -56.0 5.52847 1990 923.625
1107 0005 -55.5 5.44870 2000 923.625
1107 0005 -55.5 5.51006 2042 923.625
1107 0005 -55.5 5.50392 2052 923.625
1107 0005 -55.0 5.67573 2094 923.625
1107 0005 -55.0 5.58983 2105 923.625
1107 0005 -55.0 5.62051 2146 923.625
1107 0005 -55.0 5.53460 2156 923.625
1107 0005 -55.0 5.68800 2198 923.625
1107 0005 -54.5 5.70641 2209 923.625
1107 0005 -55.0 5.59596 2252 923.625
1107 0005 -54.5 5.75550 2261 923.625
1107 0005 -54.5 5.72482 2303 923.625
1107 0005 -54.5 5.66959 2313 923.625
1107 0005 -54.0 5.79231 2355 923.625
1107 0005 -54.0 5.71254 2366 923.625
1107 0005 -54.0 5.73095 2407 923.625
1107 0005 -54.0 5.76163 2417 923.625
1107 0005 -54.0 5.83526 2459 923.625
1107 0005 -54.0 5.89049 2470 923.625
1107 0005 -53.5 5.90889 2512 923.625
1107 0005 -53.5 5.88435 2522 923.625
1107 0005 -53.5 5.95185 2564 923.625
1107 0005 -53.5 5.92117 2575 923.625
1107 0005 -53.0 5.95798 2617 923.625
1107 0005 -53.5 5.92730 2627 923.625
1107 0005 -53.0 5.94571 2670 923.625
1107 0005 -53.0 5.97025 2679 923.625
1107 0005 -53.0 6.02548 2722 923.625
1107 0005 -53.0 6.03775 2731 923.625
1107 0005 -53.0 6.09911 2773 923.625
1107 0005 -52.5 6.06843 2784 923.625
1107 0005 -52.5 6.10524 2828 923.625
1107 0005 -53.0 6.05616 2839 923.625
1107 0005 -52.5 6.22796 2883 923.625
1107 0005 -52.5 6.18501 2893 923.625
1107 0005 -52.0 6.13592 2935 923.625
1107 0005 -52.0 6.16047 2945 923.625
1107 0005 -52.0 6.26478 2989 923.625
1107 0005 -52.0 6.23410 3000 923.625
1107 0005 -51.5 6.23410 3042 923.625
1107 0005 -52.0 6.25251 3052 923.625
1107 0005 -51.5 6.26478 3096 923.625
1107 0005 -51.5 6.27705 3106 923.625
1107 0005 -51.5 0.00000 3148 923.625
1107 0005 -51.5 6.27705 3158 923.625
1107 0005 -51.0 0.00000 3202 923.625
1107 0005 -51.5 0.07363 3211 923.625
1107 0005 -51.0 0.05522 3253 923.625
1107 0005 -51.0 0.06136 3264 923.625
1107 0005 -50.5 0.13499 3308 923.625
1107 0005 -50.5 0.11045 3317 923.625
1107 0005 -50.5 0.09204 3359 923.625
1107 0005 -50.5 0.09817 3370 923.625
1107 0005 -50.0 0.10431 3412 923.625
1107 0005 -50.0 0.15340 3423 923.625
1107 0005 -50.0 0.17794 3465 923.625
1107 0005 -50.0 0.15340 3475 923.625
1107 0005 -50.0 0.16567 3518 923.625
1107 0005 -49.5 0.18408 3529 923.625
1107 0005 -49.5 0.20249 3571 923.625
1107 0005 -49.5 0.19021 3581 923.625
1107 0005 -49.5 0.20249 3623 923.625
1107 0005 -49.0 0.18408 3634 923.625
1107 0005 -49.0 0.25157 3676 923.625
1107 0005 -49.0 0.19635 3687 923.625
1107 0005 -49.0 0.22703 3730 923.625
1107 0005 -49.0 0.23317 3740 923.625
1107 0005 -49.0 0.23930 3782 923.625
1107 0005 -48.5 0.22089 3792 923.625
1107 0005 -48.5 0.21476 3837 923.625
1107 0005 -48.5 0.24544 3847 923.625
1107 0005 -48.5 0.25771 3889 923.625
1107 0005 -48.5 0.24544 3900 923.625
1107 0005 -48.5 0.26998 3942 923.625
1107 0005 -48.0 0.27612 3952 923.625
1107 0005 -48.0 0.28839 3993 923.625
1107 0005 -48.0 0.29452 4002 923.625
1107 0005 -48.0 0.31907 4045 923.625
1107 0005 -48.0 0.27612 4055 923.625
1107 0005 -48.0 0.29452 4097 923.625
1107 0005 -47.5 0.30680 4108 923.625
1107 0005 -47.5 0.28225 4149 923.625
1107 0005 -47.5 0.33134 4159 923.625
1107 0005 -47.5 0.30066 4201 923.625
1107 0005 -47.5 0.28839 4211 923.625
1107 0005 -47.5 0.32520 4252 923.625
1107 0005 -47.0 0.28839 4263 923.625
1107 0005 -47.0 0.30066 4305 923.625
1107 0005 -47.0 0.30680 4315 923.625
1107 0005 -47.0 0.31907 4357 923.625
1107 0005 -46.5 0.31293 4367 923.625
1107 0005 -46.5 0.29452 4410 923.625
1107 0005 -47.0 0.30066 4419 923.625
1107 0005 -47.0 0.33748 4462 923.625
1107 0005 -47.0 0.28839 4472 923.625
1107 0005 -46.5 0.28839 4514 923.625
1107 0005 -46.5 0.29452 4524 923.625
1107 0005 -46.5 0.30680 4566 923.625
1107 0005 -46.5 0.28225 4576 923.625
1107 0005 -46.5 0.30066 4618 923.625
1107 0005 -46.5 0.29452 4629 923.625
1107 0005 -46.5 0.28225 4671 923.625
1107 0005 -46.0 0.31293 4681 923.625
1107 0005 -46.0 0.26998 4723 923.625
1107 0005 -46.0 0.28839 4733 923.625
1107 0005 -46.0 0.28839 4774 923.625
1107 0005 -46.0 0.29452 4784 923.625
1107 0005 -46.0 0.25157 4826 923.625
1107 0005 -46.0 0.25771 4836 923.625
1107 0005 -46.0 0.29452 4878 923.625
1107 0005 -45.5 0.25157 4889 923.625
1107 0005 -45.5 0.27612 4930 923.625
1107 0005 -46.0 0.26998 4941 923.625
1107 0005 -46.0 0.23317 4983 923.625
1107 0005 -45.5 0.26384 4992 923.625
1107 0005 -45.5 0.22089 5034 923.625
1107 0005 -45.5 0.22089 5045 923.625
1107 0005 -45.0 0.23317 5087 923.625
1107 0005 -45.5 0.23930 5098 923.625
1107 0005 -45.5 0.24544 5140 923.625
1107 0005 -45.5 0.25771 5150 923.625
1107 0005 -45.5 0.20862 5193 923.625
1107 0005 -45.5 0.23317 5203 923.625
1107 0005 -45.0 0.21476 5244 923.625
1107 0005 -45.0 0.22089 5254 923.625
1107 0005 -45.0 0.19635 5296 923.625
1107 0005 -45.0 0.18408 5307 923.625
1107 0005 -45.5 0.19635 5348 923.625
1107 0005 -45.5 0.17181 5359 923.625
1107 0005 -45.0 0.17794 5401 923.625
1107 0005 -45.0 0.15953 5410 923.625
1107 0005 -45.0 0.15340 5453 923.625
1107 0005 -45.5 0.15340 5463 923.625
1107 0005 -45.0 0.11045 5504 923.625
1107 0005 -45.0 0.07363 5515 923.625
1107 0005 -45.0 0.10431 5556 923.625
1107 0005 -45.0 0.11045 5567 923.625
1107 0005 -45.0 0.09817 5608 923.625
1107 0005 -45.0 0.08590 5618 923.625
1107 0005 -45.0 0.07363 5660 923.625
1107 0005 -45.0 0.08590 5671 923.625
1107 0005 -45.0 0.03682 5713 923.625
1107 0005 -45.0 0.02454 5723 923.625
1107 0005 -45.0 0.00614 5765 923.625
1107 0005 -45.0 0.01227 5775 923.625
1107 0005 -45.0 6.27705 5817 923.625
1107 0005 -45.0 6.27705 5828 923.625
1107 0005 -45.0 6.27091 5869 923.625
1107 0005 -45.0 6.26478 5879 923.625
1107 0005 -44.5 6.19728 5922 923.625
1107 0005 -44.5 6.20955 5931 923.625
1107 0005 -45.0 6.23410 5974 923.625
1107 0005 -44.5 6.20342 5984 923.625
1107 0005 -44.5 6.19728 6026 923.625
1107 0005 -44.5 6.16047 6035 923.625
1107 0005 -44.0 6.13592 6078 923.625
1107 0005 -44.0 6.14206 6087 923.625
1107 0005 -44.0 6.12365 6129 923.625
1107 0005 -44.5 6.07456 6139 923.625
1107 0005 -44.5 6.06843 6181 923.625
1107 0005 -44.0 6.08070 6191 923.625
1107 0005 -44.0 6.05002 6234 923.625
1107 0005 -44.0 6.06843 6243 923.625
1107 0005 -43.5 6.02548 6286 923.625
1107 0005 -44.0 6.01934 6297 923.625
1107 0005 -44.0 5.96412 6338 923.625
1107 0005 -43.5 5.98866 6348 923.625
1107 0005 -44.0 5.94571 6390 923.625
1107 0005 -43.5 5.93344 6401 923.625
1107 0005 -43.5 5.90276 6442 923.625
1107 0005 -43.5 5.95798 6453 923.625
1107 0005 -44.0 5.90276 6494 923.625
1107 0005 -43.5 5.87208 6505 923.625
1107 0005 -43.5 5.82913 6547 923.625
1107 0005 -44.0 5.81686 6558 923.625
1107 0005 -43.5 5.79231 6600 923.625
1107 0005 -43.5 5.82913 6610 923.625
1107 0005 -43.5 5.76163 6651 923.625
1107 0005 -43.5 5.76777 6662 923.625
1107 0005 -43.5 5.74322 6703 923.625
1107 0005 -43.5 5.71868 6714 923.625
1107 0005 -43.5 5.68800 6755 923.625
1107 0005 -43.5 5.70027 6766 923.625
1107 0005 -43.5 5.61437 6808 923.625
1107 0005 -43.5 5.67573 6819 923.625
1107 0005 -43.5 5.62051 6860 923.625
1107 0005 -43.5 5.62051 6872 923.625
1107 0005 -43.5 5.58983 6912 923.625
1107 0005 -44.0 5.55301 6923 923.625
1107 0005 -44.0 5.54687 6965 923.625
1107 0005 -43.5 5.51619 6975 923.625
1107 0005 -43.5 5.49779 7017 923.625
1107 0005 -43.5 5.47938 7027 923.625
1107 0005 -43.5 5.46097 7069 923.625
1107 0005 -44.0 5.45484 7080 923.625
1107 0005 -44.0 5.38734 7122 923.625
1107 0005 -43.5 5.40575 7132 923.625
1107 0005 -43.5 5.36280 7174 923.625
1107 0005 -43.5 5.32598 7183 923.625
1107 0005 -43.5 5.30144 7226 923.625
1107 0005 -43.5 5.31985 7237 923.625
1107 0005 -43.5 5.25849 7278 923.625
1107 0005 -43.5 5.25235 7288 923.625
1107 0005 -43.5 5.20326 7330 923.625
1107 0005 -43.0 5.21553 7340 923.625
1107 0005 -43.0 5.19713 7382 923.625
1107 0005 -43.5 5.19099 7393 923.625
1107 0005 -43.0 5.17258 7434 923.625
1107 0005 -43.0 5.14804 7445 923.625
1107 0005 -43.0 5.11122 7486 923.625
1107 0005 -43.0 5.12350 7496 923.625
1107 0005 -43.0 5.08054 7538 923.625
1107 0005 -43.0 5.05600 7549 923.625
1107 0005 -43.0 5.03146 7590 923.625
1107 0005 -43.5 5.01305 7600 923.625
1107 0005 -43.5 5.01305 7642 923.625
1107 0005 -43.5 5.00078 7652 923.625
1107 0005 -43.0 4.95783 7695 923.625
1107 0005 -43.0 4.95783 7704 923.625
1107 0005 -43.0 4.90260 7746 923.625
1107 0005 -43.0 4.90260 7756 923.625
1107 0005 -43.5 4.90874 7798 923.625
1107 0005 -43.5 4.86579 7809 923.625
1107 0005 -43.5 4.85352 7851 923.625
1107 0005 -44.0 4.86579 7860 923.625
1107 0005 -44.0 4.77988 7902 923.625
1107 0005 -43.5 4.80443 7913 923.625
1107 0005 -44.0 4.76148 7955 923.625
1107 0005 -44.0 4.74920 7965 923.625
1107 0005 -44.0 4.72466 8007 923.625
1107 0005 -44.0 4.73693 8017 923.625
1107 0005 -44.0 4.68171 8059 923.625
1107 0005 -44.0 4.66944 8070 923.625
1107 0005 -44.0 4.65103 8111 923.625
1107 0005 -44.0 4.63876 8122 923.625
1107 0005 -44.0 4.60808 8163 923.625
1107 0005 -44.5 4.62035 8174 923.625
1107 0005 -44.0 4.59581 8216 923.625
1107 0005 -44.0 4.56513 8226 923.625
1107 0005 -44.0 4.57126 8268 923.625
1107 0005 -44.5 4.52831 8279 923.625
1107 0005 -44.0 4.47922 8320 923.625
1107 0005 -44.0 4.50377 8331 923.625
1107 0005 -44.0 4.47309 8373 923.625
1107 0005 -44.0 4.46082 8383 923.625
1107 0005 -44.0 4.43014 8424 923.625
1107 0005 -44.0 4.40559 8435 923.625
1107 0005 -44.0 4.38105 8476 923.625
1107 0005 -44.0 4.39332 8487 923.625
1107 0005 -44.5 4.33810 8529 923.625
1107 0005 -44.0 4.33810 8539 923.625
1107 0005 -44.0 4.33196 8582 923.625
1107 0005 -44.5 4.31355 8592 923.625
1107 0005 -44.5 4.30128 8633 923.625
1107 0005 -44.5 4.24606 8643 923.625
1107 0005 -44.5 4.25219 8686 923.625
1107 0005 -44.5 4.23992 8696 923.625
1107 0005 -44.5 4.18470 8738 923.625
1107 0005 -44.5 4.19084 8747 923.625
1107 0005 -44.5 4.17856 8789 923.625
1107 0005 -44.5 4.17856 8800 923.625
1107 0005 -45.0 4.12334 8841 923.625
1107 0005 -45.0 4.09880 8851 923.625
1107 0005 -45.5 4.08039 8893 923.625
1107 0005 -45.0 4.06812 8904 923.625
1107 0005 -45.5 4.07425 8945 923.625
1107 0005 -45.0 4.03130 8956 923.625
1107 0005 -45.0 4.00062 8997 923.625
1107 0005 -45.5 3.97608 9008 923.625
1107 0005 -45.5 4.00676 9050 923.625
1107 0005 -46.0 3.92699 9060 923.625
1107 0005 -46.0 3.93926 9101 923.625
