1107 0005 -55.0 3.25818 0 923.625
1107 0005 -55.0 3.28885 11 923.625
1107 0005 -55.0 3.33181 51 923.625
1107 0005 -54.5 3.29499 62 923.625
1107 0005 -54.5 3.33794 104 923.625
1107 0005 -54.5 3.38703 114 923.625
1107 0005 -54.5 3.41157 155 923.625
1107 0005 -54.5 3.46066 166 923.625
1107 0005 -54.5 3.47293 208 923.625
1107 0005 -54.5 3.49748 219 923.625
1107 0005 -54.5 3.48520 260 923.625
1107 0005 -54.0 3.52816 270 923.625
1107 0005 -54.0 3.54043 312 923.625
1107 0005 -54.0 3.57111 323 923.625
1107 0005 -54.0 3.60792 364 923.625
1107 0005 -54.5 3.63860 374 923.625
1107 0005 -54.0 3.65087 416 923.625
1107 0005 -54.5 3.69996 426 923.625
1107 0005 -54.0 3.76132 468 923.625
1107 0005 -54.5 3.70610 479 923.625
1107 0005 -54.0 3.76746 520 923.625
1107 0005 -54.0 3.78586 530 923.625
1107 0005 -54.0 3.80427 573 923.625
1107 0005 -54.5 3.84722 583 923.625
1107 0005 -54.5 3.90245 625 923.625
1107 0005 -54.5 3.89631 636 923.625
1107 0005 -54.0 3.95153 676 923.625
1107 0005 -54.0 3.92699 687 923.625
1107 0005 -54.5 3.98221 728 923.625
1107 0005 -54.0 3.94540 739 923.625
1107 0005 -54.0 4.01903 781 923.625
1107 0005 -54.0 4.01903 791 923.625
1107 0005 -53.5 4.13561 835 923.625
1107 0005 -53.5 4.11107 846 923.625
1107 0005 -54.0 4.14175 887 923.625
1107 0005 -53.5 4.09880 898 923.625
1107 0005 -54.0 4.15402 939 923.625
1107 0005 -53.5 4.18470 950 923.625
1107 0005 -53.5 4.23379 991 923.625
1107 0005 -53.5 4.20924 1001 923.625
1107 0005 -53.0 4.29515 1043 923.625
1107 0005 -53.0 4.23379 1054 923.625
1107 0005 -53.0 4.32583 1096 923.625
1107 0005 -53.0 4.25833 1106 923.625
1107 0005 -53.0 4.36264 1147 923.625
1107 0005 -53.0 4.35037 1159 923.625
1107 0005 -53.0 4.39332 1199 923.625
1107 0005 -53.0 4.43014 1210 923.625
1107 0005 -53.0 4.43627 1252 923.625
1107 0005 -53.0 4.43014 1262 923.625
1107 0005 -52.5 4.49763 1304 923.625
1107 0005 -52.5 4.47309 1314 923.625
1107 0005 -52.5 4.59581 1356 923.625
1107 0005 -52.0 4.50990 1367 923.625
1107 0005 -52.5 4.57126 1407 923.625
1107 0005 -52.5 4.57126 1418 923.625
1107 0005 -52.5 4.63262 1460 923.625
1107 0005 -52.5 4.69398 1470 923.625
1107 0005 -52.5 4.68785 1513 923.625
1107 0005 -52.0 4.70012 1522 923.625
1107 0005 -52.5 4.73080 1564 923.625
1107 0005 -52.5 4.71239 1574 923.625
1107 0005 -52.0 4.76148 1617 923.625
1107 0005 -52.0 4.77375 1626 923.625
1107 0005 -52.0 4.79829 1669 923.625
1107 0005 -52.0 4.84124 1679 923.625
1107 0005 -51.0 4.90874 1720 923.625
1107 0005 -51.5 4.84738 1731 923.625
1107 0005 -51.5 4.95783 1775 923.625
1107 0005 -51.0 4.89033 1785 923.625
1107 0005 -51.0 4.92715 1828 923.625
1107 0005 -51.0 4.94555 1838 923.625
1107 0005 -51.0 4.96396 1879 923.625
1107 0005 -50.5 5.00691 1890 923.625
1107 0005 -50.5 4.93942 1932 923.625
1107 0005 -50.5 5.00691 1942 923.625
1107 0005 -50.5 5.06214 1985 923.625
1107 0005 -50.0 5.03146 1994 923.625
1107 0005 -50.0 5.04373 2037 923.625
1107 0005 -50.0 5.11122 2047 923.625
1107 0005 -50.0 5.12963 2088 923.625
1107 0005 -50.0 5.14804 2098 923.625
1107 0005 -49.5 5.14804 2140 923.625
1107 0005 -50.0 5.11736 2151 923.625
1107 0005 -49.5 5.15418 2193 923.625
1107 0005 -49.5 5.20940 2203 923.625
1107 0005 -49.5 5.18486 2245 923.625
1107 0005 -49.0 5.23394 2256 923.625
1107 0005 -49.5 5.24008 2298 923.625
1107 0005 -49.5 5.24008 2308 923.625
1107 0005 -49.5 5.28917 2350 923.625
1107 0005 -49.5 5.27689 2361 923.625
1107 0005 -49.0 5.31985 2402 923.625
1107 0005 -49.5 5.30144 2412 923.625
1107 0005 -49.0 5.30757 2454 923.625
1107 0005 -48.5 5.29530 2464 923.625
1107 0005 -48.5 5.33825 2507 923.625
1107 0005 -49.0 5.34439 2517 923.625
1107 0005 -48.5 5.37507 2559 923.625
1107 0005 -48.5 5.38120 2569 923.625
1107 0005 -48.5 5.35666 2613 923.625
1107 0005 -48.5 5.44256 2623 923.625
1107 0005 -48.5 5.41188 2666 923.625
1107 0005 -48.5 5.44256 2676 923.625
1107 0005 -48.5 5.48552 2720 923.625
1107 0005 -48.0 5.43029 2730 923.625
1107 0005 -48.0 5.43643 2772 923.625
1107 0005 -48.0 5.46097 2782 923.625
1107 0005 -48.0 5.51006 2827 923.625
1107 0005 -48.0 5.44256 2836 923.625
1107 0005 -48.0 5.51006 2878 923.625
1107 0005 -47.5 5.48552 2888 923.625
1107 0005 -47.5 5.54074 2931 923.625
1107 0005 -48.0 5.52233 2942 923.625
1107 0005 -47.0 5.54074 2984 923.625
1107 0005 -47.5 5.57755 2994 923.625
1107 0005 -47.0 5.52847 3037 923.625
1107 0005 -47.0 5.54687 3047 923.625
1107 0005 -47.0 5.57142 3090 923.625
1107 0005 -46.5 5.57755 3100 923.625
1107 0005 -47.0 5.57142 3142 923.625
1107 0005 -46.5 5.57755 3153 923.625
1107 0005 -46.5 5.58983 3194 923.625
1107 0005 -46.5 5.61437 3205 923.625
1107 0005 -46.5 5.59596 3247 923.625
1107 0005 -46.0 5.62051 3258 923.625
1107 0005 -46.0 5.58983 3300 923.625
1107 0005 -46.0 5.61437 3310 923.625
1107 0005 -46.0 5.62051 3352 923.625
1107 0005 -46.0 5.63891 3363 923.625
1107 0005 -45.5 5.60823 3404 923.625
1107 0005 -45.5 5.63891 3415 923.625
1107 0005 -45.5 5.61437 3458 923.625
1107 0005 -45.5 5.63891 3468 923.625
1107 0005 -45.5 5.58369 3510 923.625
1107 0005 -45.5 5.57142 3521 923.625
1107 0005 -45.0 5.62051 3562 923.625
1107 0005 -45.0 5.62664 3574 923.625
1107 0005 -45.0 5.61437 3615 923.625
1107 0005 -45.0 5.58369 3626 923.625
1107 0005 -45.0 5.57755 3667 923.625
1107 0005 -44.5 5.57142 3678 923.625
1107 0005 -44.5 5.58369 3720 923.625
1107 0005 -44.5 5.57142 3730 923.625
1107 0005 -45.0 5.55915 3774 923.625
1107 0005 -44.5 5.60210 3783 923.625
1107 0005 -44.5 5.54074 3826 923.625
1107 0005 -44.5 5.56528 3836 923.625
1107 0005 -44.5 5.55301 3879 923.625
1107 0005 -44.5 5.56528 3889 923.625
1107 0005 -44.0 5.57142 3931 923.625
1107 0005 -44.5 5.53460 3942 923.625
1107 0005 -44.0 5.54074 3986 923.625
1107 0005 -44.0 5.53460 3996 923.625
1107 0005 -44.0 5.51619 4037 923.625
1107 0005 -44.0 5.52233 4048 923.625
1107 0005 -43.5 5.52847 4091 923.625
1107 0005 -43.5 5.49779 4100 923.625
1107 0005 -43.5 5.52233 4142 923.625
1107 0005 -44.0 5.49165 4152 923.625
1107 0005 -43.5 5.47324 4194 923.625
1107 0005 -43.5 5.46097 4205 923.625
1107 0005 -43.5 5.47938 4246 923.625
1107 0005 -43.0 5.48552 4257 923.625
1107 0005 -43.0 5.46711 4299 923.625
1107 0005 -43.0 5.47324 4309 923.625
1107 0005 -42.5 5.43643 4351 923.625
1107 0005 -42.5 5.45484 4361 923.625
1107 0005 -42.5 5.43643 4403 923.625
1107 0005 -42.5 5.41188 4414 923.625
1107 0005 -42.5 5.41188 4456 923.625
1107 0005 -42.5 5.36893 4466 923.625
1107 0005 -42.5 5.39961 4509 923.625
1107 0005 -42.0 5.36280 4519 923.625
1107 0005 -42.0 5.34439 4561 923.625
1107 0005 -42.0 5.33825 4571 923.625
1107 0005 -42.0 5.33212 4614 923.625
1107 0005 -42.0 5.32598 4624 923.625
1107 0005 -42.0 5.33212 4667 923.625
1107 0005 -41.5 5.33212 4677 923.625
1107 0005 -41.5 5.29530 4720 923.625
1107 0005 -41.0 5.28917 4729 923.625
1107 0005 -41.5 5.28303 4770 923.625
1107 0005 -41.0 5.27689 4782 923.625
1107 0005 -41.0 5.28303 4823 923.625
1107 0005 -41.0 5.27076 4833 923.625
1107 0005 -41.0 5.27076 4875 923.625
1107 0005 -41.0 5.22781 4886 923.625
1107 0005 -41.0 5.24621 4927 923.625
1107 0005 -40.5 5.23394 4938 923.625
1107 0005 -40.5 5.22781 4980 923.625
1107 0005 -40.5 5.21553 4989 923.625
1107 0005 -40.5 5.20940 5031 923.625
1107 0005 -40.5 5.21553 5043 923.625
1107 0005 -40.0 5.19099 5084 923.625
1107 0005 -40.0 5.16031 5094 923.625
1107 0005 -40.0 5.16645 5136 923.625
1107 0005 -40.0 5.14804 5146 923.625
1107 0005 -40.0 5.12350 5189 923.625
1107 0005 -40.0 5.14190 5198 923.625
1107 0005 -39.5 5.15418 5240 923.625
1107 0005 -39.5 5.11736 5249 923.625
1107 0005 -39.5 5.11736 5292 923.625
1107 0005 -39.5 5.08668 5301 923.625
1107 0005 -39.5 5.06827 5343 923.625
1107 0005 -39.5 5.10509 5354 923.625
1107 0005 -39.5 5.06827 5396 923.625
1107 0005 -39.5 5.08668 5405 923.625
1107 0005 -39.0 5.04986 5448 923.625
1107 0005 -39.0 5.04373 5458 923.625
1107 0005 -39.0 5.04373 5500 923.625
1107 0005 -39.0 5.01305 5510 923.625
1107 0005 -39.0 5.00691 5552 923.625
1107 0005 -39.0 5.00078 5562 923.625
1107 0005 -38.5 4.98237 5604 923.625
1107 0005 -39.0 4.97010 5614 923.625
1107 0005 -38.5 4.95169 5656 923.625
1107 0005 -38.5 4.95169 5667 923.625
1107 0005 -39.0 4.92715 5709 923.625
1107 0005 -39.0 4.92101 5719 923.625
1107 0005 -39.0 4.90260 5761 923.625
1107 0005 -38.5 4.89033 5772 923.625
1107 0005 -38.5 4.88419 5813 923.625
1107 0005 -38.5 4.88419 5823 923.625
1107 0005 -38.5 4.86579 5866 923.625
1107 0005 -38.5 4.87192 5875 923.625
1107 0005 -38.5 4.85352 5917 923.625
1107 0005 -38.5 4.82284 5928 923.625
1107 0005 -38.5 4.80443 5970 923.625
1107 0005 -38.5 4.81056 5980 923.625
1107 0005 -38.5 4.77988 6022 923.625
1107 0005 -38.5 4.79216 6031 923.625
1107 0005 -38.5 4.76148 6073 923.625
1107 0005 -38.5 4.74307 6084 923.625
1107 0005 -38.5 4.74307 6126 923.625
1107 0005 -38.5 4.74307 6136 923.625
1107 0005 -38.5 4.72466 6177 923.625
1107 0005 -38.5 4.70625 6188 923.625
1107 0005 -38.5 4.68785 6229 923.625
1107 0005 -38.5 4.70012 6241 923.625
1107 0005 -38.5 4.65717 6282 923.625
1107 0005 -38.5 4.66330 6292 923.625
1107 0005 -38.5 4.65717 6333 923.625
1107 0005 -38.5 4.65103 6344 923.625
1107 0005 -38.0 4.61421 6386 923.625
1107 0005 -38.0 4.64489 6397 923.625
1107 0005 -38.0 4.60194 6438 923.625
1107 0005 -38.0 4.58353 6448 923.625
1107 0005 -38.0 4.53445 6490 923.625
1107 0005 -38.0 4.54672 6501 923.625
1107 0005 -38.0 4.50990 6543 923.625
1107 0005 -38.0 4.50990 6553 923.625
1107 0005 -37.5 4.50377 6594 923.625
1107 0005 -38.0 4.51604 6604 923.625
1107 0005 -37.5 4.47922 6646 923.625
1107 0005 -37.5 4.46082 6658 923.625
1107 0005 -37.5 4.43627 6700 923.625
1107 0005 -37.5 4.43627 6709 923.625
1107 0005 -37.5 4.41173 6751 923.625
1107 0005 -37.5 4.40559 6761 923.625
1107 0005 -37.5 4.38719 6803 923.625
1107 0005 -37.5 4.38719 6814 923.625
1107 0005 -37.5 4.33196 6856 923.625
1107 0005 -37.5 4.32583 6865 923.625
1107 0005 -37.5 4.33810 6907 923.625
1107 0005 -37.5 4.30128 6917 923.625
1107 0005 -37.5 4.30128 6959 923.625
1107 0005 -37.5 4.28901 6970 923.625
1107 0005 -37.5 4.27674 7011 923.625
1107 0005 -37.5 4.24606 7021 923.625
1107 0005 -37.5 4.25219 7064 923.625
1107 0005 -37.5 4.22765 7073 923.625
1107 0005 -37.5 4.23379 7116 923.625
1107 0005 -37.5 4.20924 7125 923.625
1107 0005 -38.0 4.16629 7168 923.625
1107 0005 -37.5 4.17856 7177 923.625
1107 0005 -37.5 4.17243 7220 923.625
1107 0005 -37.5 4.14175 7230 923.625
1107 0005 -38.0 4.11720 7272 923.625
1107 0005 -37.5 4.11720 7282 923.625
1107 0005 -38.0 4.11107 7323 923.625
1107 0005 -37.5 4.07425 7335 923.625
1107 0005 -38.0 4.06812 7376 923.625
1107 0005 -37.5 4.07425 7386 923.625
1107 0005 -38.0 4.06812 7428 923.625
1107 0005 -38.0 4.03744 7438 923.625
1107 0005 -38.0 4.02517 7480 923.625
1107 0005 -38.0 4.00062 7491 923.625
1107 0005 -38.0 3.98221 7533 923.625
1107 0005 -38.5 3.97608 7542 923.625
1107 0005 -38.5 3.96381 7585 923.625
1107 0005 -38.5 3.96381 7594 923.625
1107 0005 -38.0 3.93926 7636 923.625
1107 0005 -38.5 3.91472 7647 923.625
1107 0005 -38.5 3.89631 7688 923.625
1107 0005 -38.5 3.90858 7699 923.625
1107 0005 -38.0 3.87177 7740 923.625
1107 0005 -38.5 3.87790 7750 923.625
1107 0005 -38.5 3.83495 7792 923.625
1107 0005 -38.5 3.82268 7803 923.625
1107 0005 -38.5 3.79814 7846 923.625
1107 0005 -38.0 3.79200 7855 923.625
1107 0005 -38.0 3.76746 7897 923.625
1107 0005 -38.0 3.74905 7908 923.625
1107 0005 -38.0 3.76132 7949 923.625
1107 0005 -38.0 3.72451 7960 923.625
1107 0005 -38.5 3.72451 8002 923.625
1107 0005 -38.0 3.70610 8012 923.625
1107 0005 -38.0 3.66928 8054 923.625
