1107 0005 -61.5 3.28885 0 923.625
1107 0005 -61.5 3.28885 10 923.625
1107 0005 -61.0 3.28272 53 923.625
1107 0005 -61.0 3.00047 62 923.625
1107 0005 -61.5 3.36249 104 923.625
1107 0005 -62.0 3.17227 115 923.625
1107 0005 -61.0 3.14773 157 923.625
1107 0005 -60.0 3.19682 168 923.625
1107 0005 -60.5 3.29499 209 923.625
1107 0005 -60.5 3.31340 218 923.625
1107 0005 -60.5 3.54043 261 923.625
1107 0005 -59.5 3.44839 270 923.625
1107 0005 -60.5 3.30113 313 923.625
1107 0005 -60.0 3.46680 323 923.625
1107 0005 -59.5 3.49748 364 923.625
1107 0005 -60.0 3.40544 374 923.625
1107 0005 -60.0 3.47293 416 923.625
1107 0005 -60.0 3.49748 427 923.625
1107 0005 -59.0 3.64474 469 923.625
1107 0005 -59.0 3.50975 479 923.625
1107 0005 -59.0 3.59565 521 923.625
1107 0005 -58.5 3.59565 531 923.625
1107 0005 -58.5 3.50361 573 923.625
1107 0005 -58.5 3.65087 584 923.625
1107 0005 -59.0 3.69383 626 923.625
1107 0005 -57.5 3.67542 637 923.625
1107 0005 -58.5 3.80427 680 923.625
1107 0005 -58.5 3.74905 690 923.625
1107 0005 -58.0 3.81654 732 923.625
1107 0005 -58.0 3.80427 743 923.625
1107 0005 -58.0 3.80427 786 923.625
1107 0005 -58.0 3.82268 797 923.625
1107 0005 -58.5 3.88404 838 923.625
1107 0005 -57.5 3.95153 848 923.625
1107 0005 -58.0 3.93926 893 923.625
1107 0005 -57.5 3.96994 902 923.625
1107 0005 -57.0 3.96994 944 923.625
1107 0005 -58.0 4.01289 955 923.625
1107 0005 -57.0 4.02517 998 923.625
1107 0005 -57.0 4.03744 1007 923.625
1107 0005 -56.5 4.08652 1050 923.625
1107 0005 -56.5 4.01903 1060 923.625
1107 0005 -56.5 4.07425 1103 923.625
1107 0005 -57.0 4.06812 1113 923.625
1107 0005 -57.0 4.12334 1155 923.625
1107 0005 -57.0 4.17243 1166 923.625
1107 0005 -56.5 4.21538 1208 923.625
1107 0005 -55.5 4.18470 1218 923.625
1107 0005 -55.5 4.25219 1260 923.625
1107 0005 -55.5 4.17856 1270 923.625
1107 0005 -55.5 4.30742 1313 923.625
1107 0005 -55.5 4.27060 1323 923.625
1107 0005 -55.0 4.31355 1366 923.625
1107 0005 -55.5 4.35651 1376 923.625
1107 0005 -55.5 4.41786 1418 923.625
1107 0005 -55.0 4.34423 1429 923.625
1107 0005 -54.5 4.43627 1470 923.625
1107 0005 -54.5 4.41786 1480 923.625
1107 0005 -54.5 4.43627 1523 923.625
1107 0005 -54.5 4.50990 1534 923.625
1107 0005 -54.5 4.46082 1576 923.625
1107 0005 -54.5 4.48536 1586 923.625
1107 0005 -55.0 4.54672 1629 923.625
1107 0005 -54.5 4.54672 1639 923.625
1107 0005 -54.0 4.55899 1681 923.625
1107 0005 -54.5 4.60194 1690 923.625
1107 0005 -54.0 4.60808 1733 923.625
1107 0005 -54.0 4.57126 1744 923.625
1107 0005 -54.5 4.63262 1786 923.625
1107 0005 -54.0 4.64489 1795 923.625
1107 0005 -54.0 4.66944 1838 923.625
1107 0005 -53.5 4.69398 1848 923.625
1107 0005 -53.5 4.70012 1890 923.625
1107 0005 -53.5 4.73693 1900 923.625
1107 0005 -53.5 4.73693 1943 923.625
1107 0005 -53.5 4.74307 1953 923.625
1107 0005 -53.0 4.74920 1995 923.625
1107 0005 -53.0 4.76148 2006 923.625
1107 0005 -53.0 4.79216 2047 923.625
1107 0005 -52.5 4.82284 2058 923.625
1107 0005 -52.5 4.86579 2100 923.625
1107 0005 -53.0 4.88419 2110 923.625
1107 0005 -52.5 4.87806 2154 923.625
1107 0005 -52.0 4.86579 2163 923.625
1107 0005 -52.0 4.94555 2206 923.625
1107 0005 -52.5 4.89647 2215 923.625
1107 0005 -52.0 4.92715 2259 923.625
1107 0005 -51.5 4.97010 2269 923.625
1107 0005 -52.0 4.94555 2312 923.625
1107 0005 -51.5 4.97623 2321 923.625
1107 0005 -52.0 4.96396 2365 923.625
1107 0005 -51.5 5.01919 2375 923.625
1107 0005 -51.0 5.01919 2417 923.625
1107 0005 -51.5 5.02532 2428 923.625
1107 0005 -51.0 5.03759 2469 923.625
1107 0005 -51.0 5.06827 2479 923.625
1107 0005 -50.5 5.06827 2521 923.625
1107 0005 -51.0 5.05600 2532 923.625
1107 0005 -51.0 5.08054 2573 923.625
1107 0005 -50.5 5.13577 2585 923.625
1107 0005 -51.0 5.15418 2626 923.625
1107 0005 -50.5 5.14190 2635 923.625
1107 0005 -50.5 5.16645 2678 923.625
1107 0005 -50.5 5.15418 2688 923.625
1107 0005 -50.5 5.16031 2730 923.625
1107 0005 -50.5 5.19099 2740 923.625
1107 0005 -50.0 5.21553 2782 923.625
1107 0005 -50.5 5.23394 2793 923.625
1107 0005 -50.0 5.22781 2835 923.625
1107 0005 -50.0 5.22781 2845 923.625
1107 0005 -50.0 5.22167 2887 923.625
1107 0005 -50.0 5.24621 2898 923.625
1107 0005 -49.5 5.30144 2939 923.625
1107 0005 -49.5 5.30144 2950 923.625
1107 0005 -50.0 5.30144 2992 923.625
1107 0005 -50.0 5.33825 3003 923.625
1107 0005 -50.0 5.33212 3044 923.625
1107 0005 -50.0 5.31985 3054 923.625
1107 0005 -50.0 5.35666 3096 923.625
1107 0005 -50.0 5.39348 3106 923.625
1107 0005 -49.5 5.40575 3148 923.625
1107 0005 -49.5 5.34439 3158 923.625
1107 0005 -49.0 5.43643 3201 923.625
1107 0005 -49.0 5.43643 3210 923.625
1107 0005 -49.5 5.47324 3252 923.625
1107 0005 -49.0 5.44870 3263 923.625
1107 0005 -49.0 5.46711 3304 923.625
1107 0005 -49.0 5.45484 3315 923.625
1107 0005 -49.5 5.46711 3357 923.625
1107 0005 -49.0 5.42416 3368 923.625
1107 0005 -49.0 5.44870 3409 923.625
1107 0005 -49.0 5.49165 3420 923.625
1107 0005 -48.5 5.43643 3462 923.625
1107 0005 -49.0 5.48552 3473 923.625
1107 0005 -49.0 5.49165 3513 923.625
1107 0005 -48.5 5.46097 3524 923.625
1107 0005 -49.0 5.51619 3566 923.625
1107 0005 -49.0 5.49165 3576 923.625
1107 0005 -48.5 5.53460 3618 923.625
1107 0005 -48.5 5.49165 3628 923.625
1107 0005 -48.5 5.47938 3670 923.625
1107 0005 -48.5 5.55301 3681 923.625
1107 0005 -48.0 5.46097 3723 923.625
1107 0005 -48.5 5.51619 3733 923.625
1107 0005 -48.0 5.52847 3776 923.625
1107 0005 -48.5 5.52233 3785 923.625
1107 0005 -48.0 5.51006 3828 923.625
1107 0005 -48.0 5.51619 3837 923.625
1107 0005 -48.5 5.50392 3880 923.625
1107 0005 -48.0 5.56528 3889 923.625
1107 0005 -48.0 5.53460 3931 923.625
1107 0005 -48.0 5.58983 3942 923.625
1107 0005 -48.0 5.54074 3983 923.625
1107 0005 -48.0 5.51006 3994 923.625
1107 0005 -47.5 5.52847 4036 923.625
1107 0005 -48.0 5.52847 4046 923.625
1107 0005 -47.5 5.53460 4088 923.625
1107 0005 -48.0 5.55301 4098 923.625
1107 0005 -47.5 5.51006 4140 923.625
1107 0005 -48.0 5.52233 4151 923.625
1107 0005 -47.5 5.56528 4193 923.625
1107 0005 -47.5 5.53460 4203 923.625
1107 0005 -47.5 5.51006 4245 923.625
1107 0005 -47.5 5.53460 4255 923.625
1107 0005 -47.5 5.49779 4297 923.625
1107 0005 -47.0 5.50392 4307 923.625
1107 0005 -47.0 5.52233 4349 923.625
1107 0005 -47.0 5.48552 4360 923.625
1107 0005 -47.5 5.48552 4401 923.625
1107 0005 -47.0 5.46711 4412 923.625
1107 0005 -47.0 5.50392 4454 923.625
1107 0005 -47.0 5.47324 4465 923.625
1107 0005 -47.5 5.46097 4507 923.625
1107 0005 -47.0 5.41802 4517 923.625
1107 0005 -47.0 5.43643 4559 923.625
1107 0005 -47.0 5.43643 4570 923.625
1107 0005 -47.0 5.45484 4612 923.625
1107 0005 -47.0 5.43643 4621 923.625
1107 0005 -47.0 5.40575 4663 923.625
1107 0005 -46.5 5.43643 4674 923.625
1107 0005 -46.5 5.43643 4716 923.625
1107 0005 -46.5 5.37507 4727 923.625
1107 0005 -46.5 5.45484 4768 923.625
1107 0005 -46.5 5.39348 4779 923.625
1107 0005 -46.5 5.35052 4820 923.625
1107 0005 -46.5 5.31371 4830 923.625
1107 0005 -46.0 5.35666 4872 923.625
1107 0005 -46.0 5.31371 4883 923.625
1107 0005 -46.5 5.30757 4924 923.625
1107 0005 -46.0 5.31371 4935 923.625
1107 0005 -46.0 5.28917 4977 923.625
1107 0005 -46.5 5.28303 4987 923.625
1107 0005 -46.0 5.28917 5029 923.625
1107 0005 -46.0 5.31371 5040 923.625
1107 0005 -46.0 5.23394 5082 923.625
1107 0005 -46.0 5.22781 5092 923.625
1107 0005 -46.0 5.21553 5134 923.625
1107 0005 -46.0 5.22167 5145 923.625
1107 0005 -45.5 5.19099 5186 923.625
1107 0005 -45.5 5.18486 5197 923.625
1107 0005 -45.5 5.14804 5238 923.625
1107 0005 -46.0 5.15418 5248 923.625
1107 0005 -46.0 5.13577 5290 923.625
1107 0005 -45.5 5.11122 5301 923.625
1107 0005 -46.0 5.08668 5343 923.625
1107 0005 -45.5 5.10509 5353 923.625
1107 0005 -46.0 5.08054 5394 923.625
1107 0005 -45.5 5.08054 5405 923.625
1107 0005 -45.5 5.06827 5447 923.625
1107 0005 -45.5 5.03759 5457 923.625
1107 0005 -45.5 5.01305 5499 923.625
1107 0005 -45.5 5.01919 5509 923.625
1107 0005 -46.0 5.00078 5551 923.625
1107 0005 -45.5 4.98237 5561 923.625
1107 0005 -46.0 4.91487 5604 923.625
1107 0005 -45.5 4.92715 5614 923.625
1107 0005 -45.5 4.92715 5656 923.625
1107 0005 -46.0 4.92715 5666 923.625
1107 0005 -46.0 4.86579 5708 923.625
1107 0005 -46.0 4.88419 5718 923.625
1107 0005 -46.0 4.85965 5761 923.625
1107 0005 -45.5 4.81670 5771 923.625
1107 0005 -46.0 4.81056 5812 923.625
1107 0005 -46.0 4.82284 5822 923.625
1107 0005 -46.5 4.77375 5863 923.625
1107 0005 -46.0 4.77375 5875 923.625
1107 0005 -46.0 4.77988 5916 923.625
1107 0005 -46.0 4.73080 5926 923.625
1107 0005 -46.5 4.71852 5968 923.625
1107 0005 -46.0 4.71239 5979 923.625
1107 0005 -46.5 4.66944 6021 923.625
1107 0005 -46.5 4.67557 6030 923.625
1107 0005 -46.5 4.63876 6073 923.625
1107 0005 -46.5 4.64489 6083 923.625
1107 0005 -46.5 4.62035 6126 923.625
1107 0005 -46.0 4.56513 6136 923.625
1107 0005 -46.5 4.54058 6178 923.625
1107 0005 -46.5 4.56513 6188 923.625
1107 0005 -46.0 4.52831 6230 923.625
1107 0005 -46.0 4.51604 6241 923.625
1107 0005 -46.5 4.44854 6282 923.625
1107 0005 -46.5 4.49150 6293 923.625
1107 0005 -46.0 4.44854 6335 923.625
1107 0005 -46.5 4.43627 6344 923.625
1107 0005 -46.5 4.39946 6386 923.625
1107 0005 -46.5 4.36878 6396 923.625
1107 0005 -47.0 4.39332 6438 923.625
1107 0005 -46.5 4.34423 6449 923.625
1107 0005 -46.5 4.30128 6491 923.625
1107 0005 -47.0 4.31355 6502 923.625
1107 0005 -47.0 4.25833 6542 923.625
1107 0005 -46.5 4.27060 6553 923.625
1107 0005 -46.5 4.30128 6595 923.625
1107 0005 -46.5 4.23992 6605 923.625
1107 0005 -47.0 4.19084 6647 923.625
1107 0005 -47.0 4.17856 6658 923.625
1107 0005 -47.0 4.17243 6700 923.625
1107 0005 -47.5 4.16016 6710 923.625
1107 0005 -47.5 4.14788 6752 923.625
1107 0005 -47.5 4.13561 6762 923.625
1107 0005 -47.5 4.13561 6804 923.625
1107 0005 -47.5 4.10493 6814 923.625
1107 0005 -47.5 4.09880 6856 923.625
1107 0005 -47.5 4.08652 6867 923.625
1107 0005 -48.0 4.01289 6908 923.625
1107 0005 -48.0 4.01289 6919 923.625
1107 0005 -48.0 3.98835 6961 923.625
1107 0005 -48.5 3.97608 6971 923.625
1107 0005 -48.5 3.93926 7013 923.625
1107 0005 -48.0 3.96381 7023 923.625
1107 0005 -48.5 3.90245 7065 923.625
1107 0005 -48.5 3.85950 7076 923.625
1107 0005 -48.5 3.89018 7117 923.625
1107 0005 -48.5 3.85336 7128 923.625
1107 0005 -48.5 3.82268 7170 923.625
1107 0005 -48.5 3.85336 7180 923.625
1107 0005 -49.0 3.76132 7222 923.625
1107 0005 -49.0 3.79814 7233 923.625
1107 0005 -48.5 3.70610 7275 923.625
1107 0005 -48.5 3.69996 7285 923.625
1107 0005 -49.0 3.70610 7326 923.625
1107 0005 -49.5 3.68155 7337 923.625
1107 0005 -49.0 3.65701 7379 923.625
1107 0005 -49.0 3.63860 7389 923.625
1107 0005 -49.0 3.63247 7431 923.625
1107 0005 -49.5 3.64474 7441 923.625
1107 0005 -49.0 3.57111 7483 923.625
1107 0005 -49.0 3.55270 7493 923.625
1107 0005 -49.5 3.49134 7535 923.625
1107 0005 -49.5 3.49134 7546 923.625
1107 0005 -49.5 3.47293 7587 923.625
1107 0005 -49.5 3.46066 7598 923.625
1107 0005 -49.5 3.44225 7640 923.625
1107 0005 -50.0 3.42998 7650 923.625
1107 0005 -50.0 3.37476 7693 923.625
1107 0005 -50.0 3.36249 7702 923.625
1107 0005 -50.0 3.35021 7744 923.625
1107 0005 -50.5 3.30726 7755 923.625
1107 0005 -50.5 3.30726 7797 923.625
1107 0005 -50.5 3.33794 7807 923.625
1107 0005 -51.0 3.26431 7850 923.625
1107 0005 -50.5 3.25818 7859 923.625
1107 0005 -51.0 3.20295 7901 923.625
1107 0005 -51.0 3.19068 7912 923.625
1107 0005 -51.0 3.16614 7953 923.625
1107 0005 -51.0 3.12318 7965 923.625
1107 0005 -51.5 3.17227 8006 923.625
1107 0005 -51.0 3.08023 8016 923.625
1107 0005 -51.5 3.09251 8059 923.625
1107 0005 -51.5 3.10478 8069 923.625
1107 0005 -51.5 2.99433 8111 923.625
1107 0005 -51.5 3.04342 8121 923.625
1107 0005 -51.5 2.93911 8162 923.625
1107 0005 -51.5 2.95751 8172 923.625
1107 0005 -51.5 2.95138 8215 923.625
1107 0005 -52.0 2.89616 8225 923.625
1107 0005 -51.5 2.91456 8268 923.625
1107 0005 -51.5 2.87775 8277 923.625
1107 0005 -52.0 2.85934 8319 923.625
1107 0005 -52.0 2.97592 8330 923.625
1107 0005 -51.5 2.77957 8372 923.625
1107 0005 -52.0 2.75503 8381 923.625
1107 0005 -51.5 2.73049 8424 923.625
1107 0005 -52.0 2.69367 8434 923.625
