1107 0005 -61.5 3.09251 0 923.625
1107 0005 -61.0 3.00660 10 923.625
1107 0005 -61.5 3.18454 52 923.625
1107 0005 -61.5 3.30726 63 923.625
1107 0005 -61.0 3.35021 104 923.625
1107 0005 -60.5 3.28272 115 923.625
1107 0005 -60.5 3.28272 157 923.625
1107 0005 -60.0 3.23363 168 923.625
1107 0005 -60.5 3.42385 210 923.625
1107 0005 -60.0 3.41771 220 923.625
1107 0005 -59.5 3.38089 261 923.625
1107 0005 -59.0 3.27045 272 923.625
1107 0005 -59.5 3.47907 314 923.625
1107 0005 -60.5 3.41157 324 923.625
1107 0005 -60.0 3.51588 366 923.625
1107 0005 -60.0 3.40544 377 923.625
1107 0005 -59.5 3.48520 419 923.625
1107 0005 -59.5 3.48520 428 923.625
1107 0005 -59.0 3.57724 471 923.625
1107 0005 -59.0 3.58952 481 923.625
1107 0005 -58.5 3.60179 523 923.625
1107 0005 -58.5 3.63860 533 923.625
1107 0005 -58.5 3.67542 575 923.625
1107 0005 -59.0 3.67542 586 923.625
1107 0005 -58.0 3.69996 627 923.625
1107 0005 -58.5 3.73064 638 923.625
1107 0005 -58.5 3.74905 679 923.625
1107 0005 -58.0 3.81654 690 923.625
1107 0005 -58.0 3.69383 731 923.625
1107 0005 -57.5 3.85950 741 923.625
1107 0005 -58.0 3.82882 784 923.625
1107 0005 -57.5 3.84109 794 923.625
1107 0005 -57.0 3.95767 836 923.625
1107 0005 -58.0 3.88404 846 923.625
1107 0005 -57.5 3.96381 891 923.625
1107 0005 -57.0 3.97608 901 923.625
1107 0005 -57.0 4.00676 943 923.625
1107 0005 -56.5 4.03130 953 923.625
1107 0005 -57.0 4.06198 997 923.625
1107 0005 -57.0 4.04357 1007 923.625
1107 0005 -56.5 4.05585 1050 923.625
1107 0005 -56.0 4.17243 1060 923.625
1107 0005 -55.5 4.10493 1103 923.625
1107 0005 -56.0 4.14788 1114 923.625
1107 0005 -56.0 4.16016 1155 923.625
1107 0005 -55.5 4.19697 1165 923.625
1107 0005 -55.5 4.19084 1209 923.625
1107 0005 -55.0 4.28287 1219 923.625
1107 0005 -55.5 4.31355 1261 923.625
1107 0005 -55.5 4.37491 1271 923.625
1107 0005 -55.5 4.37491 1313 923.625
1107 0005 -55.0 4.31969 1324 923.625
1107 0005 -55.0 4.43627 1366 923.625
1107 0005 -55.0 4.33196 1376 923.625
1107 0005 -54.5 4.43627 1418 923.625
1107 0005 -55.0 4.38719 1429 923.625
1107 0005 -54.5 4.44241 1471 923.625
1107 0005 -54.5 4.45468 1481 923.625
1107 0005 -54.5 4.44854 1523 923.625
1107 0005 -54.0 4.52831 1534 923.625
1107 0005 -54.0 4.54672 1576 923.625
1107 0005 -54.5 4.57740 1586 923.625
1107 0005 -54.5 4.52218 1629 923.625
1107 0005 -54.0 4.59581 1638 923.625
1107 0005 -54.5 4.60194 1680 923.625
1107 0005 -54.5 4.56513 1691 923.625
1107 0005 -54.0 4.63262 1733 923.625
1107 0005 -54.0 4.66944 1744 923.625
1107 0005 -54.0 4.63876 1785 923.625
1107 0005 -53.5 4.71239 1796 923.625
1107 0005 -54.0 4.72466 1838 923.625
1107 0005 -53.5 4.77375 1849 923.625
1107 0005 -53.0 4.79829 1890 923.625
1107 0005 -53.0 4.74307 1901 923.625
1107 0005 -53.0 4.83511 1943 923.625
1107 0005 -53.0 4.77375 1954 923.625
1107 0005 -53.0 4.83511 1997 923.625
1107 0005 -52.5 4.83511 2007 923.625
1107 0005 -52.0 4.85352 2049 923.625
1107 0005 -52.0 4.84738 2060 923.625
1107 0005 -52.5 4.87192 2101 923.625
1107 0005 -52.5 4.86579 2112 923.625
1107 0005 -52.0 4.94555 2155 923.625
1107 0005 -52.0 4.93328 2165 923.625
1107 0005 -51.5 4.95169 2207 923.625
1107 0005 -52.0 4.98237 2217 923.625
1107 0005 -51.5 4.99464 2261 923.625
1107 0005 -51.5 4.98237 2271 923.625
1107 0005 -51.5 5.00078 2313 923.625
1107 0005 -51.5 5.05600 2324 923.625
1107 0005 -51.5 4.99464 2366 923.625
1107 0005 -51.0 5.01919 2377 923.625
1107 0005 -51.0 5.06827 2418 923.625
1107 0005 -51.0 5.06827 2428 923.625
1107 0005 -50.5 5.08668 2470 923.625
1107 0005 -51.0 5.06214 2480 923.625
1107 0005 -50.5 5.11736 2522 923.625
1107 0005 -50.5 5.16645 2532 923.625
1107 0005 -50.5 5.14804 2575 923.625
1107 0005 -51.0 5.15418 2584 923.625
1107 0005 -50.5 5.18486 2626 923.625
1107 0005 -50.5 5.23394 2637 923.625
1107 0005 -50.5 5.22167 2679 923.625
1107 0005 -50.0 5.19099 2688 923.625
1107 0005 -50.0 5.16645 2731 923.625
1107 0005 -50.0 5.16645 2740 923.625
1107 0005 -50.0 5.20326 2782 923.625
1107 0005 -50.0 5.22781 2793 923.625
1107 0005 -49.5 5.22781 2835 923.625
1107 0005 -49.5 5.24008 2846 923.625
1107 0005 -50.0 5.30757 2886 923.625
1107 0005 -50.0 5.31985 2897 923.625
1107 0005 -49.5 5.28303 2939 923.625
1107 0005 -49.5 5.31371 2949 923.625
1107 0005 -49.5 5.31371 2991 923.625
1107 0005 -49.5 5.31371 3001 923.625
1107 0005 -49.5 5.31371 3044 923.625
1107 0005 -49.5 5.38734 3054 923.625
1107 0005 -49.5 5.35052 3095 923.625
1107 0005 -49.0 5.34439 3106 923.625
1107 0005 -49.0 5.39961 3148 923.625
1107 0005 -49.0 5.38734 3158 923.625
1107 0005 -49.5 5.41802 3200 923.625
1107 0005 -49.5 5.44256 3211 923.625
1107 0005 -49.0 5.42416 3252 923.625
1107 0005 -49.0 5.49779 3262 923.625
1107 0005 -48.5 5.39961 3304 923.625
1107 0005 -48.5 5.46711 3315 923.625
1107 0005 -49.0 5.43643 3356 923.625
1107 0005 -49.0 5.47324 3367 923.625
1107 0005 -49.0 5.41802 3409 923.625
1107 0005 -49.0 5.48552 3419 923.625
1107 0005 -49.0 5.49779 3461 923.625
1107 0005 -48.5 5.47938 3472 923.625
1107 0005 -48.5 5.43029 3513 923.625
1107 0005 -48.5 5.49165 3523 923.625
1107 0005 -48.5 5.47938 3565 923.625
1107 0005 -48.0 5.50392 3576 923.625
1107 0005 -48.5 5.52847 3618 923.625
1107 0005 -48.5 5.47324 3628 923.625
1107 0005 -48.0 5.49165 3670 923.625
1107 0005 -48.5 5.50392 3682 923.625
1107 0005 -48.0 5.51006 3723 923.625
1107 0005 -48.0 5.50392 3734 923.625
1107 0005 -48.0 5.49779 3776 923.625
1107 0005 -48.0 5.55301 3785 923.625
1107 0005 -48.0 5.54074 3827 923.625
1107 0005 -48.0 5.49165 3838 923.625
1107 0005 -48.0 5.52233 3880 923.625
1107 0005 -48.0 5.52847 3890 923.625
1107 0005 -47.5 5.46711 3933 923.625
1107 0005 -47.5 5.48552 3942 923.625
1107 0005 -47.5 5.51619 3984 923.625
1107 0005 -47.5 5.49779 3994 923.625
1107 0005 -47.5 5.51619 4036 923.625
1107 0005 -47.5 5.51006 4046 923.625
1107 0005 -47.5 5.49165 4088 923.625
1107 0005 -47.0 5.52233 4099 923.625
1107 0005 -47.5 5.54074 4141 923.625
1107 0005 -47.5 5.51619 4151 923.625
1107 0005 -47.5 5.45484 4193 923.625
1107 0005 -47.0 5.46711 4203 923.625
1107 0005 -47.0 5.46711 4245 923.625
1107 0005 -47.0 5.46711 4255 923.625
1107 0005 -47.5 5.46711 4297 923.625
1107 0005 -47.0 5.47938 4308 923.625
1107 0005 -47.0 5.45484 4350 923.625
1107 0005 -47.0 5.48552 4360 923.625
1107 0005 -47.0 5.47324 4401 923.625
1107 0005 -47.0 5.41802 4411 923.625
1107 0005 -47.0 5.44256 4453 923.625
1107 0005 -46.5 5.47324 4464 923.625
1107 0005 -47.0 5.39961 4506 923.625
1107 0005 -47.0 5.39961 4516 923.625
1107 0005 -47.0 5.37507 4558 923.625
1107 0005 -47.0 5.38734 4568 923.625
1107 0005 -46.5 5.35052 4610 923.625
1107 0005 -46.5 5.33825 4621 923.625
1107 0005 -46.5 5.33212 4663 923.625
1107 0005 -46.5 5.35666 4672 923.625
1107 0005 -46.5 5.31985 4715 923.625
1107 0005 -46.5 5.31371 4724 923.625
1107 0005 -46.5 5.38120 4766 923.625
1107 0005 -46.5 5.33825 4776 923.625
1107 0005 -46.0 5.25849 4818 923.625
1107 0005 -46.0 5.30144 4829 923.625
1107 0005 -46.0 5.26462 4871 923.625
1107 0005 -46.0 5.27076 4881 923.625
1107 0005 -46.0 5.26462 4923 923.625
1107 0005 -46.0 5.24008 4933 923.625
1107 0005 -45.5 5.21553 4976 923.625
1107 0005 -46.0 5.25849 4985 923.625
1107 0005 -46.0 5.20940 5028 923.625
1107 0005 -45.5 5.22167 5038 923.625
1107 0005 -46.0 5.16645 5079 923.625
1107 0005 -46.0 5.15418 5090 923.625
1107 0005 -45.5 5.15418 5131 923.625
1107 0005 -46.0 5.18486 5143 923.625
1107 0005 -45.5 5.12963 5184 923.625
1107 0005 -45.5 5.13577 5194 923.625
1107 0005 -45.5 5.08054 5236 923.625
1107 0005 -46.0 5.11122 5246 923.625
1107 0005 -45.5 5.06827 5287 923.625
1107 0005 -45.5 5.08054 5298 923.625
1107 0005 -45.5 5.05600 5340 923.625
1107 0005 -46.0 5.04986 5350 923.625
1107 0005 -45.5 5.03759 5392 923.625
1107 0005 -45.5 5.03146 5403 923.625
1107 0005 -45.5 4.97623 5445 923.625
1107 0005 -45.5 4.99464 5455 923.625
1107 0005 -45.5 4.96396 5497 923.625
1107 0005 -45.5 4.99464 5507 923.625
1107 0005 -46.0 4.92715 5548 923.625
1107 0005 -46.0 4.93328 5559 923.625
1107 0005 -45.5 4.87806 5601 923.625
1107 0005 -46.0 4.88419 5611 923.625
1107 0005 -45.5 4.88419 5654 923.625
1107 0005 -45.5 4.85352 5663 923.625
1107 0005 -46.0 4.81056 5705 923.625
1107 0005 -45.5 4.81056 5715 923.625
1107 0005 -45.5 4.82284 5756 923.625
1107 0005 -46.0 4.78602 5766 923.625
1107 0005 -46.5 4.75534 5808 923.625
1107 0005 -46.0 4.76761 5819 923.625
1107 0005 -46.0 4.70625 5861 923.625
1107 0005 -46.0 4.73080 5872 923.625
1107 0005 -46.0 4.66330 5914 923.625
1107 0005 -46.0 4.67557 5924 923.625
1107 0005 -46.0 4.62649 5966 923.625
1107 0005 -46.5 4.65103 5975 923.625
1107 0005 -46.5 4.63262 6018 923.625
1107 0005 -46.5 4.60808 6028 923.625
1107 0005 -46.5 4.59581 6069 923.625
1107 0005 -46.5 4.58967 6080 923.625
1107 0005 -46.0 4.51604 6122 923.625
1107 0005 -46.5 4.52831 6133 923.625
1107 0005 -46.0 4.49150 6174 923.625
1107 0005 -46.0 4.47922 6184 923.625
1107 0005 -46.5 4.46695 6227 923.625
1107 0005 -46.5 4.47922 6237 923.625
1107 0005 -46.0 4.41786 6278 923.625
1107 0005 -46.5 4.41786 6289 923.625
1107 0005 -46.0 4.39946 6332 923.625
1107 0005 -46.0 4.36878 6342 923.625
1107 0005 -46.5 4.31969 6383 923.625
1107 0005 -46.5 4.36264 6393 923.625
1107 0005 -46.0 4.31969 6436 923.625
1107 0005 -47.0 4.31355 6445 923.625
1107 0005 -46.5 4.29515 6488 923.625
1107 0005 -47.0 4.27060 6497 923.625
1107 0005 -46.5 4.20311 6540 923.625
1107 0005 -46.5 4.19697 6550 923.625
1107 0005 -46.5 4.19084 6591 923.625
1107 0005 -47.0 4.17243 6601 923.625
1107 0005 -46.5 4.16629 6644 923.625
1107 0005 -46.5 4.14788 6654 923.625
1107 0005 -47.0 4.14175 6696 923.625
1107 0005 -47.0 4.09266 6706 923.625
1107 0005 -47.0 4.07425 6748 923.625
1107 0005 -47.5 4.10493 6759 923.625
1107 0005 -47.5 4.06198 6800 923.625
1107 0005 -47.5 4.07425 6810 923.625
1107 0005 -47.5 4.03130 6852 923.625
1107 0005 -47.5 3.99449 6863 923.625
1107 0005 -48.0 3.95767 6904 923.625
1107 0005 -48.0 3.96994 6915 923.625
1107 0005 -48.0 3.93926 6956 923.625
1107 0005 -48.0 3.98835 6967 923.625
1107 0005 -48.0 3.93926 7008 923.625
1107 0005 -48.5 3.93926 7019 923.625
1107 0005 -48.5 3.87790 7061 923.625
1107 0005 -48.0 3.85950 7072 923.625
1107 0005 -48.5 3.84109 7113 923.625
1107 0005 -48.5 3.81041 7124 923.625
1107 0005 -48.5 3.76746 7165 923.625
1107 0005 -48.5 3.72451 7176 923.625
1107 0005 -48.5 3.74291 7217 923.625
1107 0005 -48.5 3.68769 7228 923.625
1107 0005 -48.5 3.69996 7270 923.625
1107 0005 -48.5 3.68769 7280 923.625
1107 0005 -48.5 3.66928 7322 923.625
1107 0005 -48.5 3.68155 7332 923.625
1107 0005 -49.0 3.62019 7374 923.625
1107 0005 -48.5 3.57724 7385 923.625
1107 0005 -48.5 3.60179 7427 923.625
1107 0005 -49.0 3.60179 7437 923.625
1107 0005 -49.0 3.52816 7478 923.625
1107 0005 -49.0 3.54656 7489 923.625
1107 0005 -49.0 3.49134 7531 923.625
1107 0005 -49.5 3.50975 7542 923.625
1107 0005 -49.0 3.46680 7583 923.625
1107 0005 -49.5 3.44225 7593 923.625
1107 0005 -49.5 3.42385 7635 923.625
1107 0005 -49.5 3.42385 7646 923.625
1107 0005 -49.5 3.33794 7687 923.625
1107 0005 -49.5 3.35021 7698 923.625
1107 0005 -50.0 3.40544 7740 923.625
1107 0005 -50.0 3.31340 7750 923.625
1107 0005 -50.0 3.29499 7793 923.625
1107 0005 -50.5 3.27658 7802 923.625
1107 0005 -50.5 3.24590 7844 923.625
1107 0005 -50.5 3.16000 7854 923.625
1107 0005 -51.0 3.19068 7896 923.625
1107 0005 -51.0 3.13546 7907 923.625
1107 0005 -50.5 3.18454 7948 923.625
1107 0005 -51.0 3.18454 7959 923.625
1107 0005 -51.0 3.08023 8000 923.625
1107 0005 -51.0 3.14773 8011 923.625
1107 0005 -51.5 3.05569 8052 923.625
1107 0005 -51.0 3.06183 8062 923.625
1107 0005 -51.0 3.01887 8104 923.625
1107 0005 -51.0 3.02501 8115 923.625
1107 0005 -51.0 2.96979 8157 923.625
1107 0005 -51.5 2.95138 8167 923.625
1107 0005 -51.5 2.97592 8210 923.625
1107 0005 -51.5 2.90229 8220 923.625
1107 0005 -51.5 2.85320 8262 923.625
1107 0005 -51.5 2.89002 8272 923.625
1107 0005 -51.5 2.85320 8315 923.625
1107 0005 -52.0 2.85320 8324 923.625
1107 0005 -52.0 2.76730 8366 923.625
