1107 0005 -61.0 3.17841 0 923.625
1107 0005 -61.0 3.09251 10 923.625
1107 0005 -60.5 3.08023 52 923.625
1107 0005 -60.5 3.10478 63 923.625
1107 0005 -60.5 3.13546 105 923.625
1107 0005 -60.5 3.09251 115 923.625
1107 0005 -60.0 3.17227 157 923.625
1107 0005 -59.5 3.22136 168 923.625
1107 0005 -60.0 3.25818 209 923.625
1107 0005 -60.0 3.22750 219 923.625
1107 0005 -59.5 3.22136 261 923.625
1107 0005 -60.0 3.20909 271 923.625
1107 0005 -59.0 3.39317 313 923.625
1107 0005 -59.0 3.40544 323 923.625
1107 0005 -59.0 3.33181 366 923.625
1107 0005 -59.0 3.35635 376 923.625
1107 0005 -59.0 3.44839 417 923.625
1107 0005 -59.0 3.41157 428 923.625
1107 0005 -58.5 3.48520 470 923.625
1107 0005 -58.5 3.42385 480 923.625
1107 0005 -58.0 3.68155 523 923.625
1107 0005 -58.0 3.46066 532 923.625
1107 0005 -58.0 3.47293 575 923.625
1107 0005 -57.0 3.57111 585 923.625
1107 0005 -57.5 3.63860 626 923.625
1107 0005 -57.5 3.56497 636 923.625
1107 0005 -57.0 3.63860 678 923.625
1107 0005 -57.5 3.60792 689 923.625
1107 0005 -57.5 3.65701 733 923.625
1107 0005 -57.5 3.69383 742 923.625
1107 0005 -57.5 3.62633 785 923.625
1107 0005 -57.5 3.68155 795 923.625
1107 0005 -57.0 3.84109 839 923.625
1107 0005 -57.0 3.78586 849 923.625
1107 0005 -57.0 3.85336 891 923.625
1107 0005 -57.0 3.81041 902 923.625
1107 0005 -57.0 3.82268 945 923.625
1107 0005 -57.0 3.83495 956 923.625
1107 0005 -57.0 3.90858 998 923.625
1107 0005 -57.0 3.90858 1008 923.625
1107 0005 -56.0 4.00062 1051 923.625
1107 0005 -56.0 3.97608 1062 923.625
1107 0005 -56.5 3.93313 1104 923.625
1107 0005 -56.5 4.01903 1115 923.625
1107 0005 -56.0 4.04357 1157 923.625
1107 0005 -56.0 4.06198 1167 923.625
1107 0005 -56.0 4.16016 1208 923.625
1107 0005 -56.0 4.14175 1219 923.625
1107 0005 -55.5 4.14788 1261 923.625
1107 0005 -55.5 4.16016 1272 923.625
1107 0005 -55.0 4.20924 1314 923.625
1107 0005 -55.5 4.19084 1324 923.625
1107 0005 -54.5 4.19084 1366 923.625
1107 0005 -54.5 4.27060 1377 923.625
1107 0005 -55.0 4.28287 1419 923.625
1107 0005 -54.5 4.28287 1428 923.625
1107 0005 -54.5 4.33810 1472 923.625
1107 0005 -54.5 4.33810 1483 923.625
1107 0005 -54.5 4.40559 1525 923.625
1107 0005 -54.5 4.33196 1536 923.625
1107 0005 -54.0 4.43627 1579 923.625
1107 0005 -54.0 4.44241 1589 923.625
1107 0005 -54.0 4.45468 1630 923.625
1107 0005 -54.0 4.46695 1640 923.625
1107 0005 -54.0 4.50990 1683 923.625
1107 0005 -53.5 4.50377 1693 923.625
1107 0005 -53.5 4.55285 1736 923.625
1107 0005 -53.5 4.57740 1746 923.625
1107 0005 -53.5 4.63262 1788 923.625
1107 0005 -53.5 4.58353 1800 923.625
1107 0005 -53.5 4.61421 1842 923.625
1107 0005 -53.5 4.60194 1853 923.625
1107 0005 -53.5 4.66944 1895 923.625
1107 0005 -53.5 4.67557 1907 923.625
1107 0005 -53.5 4.68785 1949 923.625
1107 0005 -53.0 4.67557 1959 923.625
1107 0005 -53.0 4.66944 2002 923.625
1107 0005 -52.5 4.78602 2013 923.625
1107 0005 -52.5 4.71852 2054 923.625
1107 0005 -52.5 4.71239 2065 923.625
1107 0005 -53.0 4.75534 2108 923.625
1107 0005 -52.5 4.76148 2119 923.625
1107 0005 -52.0 4.82897 2161 923.625
1107 0005 -52.0 4.81670 2172 923.625
1107 0005 -52.0 4.84738 2216 923.625
1107 0005 -52.0 4.82897 2227 923.625
1107 0005 -51.5 4.85965 2268 923.625
1107 0005 -51.5 4.87192 2278 923.625
1107 0005 -51.5 4.89647 2320 923.625
1107 0005 -51.5 4.95783 2330 923.625
1107 0005 -51.5 4.90874 2372 923.625
1107 0005 -51.0 4.91487 2382 923.625
1107 0005 -51.0 4.92101 2424 923.625
1107 0005 -51.0 4.94555 2434 923.625
1107 0005 -51.0 5.00691 2476 923.625
1107 0005 -51.0 5.01305 2486 923.625
1107 0005 -51.0 5.03759 2529 923.625
1107 0005 -51.0 5.01919 2539 923.625
1107 0005 -50.5 5.08668 2581 923.625
1107 0005 -51.0 5.02532 2591 923.625
1107 0005 -50.5 5.08668 2633 923.625
1107 0005 -50.5 5.07441 2643 923.625
1107 0005 -50.5 5.11736 2686 923.625
1107 0005 -50.0 5.09282 2695 923.625
1107 0005 -50.5 5.15418 2737 923.625
1107 0005 -50.5 5.09282 2747 923.625
1107 0005 -50.0 5.11122 2789 923.625
1107 0005 -50.0 5.12350 2800 923.625
1107 0005 -50.0 5.17872 2842 923.625
1107 0005 -49.5 5.20326 2852 923.625
1107 0005 -50.0 5.17258 2894 923.625
1107 0005 -49.5 5.22781 2904 923.625
1107 0005 -49.0 5.19713 2946 923.625
1107 0005 -49.5 5.20326 2956 923.625
1107 0005 -49.5 5.24008 2997 923.625
1107 0005 -49.5 5.20940 3008 923.625
1107 0005 -49.0 5.27689 3049 923.625
1107 0005 -49.5 5.24621 3060 923.625
1107 0005 -49.0 5.25849 3102 923.625
1107 0005 -49.0 5.32598 3113 923.625
1107 0005 -49.0 5.29530 3153 923.625
1107 0005 -49.0 5.28917 3164 923.625
1107 0005 -49.5 5.29530 3207 923.625
1107 0005 -49.0 5.28917 3216 923.625
1107 0005 -49.0 5.31985 3258 923.625
1107 0005 -49.0 5.33825 3268 923.625
1107 0005 -49.0 5.31371 3310 923.625
1107 0005 -49.0 5.36893 3321 923.625
1107 0005 -48.5 5.36280 3362 923.625
1107 0005 -48.5 5.36893 3373 923.625
1107 0005 -49.0 5.38734 3415 923.625
1107 0005 -48.5 5.39961 3425 923.625
1107 0005 -48.5 5.37507 3467 923.625
1107 0005 -48.5 5.43029 3477 923.625
1107 0005 -48.5 5.39348 3519 923.625
1107 0005 -48.5 5.41802 3529 923.625
1107 0005 -48.5 5.41188 3572 923.625
1107 0005 -48.5 5.43029 3582 923.625
1107 0005 -48.5 5.41802 3624 923.625
1107 0005 -48.5 5.41802 3634 923.625
1107 0005 -48.5 5.43643 3676 923.625
1107 0005 -48.0 5.43029 3686 923.625
1107 0005 -48.0 5.44256 3728 923.625
1107 0005 -48.5 5.46711 3737 923.625
1107 0005 -48.0 5.46711 3780 923.625
1107 0005 -48.0 5.46097 3789 923.625
1107 0005 -48.0 5.45484 3832 923.625
1107 0005 -48.0 5.44256 3842 923.625
1107 0005 -48.0 5.46711 3884 923.625
1107 0005 -48.0 5.41802 3893 923.625
1107 0005 -48.0 5.44870 3935 923.625
1107 0005 -48.0 5.48552 3946 923.625
1107 0005 -48.0 5.43643 3988 923.625
1107 0005 -47.5 5.46711 3999 923.625
1107 0005 -47.5 5.46097 4041 923.625
1107 0005 -48.0 5.40575 4052 923.625
1107 0005 -47.5 5.44870 4093 923.625
1107 0005 -47.5 5.46711 4103 923.625
1107 0005 -47.5 5.39961 4146 923.625
1107 0005 -47.0 5.46097 4156 923.625
1107 0005 -47.0 5.43029 4199 923.625
1107 0005 -47.0 5.43643 4208 923.625
1107 0005 -47.0 5.43643 4249 923.625
1107 0005 -47.5 5.46711 4260 923.625
1107 0005 -47.5 5.41188 4301 923.625
1107 0005 -47.0 5.44256 4312 923.625
1107 0005 -47.0 5.38734 4354 923.625
1107 0005 -47.0 5.37507 4365 923.625
1107 0005 -47.0 5.36280 4406 923.625
1107 0005 -47.0 5.45484 4416 923.625
1107 0005 -47.0 5.39961 4459 923.625
1107 0005 -46.5 5.42416 4469 923.625
1107 0005 -46.5 5.36280 4511 923.625
1107 0005 -47.0 5.35666 4521 923.625
1107 0005 -46.5 5.39348 4563 923.625
1107 0005 -46.5 5.33825 4573 923.625
1107 0005 -46.5 5.38734 4616 923.625
1107 0005 -46.5 5.38120 4626 923.625
1107 0005 -46.5 5.34439 4667 923.625
1107 0005 -46.5 5.30757 4678 923.625
1107 0005 -46.5 5.29530 4719 923.625
1107 0005 -46.5 5.33825 4730 923.625
1107 0005 -46.5 5.33212 4772 923.625
1107 0005 -46.5 5.33825 4782 923.625
1107 0005 -46.5 5.28303 4824 923.625
1107 0005 -46.0 5.32598 4834 923.625
1107 0005 -46.0 5.31985 4876 923.625
1107 0005 -46.0 5.27076 4886 923.625
1107 0005 -46.0 5.24008 4928 923.625
1107 0005 -46.0 5.28303 4938 923.625
1107 0005 -46.0 5.22781 4981 923.625
1107 0005 -46.0 5.19099 4990 923.625
1107 0005 -46.0 5.18486 5032 923.625
1107 0005 -45.5 5.18486 5043 923.625
1107 0005 -46.0 5.14804 5085 923.625
1107 0005 -46.0 5.16031 5095 923.625
1107 0005 -46.0 5.16031 5137 923.625
1107 0005 -46.0 5.15418 5147 923.625
1107 0005 -45.5 5.11736 5189 923.625
1107 0005 -45.5 5.11122 5200 923.625
1107 0005 -45.5 5.08668 5242 923.625
1107 0005 -46.0 5.13577 5252 923.625
1107 0005 -46.0 5.06827 5294 923.625
1107 0005 -45.5 5.04986 5304 923.625
1107 0005 -45.5 5.06214 5347 923.625
1107 0005 -45.5 5.03759 5356 923.625
1107 0005 -45.5 5.01919 5398 923.625
1107 0005 -45.5 5.01305 5409 923.625
1107 0005 -45.5 4.99464 5451 923.625
1107 0005 -45.5 4.98237 5461 923.625
1107 0005 -45.5 4.97623 5503 923.625
1107 0005 -45.5 4.94555 5513 923.625
1107 0005 -45.5 4.89647 5556 923.625
1107 0005 -45.5 4.92715 5565 923.625
1107 0005 -45.5 4.87192 5607 923.625
1107 0005 -45.5 4.88419 5617 923.625
1107 0005 -46.0 4.85352 5659 923.625
1107 0005 -45.5 4.87192 5669 923.625
1107 0005 -45.5 4.82897 5712 923.625
1107 0005 -46.0 4.81056 5722 923.625
1107 0005 -45.5 4.81056 5764 923.625
1107 0005 -46.0 4.79829 5774 923.625
1107 0005 -46.0 4.74920 5816 923.625
1107 0005 -46.0 4.77375 5826 923.625
1107 0005 -46.0 4.71239 5869 923.625
1107 0005 -46.0 4.73080 5878 923.625
1107 0005 -46.5 4.70625 5920 923.625
1107 0005 -46.0 4.68171 5931 923.625
1107 0005 -46.5 4.65103 5973 923.625
1107 0005 -46.5 4.63876 5982 923.625
1107 0005 -46.0 4.58967 6024 923.625
1107 0005 -46.0 4.60808 6034 923.625
1107 0005 -46.0 4.57740 6076 923.625
1107 0005 -46.0 4.58967 6087 923.625
1107 0005 -46.0 4.55899 6128 923.625
1107 0005 -46.0 4.51604 6138 923.625
1107 0005 -46.5 4.50377 6181 923.625
1107 0005 -46.0 4.50377 6190 923.625
1107 0005 -46.5 4.47309 6233 923.625
1107 0005 -46.0 4.48536 6243 923.625
1107 0005 -46.5 4.42400 6285 923.625
1107 0005 -46.0 4.44241 6295 923.625
1107 0005 -46.5 4.38719 6338 923.625
1107 0005 -46.0 4.38105 6348 923.625
1107 0005 -46.5 4.33810 6390 923.625
1107 0005 -46.0 4.33196 6399 923.625
1107 0005 -46.0 4.32583 6441 923.625
1107 0005 -46.5 4.31969 6452 923.625
1107 0005 -46.5 4.27060 6494 923.625
1107 0005 -46.5 4.25219 6505 923.625
1107 0005 -46.5 4.22152 6545 923.625
1107 0005 -46.5 4.25833 6556 923.625
1107 0005 -47.0 4.19697 6597 923.625
1107 0005 -46.5 4.21538 6608 923.625
1107 0005 -46.5 4.16629 6650 923.625
1107 0005 -46.5 4.17243 6660 923.625
1107 0005 -47.0 4.13561 6702 923.625
1107 0005 -47.0 4.11107 6712 923.625
1107 0005 -47.0 4.08652 6755 923.625
1107 0005 -47.5 4.06198 6765 923.625
1107 0005 -47.5 4.03130 6807 923.625
1107 0005 -47.0 4.02517 6817 923.625
1107 0005 -48.0 3.98835 6859 923.625
1107 0005 -47.5 4.02517 6870 923.625
1107 0005 -48.0 3.98835 6911 923.625
1107 0005 -47.5 3.98835 6921 923.625
1107 0005 -48.0 3.95767 6963 923.625
1107 0005 -48.0 3.93313 6974 923.625
1107 0005 -48.0 3.86563 7015 923.625
1107 0005 -48.0 3.86563 7025 923.625
1107 0005 -48.0 3.82882 7067 923.625
1107 0005 -48.0 3.84722 7078 923.625
1107 0005 -48.5 3.77359 7120 923.625
1107 0005 -48.0 3.80427 7130 923.625
1107 0005 -48.0 3.73678 7172 923.625
1107 0005 -48.5 3.75518 7182 923.625
1107 0005 -48.0 3.69996 7225 923.625
1107 0005 -48.5 3.72451 7235 923.625
1107 0005 -48.5 3.67542 7278 923.625
1107 0005 -48.5 3.63860 7288 923.625
1107 0005 -48.5 3.63860 7329 923.625
1107 0005 -48.5 3.58952 7339 923.625
1107 0005 -49.0 3.60792 7381 923.625
1107 0005 -49.0 3.54656 7391 923.625
1107 0005 -48.5 3.54043 7433 923.625
1107 0005 -49.0 3.53429 7444 923.625
1107 0005 -49.0 3.52816 7486 923.625
1107 0005 -49.0 3.50975 7497 923.625
1107 0005 -49.0 3.44225 7538 923.625
1107 0005 -49.0 3.48520 7548 923.625
1107 0005 -49.5 3.41771 7590 923.625
1107 0005 -49.5 3.41771 7601 923.625
1107 0005 -49.5 3.39317 7642 923.625
1107 0005 -49.5 3.35021 7652 923.625
1107 0005 -50.0 3.35635 7695 923.625
1107 0005 -50.0 3.35021 7705 923.625
1107 0005 -50.0 3.25204 7747 923.625
1107 0005 -50.0 3.27045 7757 923.625
1107 0005 -50.5 3.27045 7799 923.625
1107 0005 -50.0 3.21522 7810 923.625
1107 0005 -50.5 3.20909 7851 923.625
1107 0005 -50.5 3.19068 7862 923.625
1107 0005 -51.0 3.14773 7904 923.625
1107 0005 -50.5 3.15386 7914 923.625
1107 0005 -51.0 3.09251 7956 923.625
1107 0005 -51.0 3.10478 7967 923.625
1107 0005 -51.0 3.04342 8009 923.625
1107 0005 -50.5 3.07410 8019 923.625
1107 0005 -51.0 2.96979 8061 923.625
1107 0005 -50.5 2.97592 8071 923.625
1107 0005 -51.0 2.95751 8114 923.625
1107 0005 -51.0 2.94524 8124 923.625
1107 0005 -51.0 2.91456 8166 923.625
1107 0005 -51.0 2.90229 8176 923.625
1107 0005 -51.5 2.89616 8218 923.625
1107 0005 -51.0 2.87161 8229 923.625
1107 0005 -51.5 2.85320 8270 923.625
1107 0005 -51.5 2.90843 8280 923.625
1107 0005 -51.5 2.77957 8323 923.625
1107 0005 -51.5 2.76117 8332 923.625
1107 0005 -51.5 2.77344 8375 923.625
1107 0005 -51.5 2.69981 8384 923.625
1107 0005 -51.5 2.69367 8426 923.625
1107 0005 -52.0 2.68140 8436 923.625
1107 0005 -52.0 2.65685 8478 923.625
1107 0005 -51.5 2.69367 8489 923.625
1107 0005 -52.5 2.60777 8530 923.625
1107 0005 -52.0 2.70594 8540 923.625
1107 0005 -52.5 2.52186 8582 923.625
