1107 0003 -57.5 3.30726 0 923.625
1107 0003 -57.5 3.30113 10 923.625
1107 0003 -57.5 3.28885 52 923.625
1107 0003 -57.5 3.28272 62 923.625
1107 0003 -57.0 3.33181 104 923.625
1107 0003 -57.0 3.36862 114 923.625
1107 0003 -56.5 3.41771 157 923.625
1107 0003 -57.0 3.26431 167 923.625
1107 0003 -56.5 3.38703 210 923.625
1107 0003 -56.5 3.42385 219 923.625
1107 0003 -56.0 3.49748 261 923.625
1107 0003 -56.5 3.48520 271 923.625
1107 0003 -56.0 3.46680 313 923.625
1107 0003 -56.0 3.50975 325 923.625
1107 0003 -56.0 3.50361 365 923.625
1107 0003 -56.0 3.54043 376 923.625
1107 0003 -55.5 3.55884 418 923.625
1107 0003 -55.5 3.54043 428 923.625
1107 0003 -55.5 3.57111 470 923.625
1107 0003 -55.5 3.60179 482 923.625
1107 0003 -55.0 3.65701 524 923.625
1107 0003 -55.5 3.68155 535 923.625
1107 0003 -55.0 3.69996 576 923.625
1107 0003 -55.5 3.69383 586 923.625
1107 0003 -55.0 3.74291 628 923.625
1107 0003 -55.0 3.76132 639 923.625
1107 0003 -55.0 3.81654 681 923.625
1107 0003 -54.5 3.85336 692 923.625
1107 0003 -55.0 3.82882 734 923.625
1107 0003 -54.5 3.89631 744 923.625
1107 0003 -54.5 3.93313 785 923.625
1107 0003 -54.5 3.95767 796 923.625
1107 0003 -54.0 3.93926 837 923.625
1107 0003 -54.0 3.91472 847 923.625
1107 0003 -54.0 4.07425 889 923.625
1107 0003 -54.0 4.02517 900 923.625
1107 0003 -54.0 4.02517 942 923.625
1107 0003 -54.0 4.05585 953 923.625
1107 0003 -53.0 4.06812 995 923.625
1107 0003 -53.0 4.12334 1005 923.625
1107 0003 -53.5 4.17243 1047 923.625
1107 0003 -53.0 4.18470 1058 923.625
1107 0003 -53.0 4.17856 1099 923.625
1107 0003 -52.5 4.17243 1110 923.625
1107 0003 -53.0 4.25219 1152 923.625
1107 0003 -52.5 4.23992 1162 923.625
1107 0003 -52.5 4.35037 1205 923.625
1107 0003 -52.0 4.32583 1214 923.625
1107 0003 -52.0 4.30128 1256 923.625
1107 0003 -51.5 4.33196 1266 923.625
1107 0003 -52.0 4.40559 1307 923.625
1107 0003 -52.0 4.38719 1318 923.625
1107 0003 -51.5 4.49150 1360 923.625
1107 0003 -51.5 4.47309 1370 923.625
1107 0003 -51.5 4.48536 1412 923.625
1107 0003 -51.5 4.56513 1423 923.625
1107 0003 -51.5 4.57740 1465 923.625
1107 0003 -51.5 4.62035 1474 923.625
1107 0003 -51.5 4.65103 1517 923.625
1107 0003 -51.5 4.64489 1527 923.625
1107 0003 -51.5 4.70012 1570 923.625
1107 0003 -51.0 4.73080 1580 923.625
1107 0003 -50.5 4.74307 1621 923.625
1107 0003 -50.5 4.80443 1632 923.625
1107 0003 -50.5 4.82284 1673 923.625
1107 0003 -50.5 4.84124 1683 923.625
1107 0003 -50.0 4.89647 1726 923.625
1107 0003 -50.0 4.91487 1736 923.625
1107 0003 -49.5 4.94555 1778 923.625
1107 0003 -49.5 4.97623 1788 923.625
1107 0003 -49.0 4.97623 1831 923.625
1107 0003 -49.0 4.98851 1841 923.625
1107 0003 -49.0 5.05600 1883 923.625
1107 0003 -49.0 5.06214 1893 923.625
1107 0003 -49.0 5.12350 1935 923.625
1107 0003 -49.0 5.14804 1945 923.625
1107 0003 -48.5 5.18486 1988 923.625
1107 0003 -48.5 5.21553 1998 923.625
1107 0003 -48.5 5.23394 2039 923.625
1107 0003 -48.5 5.22781 2050 923.625
1107 0003 -48.0 5.28917 2091 923.625
1107 0003 -48.0 5.28917 2101 923.625
1107 0003 -48.0 5.35666 2143 923.625
1107 0003 -48.0 5.33825 2155 923.625
1107 0003 -48.0 5.41802 2196 923.625
1107 0003 -48.0 5.33825 2206 923.625
1107 0003 -47.5 5.45484 2248 923.625
1107 0003 -47.5 5.47324 2258 923.625
1107 0003 -47.5 5.53460 2301 923.625
1107 0003 -47.5 5.52847 2310 923.625
1107 0003 -47.0 5.53460 2352 923.625
1107 0003 -47.0 5.53460 2362 923.625
1107 0003 -46.5 5.61437 2404 923.625
1107 0003 -46.0 5.63891 2415 923.625
1107 0003 -46.0 5.60823 2457 923.625
1107 0003 -46.0 5.65119 2467 923.625
1107 0003 -46.0 5.65119 2510 923.625
1107 0003 -46.0 5.68800 2520 923.625
1107 0003 -45.5 5.73095 2562 923.625
1107 0003 -45.5 5.74322 2572 923.625
1107 0003 -45.5 5.74322 2615 923.625
1107 0003 -45.5 5.73095 2624 923.625
1107 0003 -45.0 5.76163 2667 923.625
1107 0003 -45.0 5.78004 2676 923.625
1107 0003 -45.0 5.80458 2718 923.625
1107 0003 -45.0 5.81686 2729 923.625
1107 0003 -45.0 5.84753 2771 923.625
1107 0003 -45.0 5.84753 2780 923.625
1107 0003 -44.5 5.84753 2823 923.625
1107 0003 -44.5 5.87821 2832 923.625
1107 0003 -44.5 5.92730 2874 923.625
1107 0003 -44.5 5.89049 2885 923.625
1107 0003 -44.5 5.93344 2927 923.625
1107 0003 -44.5 5.93344 2937 923.625
1107 0003 -44.0 5.95798 2979 923.625
1107 0003 -44.0 5.94571 2990 923.625
1107 0003 -44.0 5.97639 3032 923.625
1107 0003 -44.0 5.97025 3043 923.625
1107 0003 -44.0 5.98253 3084 923.625
1107 0003 -44.0 5.98866 3094 923.625
1107 0003 -44.0 5.98866 3137 923.625
1107 0003 -44.0 6.01934 3147 923.625
1107 0003 -44.0 6.00707 3189 923.625
1107 0003 -44.0 6.00707 3200 923.625
1107 0003 -44.0 6.03161 3241 923.625
1107 0003 -43.5 6.03775 3251 923.625
1107 0003 -43.5 6.04388 3293 923.625
1107 0003 -43.5 6.03775 3304 923.625
1107 0003 -43.5 6.05002 3346 923.625
1107 0003 -43.5 6.06229 3355 923.625
1107 0003 -43.5 6.07456 3398 923.625
1107 0003 -43.5 6.08070 3408 923.625
1107 0003 -43.5 6.08684 3449 923.625
1107 0003 -43.0 6.08070 3459 923.625
1107 0003 -43.5 6.07456 3502 923.625
1107 0003 -43.5 6.07456 3511 923.625
1107 0003 -43.0 6.09911 3555 923.625
1107 0003 -43.0 6.08684 3564 923.625
1107 0003 -43.0 6.09297 3606 923.625
1107 0003 -43.0 6.06229 3616 923.625
1107 0003 -43.0 6.08070 3658 923.625
1107 0003 -43.0 6.08070 3669 923.625
1107 0003 -43.0 6.08070 3711 923.625
1107 0003 -43.0 6.07456 3721 923.625
1107 0003 -43.0 6.08684 3764 923.625
1107 0003 -43.0 6.06229 3774 923.625
1107 0003 -42.5 6.08070 3816 923.625
1107 0003 -42.5 6.08684 3826 923.625
1107 0003 -42.5 6.06229 3868 923.625
1107 0003 -42.5 6.06843 3879 923.625
1107 0003 -42.5 6.08684 3920 923.625
1107 0003 -42.5 6.07456 3931 923.625
1107 0003 -42.5 6.04388 3974 923.625
1107 0003 -42.5 6.04388 3983 923.625
1107 0003 -42.5 6.05616 4025 923.625
1107 0003 -42.5 6.05616 4035 923.625
1107 0003 -42.0 6.03161 4077 923.625
1107 0003 -42.0 6.03161 4088 923.625
1107 0003 -42.0 6.02548 4130 923.625
1107 0003 -42.0 6.03161 4140 923.625
1107 0003 -42.0 6.01934 4181 923.625
1107 0003 -42.0 6.03161 4192 923.625
1107 0003 -42.0 5.97025 4234 923.625
1107 0003 -42.0 5.99480 4244 923.625
1107 0003 -42.0 5.98253 4286 923.625
1107 0003 -42.0 5.97025 4296 923.625
1107 0003 -42.0 5.96412 4338 923.625
1107 0003 -41.5 5.96412 4348 923.625
1107 0003 -41.5 5.94571 4391 923.625
1107 0003 -41.5 5.97639 4401 923.625
1107 0003 -41.5 5.93957 4443 923.625
1107 0003 -41.5 5.92730 4454 923.625
1107 0003 -41.5 5.93957 4495 923.625
1107 0003 -41.5 5.91503 4505 923.625
1107 0003 -41.5 5.89049 4547 923.625
1107 0003 -41.5 5.93344 4557 923.625
1107 0003 -41.0 5.89049 4599 923.625
1107 0003 -41.0 5.89662 4609 923.625
1107 0003 -41.0 5.88435 4652 923.625
1107 0003 -41.0 5.84140 4661 923.625
1107 0003 -41.0 5.88435 4703 923.625
1107 0003 -41.0 5.85367 4713 923.625
1107 0003 -41.0 5.82299 4756 923.625
1107 0003 -41.0 5.81072 4765 923.625
1107 0003 -41.0 5.78004 4808 923.625
1107 0003 -41.0 5.81072 4818 923.625
1107 0003 -41.0 5.78004 4860 923.625
1107 0003 -41.0 5.78618 4871 923.625
1107 0003 -40.5 5.78618 4913 923.625
1107 0003 -41.0 5.76163 4924 923.625
1107 0003 -40.5 5.74322 4965 923.625
1107 0003 -40.5 5.74322 4974 923.625
1107 0003 -40.5 5.71868 5017 923.625
1107 0003 -40.5 5.73095 5027 923.625
1107 0003 -40.5 5.69414 5069 923.625
1107 0003 -40.5 5.71868 5080 923.625
1107 0003 -40.5 5.70027 5121 923.625
1107 0003 -40.5 5.69414 5132 923.625
1107 0003 -40.5 5.63891 5174 923.625
1107 0003 -40.5 5.63891 5184 923.625
1107 0003 -40.5 5.62051 5226 923.625
1107 0003 -40.5 5.62051 5237 923.625
1107 0003 -40.5 5.56528 5278 923.625
1107 0003 -40.5 5.59596 5289 923.625
1107 0003 -40.5 5.57142 5331 923.625
1107 0003 -40.5 5.57142 5341 923.625
1107 0003 -40.5 5.55915 5383 923.625
1107 0003 -40.5 5.53460 5394 923.625
1107 0003 -40.5 5.52233 5435 923.625
1107 0003 -40.5 5.51619 5447 923.625
1107 0003 -40.5 5.47938 5488 923.625
1107 0003 -40.5 5.47324 5499 923.625
1107 0003 -40.5 5.44256 5540 923.625
1107 0003 -40.5 5.46097 5551 923.625
1107 0003 -40.5 5.39961 5592 923.625
1107 0003 -40.5 5.39961 5602 923.625
1107 0003 -40.5 5.35666 5644 923.625
1107 0003 -40.5 5.38734 5655 923.625
1107 0003 -40.0 5.33212 5697 923.625
1107 0003 -40.0 5.33825 5707 923.625
1107 0003 -40.0 5.30757 5751 923.625
1107 0003 -40.0 5.30757 5762 923.625
1107 0003 -40.0 5.30757 5803 923.625
1107 0003 -40.0 5.27689 5814 923.625
1107 0003 -40.0 5.27689 5856 923.625
1107 0003 -40.0 5.26462 5866 923.625
1107 0003 -40.0 5.23394 5909 923.625
1107 0003 -40.0 5.23394 5918 923.625
1107 0003 -40.0 5.19713 5961 923.625
1107 0003 -40.0 5.19099 5971 923.625
1107 0003 -40.0 5.15418 6013 923.625
1107 0003 -40.0 5.16645 6024 923.625
1107 0003 -40.0 5.14804 6066 923.625
1107 0003 -40.0 5.13577 6077 923.625
1107 0003 -40.0 5.11122 6118 923.625
1107 0003 -40.0 5.11122 6129 923.625
1107 0003 -40.0 5.08054 6172 923.625
1107 0003 -40.0 5.07441 6182 923.625
1107 0003 -40.0 5.06214 6223 923.625
1107 0003 -40.0 5.06827 6234 923.625
1107 0003 -40.0 5.04373 6277 923.625
1107 0003 -40.0 5.02532 6286 923.625
1107 0003 -40.0 5.01305 6327 923.625
1107 0003 -40.0 5.00078 6338 923.625
1107 0003 -40.0 4.98851 6381 923.625
1107 0003 -40.0 4.97623 6391 923.625
1107 0003 -40.0 4.92715 6432 923.625
1107 0003 -40.0 4.92715 6442 923.625
1107 0003 -40.0 4.90874 6485 923.625
1107 0003 -40.0 4.90260 6495 923.625
1107 0003 -40.0 4.92101 6537 923.625
1107 0003 -40.0 4.89033 6548 923.625
1107 0003 -40.5 4.87192 6589 923.625
1107 0003 -40.5 4.85352 6600 923.625
1107 0003 -40.5 4.81670 6642 923.625
1107 0003 -40.5 4.82284 6652 923.625
1107 0003 -40.5 4.79829 6694 923.625
1107 0003 -40.5 4.79216 6704 923.625
1107 0003 -40.5 4.76761 6746 923.625
1107 0003 -40.5 4.76148 6758 923.625
1107 0003 -41.0 4.74307 6798 923.625
1107 0003 -41.0 4.74920 6809 923.625
1107 0003 -41.0 4.70012 6851 923.625
1107 0003 -41.0 4.70012 6862 923.625
1107 0003 -41.0 4.66944 6904 923.625
1107 0003 -41.0 4.68785 6914 923.625
1107 0003 -41.0 4.65717 6956 923.625
1107 0003 -41.0 4.62649 6966 923.625
1107 0003 -41.0 4.61421 7009 923.625
1107 0003 -41.0 4.63262 7018 923.625
1107 0003 -41.0 4.60194 7060 923.625
1107 0003 -41.0 4.57126 7071 923.625
1107 0003 -40.5 4.56513 7114 923.625
1107 0003 -41.0 4.55285 7123 923.625
1107 0003 -41.0 4.52831 7166 923.625
1107 0003 -41.0 4.52831 7176 923.625
1107 0003 -41.0 4.50377 7219 923.625
1107 0003 -41.0 4.49763 7229 923.625
1107 0003 -41.0 4.46695 7270 923.625
1107 0003 -41.0 4.46695 7281 923.625
1107 0003 -41.0 4.41786 7323 923.625
1107 0003 -41.0 4.41786 7333 923.625
1107 0003 -41.0 4.39946 7375 923.625
1107 0003 -41.0 4.41173 7386 923.625
1107 0003 -41.0 4.39332 7429 923.625
1107 0003 -41.0 4.37491 7438 923.625
1107 0003 -41.0 4.34423 7480 923.625
1107 0003 -41.0 4.35037 7491 923.625
1107 0003 -41.0 4.31969 7534 923.625
1107 0003 -41.0 4.31969 7544 923.625
1107 0003 -41.0 4.29515 7587 923.625
1107 0003 -41.0 4.27674 7597 923.625
1107 0003 -41.0 4.25219 7641 923.625
1107 0003 -41.0 4.25833 7650 923.625
1107 0003 -41.0 4.24606 7692 923.625
1107 0003 -41.5 4.23992 7703 923.625
1107 0003 -41.5 4.20924 7746 923.625
1107 0003 -41.5 4.20924 7756 923.625
1107 0003 -41.5 4.17856 7798 923.625
1107 0003 -41.5 4.16016 7808 923.625
1107 0003 -41.5 4.14788 7853 923.625
1107 0003 -41.5 4.12334 7862 923.625
1107 0003 -41.5 4.11720 7905 923.625
1107 0003 -42.0 4.11107 7915 923.625
1107 0003 -42.0 4.06812 7957 923.625
1107 0003 -42.0 4.07425 7967 923.625
1107 0003 -42.0 4.05585 8010 923.625
1107 0003 -42.0 4.03744 8021 923.625
1107 0003 -42.0 4.04971 8063 923.625
1107 0003 -42.0 4.03130 8072 923.625
1107 0003 -42.5 3.98221 8114 923.625
1107 0003 -42.5 3.99449 8124 923.625
1107 0003 -42.5 3.95153 8167 923.625
1107 0003 -42.5 3.95153 8177 923.625
1107 0003 -42.5 3.92699 8219 923.625
