1107 0003 -54.0 1.32536 0 923.625
1107 0003 -54.5 1.34990 10 923.625
1107 0003 -54.0 1.40513 52 923.625
1107 0003 -54.0 1.44194 63 923.625
1107 0003 -54.5 1.43581 105 923.625
1107 0003 -54.0 1.49717 115 923.625
1107 0003 -54.0 1.57693 157 923.625
1107 0003 -54.0 1.52784 167 923.625
1107 0003 -53.5 1.57080 209 923.625
1107 0003 -54.0 1.58920 219 923.625
1107 0003 -53.5 1.68738 262 923.625
1107 0003 -53.0 1.69965 273 923.625
1107 0003 -53.0 1.76715 314 923.625
1107 0003 -52.0 1.56466 404 923.625
1107 0003 -52.0 1.84078 489 923.625
1107 0003 -52.0 1.93895 532 923.625
1107 0003 -52.0 1.88373 543 923.625
1107 0003 -52.0 1.95122 584 923.625
1107 0003 -51.5 1.97577 594 923.625
1107 0003 -51.5 2.06167 636 923.625
1107 0003 -51.5 2.05553 647 923.625
1107 0003 -51.5 2.09849 689 923.625
1107 0003 -51.5 2.12917 699 923.625
1107 0003 -51.5 2.15984 741 923.625
1107 0003 -51.5 2.28870 753 923.625
1107 0003 -51.5 2.27643 808 923.625
1107 0003 -51.0 2.30711 850 923.625
1107 0003 -51.0 2.31324 860 923.625
1107 0003 -51.0 2.35006 903 923.625
1107 0003 -51.0 2.32551 913 923.625
1107 0003 -50.5 2.44210 954 923.625
1107 0003 -50.5 2.47891 965 923.625
1107 0003 -50.5 2.52800 1007 923.625
1107 0003 -50.5 2.50959 1017 923.625
1107 0003 -50.5 2.57095 1059 923.625
1107 0003 -50.5 2.52800 1069 923.625
1107 0003 -50.0 2.64458 1112 923.625
1107 0003 -50.0 2.65072 1122 923.625
1107 0003 -50.0 2.71821 1163 923.625
1107 0003 -50.0 2.74889 1174 923.625
1107 0003 -50.0 2.81025 1216 923.625
1107 0003 -49.5 2.81639 1226 923.625
1107 0003 -50.0 2.88388 1268 923.625
1107 0003 -50.0 2.88388 1278 923.625
1107 0003 -49.5 2.94524 1321 923.625
1107 0003 -49.5 2.93297 1331 923.625
1107 0003 -50.0 2.98206 1373 923.625
1107 0003 -50.0 3.01274 1383 923.625
1107 0003 -50.0 3.08637 1425 923.625
1107 0003 -50.0 3.11705 1435 923.625
1107 0003 -49.5 3.17227 1478 923.625
1107 0003 -50.0 3.21522 1487 923.625
1107 0003 -49.5 3.23363 1529 923.625
1107 0003 -49.5 3.22136 1539 923.625
1107 0003 -49.0 3.31953 1582 923.625
1107 0003 -49.0 3.35021 1592 923.625
1107 0003 -49.0 3.40544 1634 923.625
1107 0003 -49.0 3.41771 1645 923.625
1107 0003 -49.0 3.44839 1686 923.625
1107 0003 -48.5 3.46680 1697 923.625
1107 0003 -48.5 3.56497 1738 923.625
1107 0003 -48.5 3.56497 1749 923.625
1107 0003 -48.5 3.63860 1792 923.625
1107 0003 -48.5 3.61406 1801 923.625
1107 0003 -48.5 3.67542 1843 923.625
1107 0003 -48.5 3.71223 1853 923.625
1107 0003 -48.5 3.76132 1895 923.625
1107 0003 -48.5 3.76746 1906 923.625
1107 0003 -48.5 3.86563 1948 923.625
1107 0003 -48.5 3.84722 1959 923.625
1107 0003 -48.5 3.96381 2001 923.625
1107 0003 -48.5 3.95153 2011 923.625
1107 0003 -48.0 4.03130 2054 923.625
1107 0003 -48.0 4.04357 2064 923.625
1107 0003 -47.5 4.09880 2106 923.625
1107 0003 -47.5 4.06812 2117 923.625
1107 0003 -47.5 4.17243 2158 923.625
1107 0003 -47.5 4.20924 2169 923.625
1107 0003 -47.5 4.27674 2210 923.625
1107 0003 -47.0 4.24606 2221 923.625
1107 0003 -47.0 4.28901 2263 923.625
1107 0003 -47.0 4.30128 2273 923.625
1107 0003 -47.0 4.41173 2315 923.625
1107 0003 -47.0 4.39946 2325 923.625
1107 0003 -47.0 4.47309 2367 923.625
1107 0003 -47.0 4.46082 2377 923.625
1107 0003 -46.5 4.49150 2420 923.625
1107 0003 -47.0 4.49763 2430 923.625
1107 0003 -46.5 4.57126 2472 923.625
1107 0003 -46.5 4.57126 2482 923.625
1107 0003 -46.5 4.64489 2524 923.625
1107 0003 -46.5 4.64489 2535 923.625
1107 0003 -46.5 4.65103 2577 923.625
1107 0003 -46.5 4.68785 2586 923.625
1107 0003 -46.5 4.71852 2628 923.625
1107 0003 -46.5 4.71239 2639 923.625
1107 0003 -46.0 4.78602 2682 923.625
1107 0003 -46.0 4.77988 2692 923.625
1107 0003 -46.0 4.82284 2733 923.625
1107 0003 -46.0 4.82284 2744 923.625
1107 0003 -45.5 4.87192 2785 923.625
1107 0003 -45.5 4.87192 2796 923.625
1107 0003 -45.5 4.90874 2838 923.625
1107 0003 -45.0 4.92715 2848 923.625
1107 0003 -45.0 4.95783 2891 923.625
1107 0003 -45.0 4.97010 2900 923.625
1107 0003 -45.0 4.98851 2942 923.625
1107 0003 -45.0 4.98237 2953 923.625
1107 0003 -44.5 5.03759 2995 923.625
1107 0003 -44.5 5.00691 3005 923.625
1107 0003 -44.5 5.04373 3046 923.625
1107 0003 -44.5 5.07441 3057 923.625
1107 0003 -44.5 5.09282 3099 923.625
1107 0003 -44.5 5.08054 3110 923.625
1107 0003 -44.0 5.10509 3152 923.625
1107 0003 -44.0 5.11122 3162 923.625
1107 0003 -44.0 5.12350 3204 923.625
1107 0003 -44.0 5.12350 3214 923.625
1107 0003 -44.0 5.16031 3256 923.625
1107 0003 -44.0 5.14190 3266 923.625
1107 0003 -43.5 5.16645 3308 923.625
1107 0003 -43.5 5.17258 3319 923.625
1107 0003 -43.5 5.19099 3361 923.625
1107 0003 -43.5 5.18486 3372 923.625
1107 0003 -43.5 5.21553 3413 923.625
1107 0003 -43.5 5.20326 3424 923.625
1107 0003 -43.5 5.24008 3465 923.625
1107 0003 -43.0 5.24008 3475 923.625
1107 0003 -43.0 5.25235 3517 923.625
1107 0003 -43.0 5.24621 3528 923.625
1107 0003 -43.0 5.27689 3570 923.625
1107 0003 -43.0 5.27076 3580 923.625
1107 0003 -43.0 5.29530 3622 923.625
1107 0003 -43.0 5.30144 3633 923.625
1107 0003 -43.0 5.31985 3674 923.625
1107 0003 -43.0 5.30757 3684 923.625
1107 0003 -42.5 5.32598 3726 923.625
1107 0003 -42.5 5.31985 3737 923.625
1107 0003 -42.5 5.31985 3778 923.625
1107 0003 -42.5 5.31985 3789 923.625
1107 0003 -42.5 5.36280 3830 923.625
1107 0003 -42.5 5.31985 3841 923.625
1107 0003 -42.5 5.32598 3883 923.625
1107 0003 -42.5 5.33825 3894 923.625
1107 0003 -42.5 5.37507 3935 923.625
1107 0003 -42.5 5.39348 3945 923.625
1107 0003 -42.0 5.38120 3987 923.625
1107 0003 -42.0 5.38734 3998 923.625
1107 0003 -42.0 5.38734 4039 923.625
1107 0003 -42.0 5.36280 4050 923.625
1107 0003 -42.0 5.39348 4091 923.625
1107 0003 -42.0 5.41802 4101 923.625
1107 0003 -42.0 5.39961 4144 923.625
1107 0003 -42.0 5.39961 4154 923.625
1107 0003 -41.5 5.41188 4196 923.625
1107 0003 -41.5 5.39348 4207 923.625
1107 0003 -41.5 5.41188 4249 923.625
1107 0003 -41.5 5.36280 4258 923.625
1107 0003 -41.5 5.39961 4300 923.625
1107 0003 -41.5 5.41802 4311 923.625
1107 0003 -41.5 5.39961 4353 923.625
1107 0003 -41.5 5.40575 4363 923.625
1107 0003 -41.5 5.42416 4405 923.625
1107 0003 -41.5 5.39348 4416 923.625
1107 0003 -41.0 5.40575 4457 923.625
1107 0003 -41.0 5.38120 4468 923.625
1107 0003 -41.0 5.39961 4510 923.625
1107 0003 -41.0 5.38734 4520 923.625
1107 0003 -41.0 5.41188 4562 923.625
1107 0003 -41.0 5.41188 4572 923.625
1107 0003 -41.0 5.40575 4614 923.625
1107 0003 -41.0 5.39961 4625 923.625
1107 0003 -40.5 5.36280 4666 923.625
1107 0003 -40.5 5.36893 4677 923.625
1107 0003 -40.5 5.38734 4719 923.625
1107 0003 -40.5 5.41802 4729 923.625
1107 0003 -40.5 5.36280 4772 923.625
1107 0003 -40.5 5.39348 4782 923.625
1107 0003 -40.5 5.35052 4823 923.625
1107 0003 -40.5 5.35052 4834 923.625
1107 0003 -40.5 5.35052 4876 923.625
1107 0003 -40.5 5.36280 4887 923.625
1107 0003 -40.0 5.34439 4928 923.625
1107 0003 -40.0 5.34439 4939 923.625
1107 0003 -40.0 5.35052 4982 923.625
1107 0003 -40.0 5.33825 4991 923.625
1107 0003 -40.0 5.34439 5034 923.625
1107 0003 -40.0 5.32598 5043 923.625
1107 0003 -40.0 5.32598 5085 923.625
1107 0003 -40.0 5.34439 5096 923.625
1107 0003 -40.0 5.32598 5137 923.625
1107 0003 -40.0 5.32598 5147 923.625
1107 0003 -39.5 5.31985 5190 923.625
1107 0003 -39.5 5.30144 5205 923.625
1107 0003 -39.5 5.29530 5247 923.625
1107 0003 -39.5 5.29530 5256 923.625
1107 0003 -39.5 5.28303 5299 923.625
1107 0003 -39.5 5.28303 5309 923.625
1107 0003 -39.5 5.25235 5352 923.625
1107 0003 -39.5 5.24621 5362 923.625
1107 0003 -39.5 5.23394 5402 923.625
1107 0003 -39.5 5.23394 5414 923.625
1107 0003 -39.5 5.24008 5455 923.625
1107 0003 -39.5 5.24008 5465 923.625
1107 0003 -39.0 5.21553 5507 923.625
1107 0003 -39.0 5.21553 5516 923.625
1107 0003 -39.5 5.20326 5559 923.625
1107 0003 -39.0 5.19713 5570 923.625
1107 0003 -39.0 5.16645 5610 923.625
1107 0003 -39.0 5.17872 5621 923.625
1107 0003 -39.0 5.16031 5663 923.625
1107 0003 -39.0 5.15418 5673 923.625
1107 0003 -39.0 5.12963 5715 923.625
1107 0003 -39.0 5.13577 5725 923.625
1107 0003 -39.0 5.11736 5767 923.625
1107 0003 -39.0 5.11122 5778 923.625
1107 0003 -39.0 5.09895 5819 923.625
1107 0003 -39.0 5.09282 5830 923.625
1107 0003 -39.0 5.08668 5872 923.625
1107 0003 -39.0 5.06827 5882 923.625
1107 0003 -39.0 5.07441 5925 923.625
1107 0003 -39.0 5.03146 5935 923.625
1107 0003 -39.0 5.03759 5977 923.625
1107 0003 -39.0 5.02532 5988 923.625
1107 0003 -39.0 5.01305 6029 923.625
1107 0003 -39.0 5.01919 6039 923.625
1107 0003 -39.0 4.99464 6081 923.625
1107 0003 -39.0 5.01305 6091 923.625
1107 0003 -39.0 4.97623 6134 923.625
1107 0003 -39.0 4.98237 6143 923.625
1107 0003 -39.0 4.93942 6187 923.625
1107 0003 -39.0 4.93328 6198 923.625
1107 0003 -39.0 4.93328 6240 923.625
1107 0003 -39.5 4.92101 6251 923.625
1107 0003 -39.5 4.90260 6294 923.625
1107 0003 -39.5 4.90874 6304 923.625
1107 0003 -39.5 4.87192 6346 923.625
1107 0003 -39.5 4.88419 6357 923.625
1107 0003 -39.5 4.85965 6401 923.625
1107 0003 -39.5 4.85352 6411 923.625
1107 0003 -39.5 4.81670 6452 923.625
1107 0003 -39.5 4.81670 6462 923.625
1107 0003 -39.5 4.79216 6506 923.625
1107 0003 -39.5 4.80443 6515 923.625
1107 0003 -40.0 4.78602 6557 923.625
1107 0003 -40.0 4.79216 6568 923.625
1107 0003 -40.0 4.77375 6611 923.625
1107 0003 -40.0 4.74920 6622 923.625
1107 0003 -40.0 4.73080 6665 923.625
1107 0003 -40.0 4.73080 6674 923.625
1107 0003 -40.5 4.70625 6717 923.625
1107 0003 -40.0 4.73080 6728 923.625
1107 0003 -40.0 4.68171 6770 923.625
1107 0003 -40.0 4.68171 6780 923.625
1107 0003 -40.0 4.67557 6823 923.625
1107 0003 -40.0 4.65717 6834 923.625
1107 0003 -40.0 4.65103 6876 923.625
1107 0003 -40.0 4.63262 6886 923.625
1107 0003 -40.0 4.58967 6930 923.625
1107 0003 -40.0 4.62649 6940 923.625
1107 0003 -40.0 4.57126 6981 923.625
1107 0003 -40.0 4.57740 6992 923.625
1107 0003 -40.0 4.54672 7035 923.625
1107 0003 -40.5 4.53445 7045 923.625
1107 0003 -40.5 4.52218 7087 923.625
1107 0003 -40.5 4.51604 7098 923.625
1107 0003 -40.5 4.49150 7141 923.625
1107 0003 -40.0 4.47922 7153 923.625
1107 0003 -40.5 4.47922 7194 923.625
1107 0003 -40.5 4.48536 7205 923.625
1107 0003 -40.5 4.48536 7247 923.625
1107 0003 -40.5 4.46082 7258 923.625
1107 0003 -40.5 4.43627 7298 923.625
1107 0003 -40.5 4.43014 7309 923.625
1107 0003 -40.5 4.41173 7351 923.625
1107 0003 -40.5 4.39946 7361 923.625
1107 0003 -40.5 4.37491 7404 923.625
1107 0003 -40.5 4.37491 7414 923.625
1107 0003 -40.5 4.35651 7457 923.625
1107 0003 -40.5 4.35037 7466 923.625
1107 0003 -41.0 4.35037 7509 923.625
1107 0003 -41.0 4.32583 7519 923.625
1107 0003 -41.0 4.28287 7560 923.625
1107 0003 -41.0 4.30742 7571 923.625
1107 0003 -41.0 4.29515 7612 923.625
1107 0003 -41.0 4.28901 7623 923.625
1107 0003 -41.0 4.24606 7664 923.625
1107 0003 -41.0 4.25219 7675 923.625
1107 0003 -41.0 4.22765 7717 923.625
1107 0003 -41.0 4.22765 7727 923.625
1107 0003 -41.5 4.20311 7768 923.625
1107 0003 -41.5 4.19084 7779 923.625
1107 0003 -41.5 4.16016 7822 923.625
1107 0003 -41.5 4.20924 7833 923.625
1107 0003 -41.5 4.18470 7875 923.625
1107 0003 -41.5 4.15402 7885 923.625
1107 0003 -41.5 4.13561 7927 923.625
1107 0003 -41.5 4.14175 7937 923.625
1107 0003 -41.5 4.09266 7979 923.625
1107 0003 -41.5 4.11107 7989 923.625
1107 0003 -41.5 4.09266 8032 923.625
1107 0003 -42.0 4.03744 8042 923.625
1107 0003 -42.0 4.06812 8084 923.625
1107 0003 -42.0 4.07425 8095 923.625
1107 0003 -42.0 4.04357 8136 923.625
1107 0003 -42.0 4.01903 8147 923.625
1107 0003 -42.5 3.98835 8190 923.625
1107 0003 -42.5 4.00676 8199 923.625
1107 0003 -42.5 3.98221 8241 923.625
1107 0003 -42.5 3.95767 8252 923.625
1107 0003 -42.5 3.96381 8293 923.625
1107 0003 -42.5 3.95767 8304 923.625
1107 0003 -42.5 3.91472 8346 923.625
1107 0003 -43.0 3.90245 8357 923.625
1107 0003 -43.0 3.90245 8399 923.625
1107 0003 -43.0 3.89018 8409 923.625
1107 0003 -43.0 3.84722 8450 923.625
1107 0003 -43.0 3.83495 8460 923.625
1107 0003 -43.0 3.84109 8502 923.625
1107 0003 -43.0 3.81041 8513 923.625
1107 0003 -43.0 3.78586 8556 923.625
1107 0003 -43.0 3.77973 8565 923.625
1107 0003 -43.0 3.75518 8607 923.625
1107 0003 -43.0 3.73678 8617 923.625
1107 0003 -43.0 3.73678 8659 923.625
1107 0003 -43.0 3.68769 8670 923.625
1107 0003 -43.5 3.68155 8712 923.625
1107 0003 -43.5 3.63860 8723 923.625
1107 0003 -43.5 3.66315 8764 923.625
1107 0003 -43.5 3.60792 8775 923.625
1107 0003 -43.5 3.62633 8816 923.625
1107 0003 -43.5 3.60792 8826 923.625
1107 0003 -43.5 3.55884 8868 923.625
