1107 0003 -54.5 1.28854 0 923.625
1107 0003 -54.5 1.37445 11 923.625
1107 0003 -54.0 1.43581 52 923.625
1107 0003 -54.0 1.40513 63 923.625
1107 0003 -53.5 1.54012 105 923.625
1107 0003 -54.0 1.52784 115 923.625
1107 0003 -53.0 1.51557 156 923.625
1107 0003 -53.5 1.56466 166 923.625
1107 0003 -53.0 1.55239 209 923.625
1107 0003 -53.0 1.59534 218 923.625
1107 0003 -53.0 1.66897 260 923.625
1107 0003 -53.0 1.64443 270 923.625
1107 0003 -52.5 1.71806 313 923.625
1107 0003 -53.0 1.71192 323 923.625
1107 0003 -52.5 1.74260 364 923.625
1107 0003 -52.0 1.81010 375 923.625
1107 0003 -52.0 1.84691 416 923.625
1107 0003 -52.0 1.87146 427 923.625
1107 0003 -52.0 1.89600 469 923.625
1107 0003 -51.5 1.98190 480 923.625
1107 0003 -51.5 1.93895 521 923.625
1107 0003 -51.5 1.95736 531 923.625
1107 0003 -51.5 2.03099 573 923.625
1107 0003 -51.5 2.00645 584 923.625
1107 0003 -51.5 2.06781 625 923.625
1107 0003 -51.5 2.11689 635 923.625
1107 0003 -51.5 2.17825 679 923.625
1107 0003 -51.5 2.17212 694 923.625
1107 0003 -51.5 2.15984 735 923.625
1107 0003 -51.0 2.23348 745 923.625
1107 0003 -51.0 2.31324 787 923.625
1107 0003 -50.5 2.35006 818 923.625
1107 0003 -51.0 2.36847 859 923.625
1107 0003 -51.0 2.31938 870 923.625
1107 0003 -50.5 2.42369 912 923.625
1107 0003 -51.0 2.43596 922 923.625
1107 0003 -50.5 2.43596 965 923.625
1107 0003 -50.5 2.50346 976 923.625
1107 0003 -50.0 2.57095 1018 923.625
1107 0003 -50.0 2.60163 1027 923.625
1107 0003 -50.0 2.58322 1069 923.625
1107 0003 -50.0 2.65685 1079 923.625
1107 0003 -50.0 2.68753 1121 923.625
1107 0003 -49.5 2.73049 1132 923.625
1107 0003 -49.5 2.74889 1173 923.625
1107 0003 -49.5 2.76730 1183 923.625
1107 0003 -49.5 2.85934 1226 923.625
1107 0003 -49.5 2.76730 1235 923.625
1107 0003 -49.5 2.85320 1279 923.625
1107 0003 -49.5 2.93297 1288 923.625
1107 0003 -49.5 2.96979 1330 923.625
1107 0003 -49.5 2.98819 1341 923.625
1107 0003 -49.5 3.03728 1383 923.625
1107 0003 -49.5 3.10478 1393 923.625
1107 0003 -50.0 3.19068 1435 923.625
1107 0003 -49.5 3.13546 1445 923.625
1107 0003 -49.5 3.20909 1487 923.625
1107 0003 -49.5 3.20295 1496 923.625
1107 0003 -49.0 3.21522 1538 923.625
1107 0003 -49.0 3.27045 1549 923.625
1107 0003 -48.5 3.37476 1592 923.625
1107 0003 -48.5 3.36249 1601 923.625
1107 0003 -48.5 3.42385 1643 923.625
1107 0003 -48.5 3.43612 1653 923.625
1107 0003 -48.5 3.49134 1696 923.625
1107 0003 -48.0 3.54043 1706 923.625
1107 0003 -48.5 3.58952 1748 923.625
1107 0003 -48.5 3.60179 1759 923.625
1107 0003 -48.0 3.62633 1801 923.625
1107 0003 -48.0 3.65701 1811 923.625
1107 0003 -48.0 3.71223 1852 923.625
1107 0003 -48.5 3.73678 1863 923.625
1107 0003 -48.0 3.81041 1905 923.625
1107 0003 -48.0 3.84109 1916 923.625
1107 0003 -48.5 3.90245 1958 923.625
1107 0003 -48.5 3.89631 1968 923.625
1107 0003 -48.0 3.97608 2010 923.625
1107 0003 -48.0 4.01903 2020 923.625
1107 0003 -47.5 4.07425 2063 923.625
1107 0003 -48.0 4.04357 2073 923.625
1107 0003 -47.5 4.11107 2115 923.625
1107 0003 -47.5 4.14788 2126 923.625
1107 0003 -47.0 4.16016 2167 923.625
1107 0003 -47.0 4.21538 2177 923.625
1107 0003 -47.0 4.30128 2219 923.625
1107 0003 -47.0 4.29515 2230 923.625
1107 0003 -46.5 4.35037 2272 923.625
1107 0003 -46.5 4.36878 2281 923.625
1107 0003 -46.5 4.42400 2323 923.625
1107 0003 -46.5 4.46082 2334 923.625
1107 0003 -46.5 4.49763 2376 923.625
1107 0003 -46.5 4.53445 2386 923.625
1107 0003 -46.5 4.55285 2428 923.625
1107 0003 -46.5 4.53445 2438 923.625
1107 0003 -46.5 4.60808 2480 923.625
1107 0003 -46.5 4.60194 2492 923.625
1107 0003 -46.5 4.65717 2532 923.625
1107 0003 -46.5 4.65103 2543 923.625
1107 0003 -46.5 4.68785 2585 923.625
1107 0003 -46.0 4.70625 2595 923.625
1107 0003 -46.0 4.76148 2637 923.625
1107 0003 -46.0 4.79216 2648 923.625
1107 0003 -46.0 4.79216 2689 923.625
1107 0003 -45.5 4.81056 2699 923.625
1107 0003 -45.5 4.81056 2741 923.625
1107 0003 -45.5 4.84124 2752 923.625
1107 0003 -45.0 4.89033 2794 923.625
1107 0003 -45.5 4.90874 2805 923.625
1107 0003 -45.0 4.91487 2847 923.625
1107 0003 -45.0 4.92715 2857 923.625
1107 0003 -45.0 4.95783 2898 923.625
1107 0003 -45.0 4.96396 2910 923.625
1107 0003 -44.5 5.01305 2951 923.625
1107 0003 -44.5 5.02532 2961 923.625
1107 0003 -44.5 5.06214 3004 923.625
1107 0003 -44.5 5.04373 3014 923.625
1107 0003 -44.5 5.05600 3055 923.625
1107 0003 -44.0 5.08054 3067 923.625
1107 0003 -44.0 5.09895 3108 923.625
1107 0003 -44.0 5.10509 3118 923.625
1107 0003 -44.0 5.13577 3160 923.625
1107 0003 -44.0 5.12963 3171 923.625
1107 0003 -44.0 5.16031 3213 923.625
1107 0003 -43.5 5.16031 3223 923.625
1107 0003 -43.5 5.17872 3264 923.625
1107 0003 -43.5 5.17872 3275 923.625
1107 0003 -43.5 5.19099 3317 923.625
1107 0003 -43.5 5.19099 3327 923.625
1107 0003 -43.5 5.21553 3370 923.625
1107 0003 -43.5 5.20940 3379 923.625
1107 0003 -43.0 5.22781 3421 923.625
1107 0003 -43.0 5.23394 3431 923.625
1107 0003 -43.0 5.25235 3473 923.625
1107 0003 -43.0 5.27076 3483 923.625
1107 0003 -43.0 5.27076 3526 923.625
1107 0003 -43.0 5.27689 3536 923.625
1107 0003 -43.0 5.28303 3578 923.625
1107 0003 -42.5 5.28303 3589 923.625
1107 0003 -42.5 5.27689 3630 923.625
1107 0003 -42.5 5.32598 3641 923.625
1107 0003 -42.5 5.30144 3682 923.625
1107 0003 -42.5 5.33825 3693 923.625
1107 0003 -42.5 5.33825 3734 923.625
1107 0003 -42.5 5.31985 3744 923.625
1107 0003 -42.5 5.30757 3786 923.625
1107 0003 -42.5 5.33212 3796 923.625
1107 0003 -42.0 5.33212 3838 923.625
1107 0003 -42.0 5.35666 3849 923.625
1107 0003 -42.0 5.36280 3890 923.625
1107 0003 -42.0 5.36280 3902 923.625
1107 0003 -42.0 5.37507 3943 923.625
1107 0003 -42.0 5.36280 3953 923.625
1107 0003 -42.0 5.40575 3994 923.625
1107 0003 -42.0 5.39348 4004 923.625
1107 0003 -42.0 5.39348 4047 923.625
1107 0003 -42.0 5.39961 4057 923.625
1107 0003 -42.0 5.38734 4099 923.625
1107 0003 -41.5 5.39961 4109 923.625
1107 0003 -41.5 5.39961 4151 923.625
1107 0003 -41.5 5.41188 4163 923.625
1107 0003 -41.5 5.41188 4204 923.625
1107 0003 -41.5 5.42416 4215 923.625
1107 0003 -41.5 5.40575 4256 923.625
1107 0003 -41.5 5.40575 4266 923.625
1107 0003 -41.0 5.41802 4309 923.625
1107 0003 -41.0 5.41802 4319 923.625
1107 0003 -41.0 5.43029 4361 923.625
1107 0003 -41.0 5.42416 4372 923.625
1107 0003 -41.0 5.41188 4413 923.625
1107 0003 -41.0 5.41802 4423 923.625
1107 0003 -41.0 5.41802 4466 923.625
1107 0003 -41.0 5.41802 4475 923.625
1107 0003 -41.0 5.40575 4517 923.625
1107 0003 -41.0 5.42416 4528 923.625
1107 0003 -40.5 5.40575 4569 923.625
1107 0003 -40.5 5.40575 4579 923.625
1107 0003 -40.5 5.41802 4622 923.625
1107 0003 -40.5 5.43643 4632 923.625
1107 0003 -40.5 5.39961 4674 923.625
1107 0003 -40.5 5.39961 4685 923.625
1107 0003 -40.5 5.41188 4726 923.625
1107 0003 -40.5 5.41188 4737 923.625
1107 0003 -40.5 5.42416 4779 923.625
1107 0003 -40.5 5.42416 4789 923.625
1107 0003 -40.0 5.35666 4831 923.625
1107 0003 -40.0 5.38734 4841 923.625
1107 0003 -40.0 5.38734 4883 923.625
1107 0003 -40.0 5.41188 4894 923.625
1107 0003 -40.0 5.33825 4935 923.625
1107 0003 -40.0 5.36280 4946 923.625
1107 0003 -40.0 5.33825 4988 923.625
1107 0003 -40.0 5.35666 4998 923.625
1107 0003 -40.0 5.31371 5040 923.625
1107 0003 -40.0 5.33825 5051 923.625
1107 0003 -39.5 5.34439 5094 923.625
1107 0003 -39.5 5.33825 5103 923.625
1107 0003 -39.5 5.32598 5146 923.625
1107 0003 -39.5 5.30144 5155 923.625
1107 0003 -39.5 5.32598 5197 923.625
1107 0003 -39.5 5.30144 5208 923.625
1107 0003 -39.5 5.29530 5249 923.625
1107 0003 -39.5 5.30757 5259 923.625
1107 0003 -39.0 5.30144 5302 923.625
1107 0003 -39.5 5.29530 5311 923.625
1107 0003 -39.0 5.24621 5354 923.625
1107 0003 -39.0 5.25849 5364 923.625
1107 0003 -39.0 5.25235 5405 923.625
1107 0003 -39.0 5.25849 5416 923.625
1107 0003 -39.0 5.24008 5458 923.625
1107 0003 -39.0 5.25235 5468 923.625
1107 0003 -39.0 5.22781 5510 923.625
1107 0003 -39.0 5.21553 5521 923.625
1107 0003 -39.0 5.21553 5563 923.625
1107 0003 -39.0 5.20326 5573 923.625
1107 0003 -39.0 5.17872 5616 923.625
1107 0003 -39.0 5.17258 5626 923.625
1107 0003 -39.0 5.16031 5668 923.625
1107 0003 -39.0 5.14804 5679 923.625
1107 0003 -39.0 5.14804 5721 923.625
1107 0003 -39.0 5.16031 5731 923.625
1107 0003 -39.0 5.12963 5774 923.625
1107 0003 -39.0 5.11736 5784 923.625
1107 0003 -38.5 5.09895 5825 923.625
1107 0003 -39.0 5.09895 5835 923.625
1107 0003 -39.0 5.09895 5876 923.625
1107 0003 -39.0 5.07441 5887 923.625
1107 0003 -39.0 5.04986 5928 923.625
1107 0003 -38.5 5.05600 5940 923.625
1107 0003 -39.0 5.04986 5980 923.625
1107 0003 -39.0 5.04986 5991 923.625
1107 0003 -39.0 5.02532 6033 923.625
1107 0003 -39.0 5.02532 6043 923.625
1107 0003 -39.0 4.98851 6087 923.625
1107 0003 -39.0 5.00078 6097 923.625
1107 0003 -39.0 4.97623 6140 923.625
1107 0003 -39.0 4.98237 6149 923.625
1107 0003 -39.0 4.94555 6193 923.625
1107 0003 -39.0 4.92715 6203 923.625
1107 0003 -39.0 4.93328 6245 923.625
1107 0003 -39.0 4.90874 6256 923.625
1107 0003 -39.0 4.90260 6298 923.625
1107 0003 -39.0 4.90260 6309 923.625
1107 0003 -39.0 4.87806 6350 923.625
1107 0003 -39.0 4.88419 6362 923.625
1107 0003 -39.5 4.86579 6404 923.625
1107 0003 -39.0 4.87806 6414 923.625
1107 0003 -39.5 4.84124 6456 923.625
1107 0003 -39.5 4.83511 6466 923.625
1107 0003 -39.5 4.82284 6509 923.625
1107 0003 -39.5 4.81670 6520 923.625
1107 0003 -39.5 4.77988 6562 923.625
1107 0003 -39.5 4.77375 6572 923.625
1107 0003 -39.5 4.74920 6615 923.625
1107 0003 -39.5 4.75534 6625 923.625
1107 0003 -40.0 4.74920 6667 923.625
1107 0003 -40.0 4.73080 6677 923.625
1107 0003 -40.0 4.70012 6719 923.625
1107 0003 -40.0 4.70012 6730 923.625
1107 0003 -40.0 4.68171 6772 923.625
1107 0003 -40.0 4.68785 6782 923.625
1107 0003 -40.0 4.66944 6825 923.625
1107 0003 -40.0 4.66944 6836 923.625
1107 0003 -40.0 4.65103 6878 923.625
1107 0003 -40.0 4.64489 6888 923.625
1107 0003 -40.0 4.62035 6931 923.625
1107 0003 -40.0 4.63262 6941 923.625
1107 0003 -40.0 4.58353 6982 923.625
1107 0003 -40.0 4.58967 6993 923.625
1107 0003 -40.0 4.57740 7038 923.625
1107 0003 -40.0 4.56513 7047 923.625
1107 0003 -40.0 4.52218 7090 923.625
1107 0003 -40.0 4.52831 7100 923.625
1107 0003 -40.0 4.50990 7143 923.625
1107 0003 -40.0 4.49150 7153 923.625
1107 0003 -40.0 4.49150 7195 923.625
1107 0003 -40.0 4.46082 7204 923.625
1107 0003 -40.0 4.45468 7246 923.625
1107 0003 -40.0 4.46082 7257 923.625
1107 0003 -40.5 4.41786 7299 923.625
1107 0003 -40.0 4.43014 7309 923.625
1107 0003 -40.5 4.44241 7351 923.625
1107 0003 -40.5 4.41786 7362 923.625
1107 0003 -40.5 4.38719 7404 923.625
1107 0003 -40.5 4.37491 7414 923.625
1107 0003 -40.5 4.34423 7457 923.625
1107 0003 -40.5 4.36264 7466 923.625
1107 0003 -40.5 4.33810 7509 923.625
1107 0003 -40.5 4.35037 7518 923.625
1107 0003 -40.5 4.33196 7560 923.625
1107 0003 -40.5 4.33196 7571 923.625
1107 0003 -40.5 4.29515 7613 923.625
1107 0003 -40.5 4.29515 7624 923.625
1107 0003 -41.0 4.22765 7665 923.625
1107 0003 -41.0 4.25833 7676 923.625
1107 0003 -41.0 4.20924 7718 923.625
1107 0003 -41.0 4.22152 7728 923.625
1107 0003 -41.0 4.20311 7770 923.625
1107 0003 -41.0 4.20924 7781 923.625
1107 0003 -41.0 4.19697 7823 923.625
1107 0003 -41.0 4.17856 7833 923.625
1107 0003 -41.5 4.17243 7874 923.625
1107 0003 -41.5 4.14788 7884 923.625
1107 0003 -41.5 4.16016 7927 923.625
1107 0003 -41.5 4.15402 7937 923.625
1107 0003 -41.5 4.11720 7979 923.625
1107 0003 -41.5 4.10493 7989 923.625
1107 0003 -42.0 4.11107 8032 923.625
1107 0003 -42.0 4.08039 8042 923.625
1107 0003 -42.0 4.07425 8085 923.625
1107 0003 -42.0 4.08039 8094 923.625
1107 0003 -42.0 4.01289 8136 923.625
1107 0003 -42.0 4.03744 8146 923.625
1107 0003 -42.5 4.01903 8188 923.625
1107 0003 -42.5 3.96994 8199 923.625
1107 0003 -42.5 3.95153 8241 923.625
1107 0003 -42.5 4.01289 8251 923.625
1107 0003 -42.5 3.95767 8294 923.625
1107 0003 -42.5 3.96994 8303 923.625
1107 0003 -43.0 3.92699 8345 923.625
1107 0003 -43.0 3.93313 8355 923.625
1107 0003 -43.0 3.88404 8398 923.625
1107 0003 -43.0 3.85336 8408 923.625
1107 0003 -43.0 3.82882 8449 923.625
1107 0003 -43.0 3.87790 8460 923.625
1107 0003 -43.0 3.82882 8502 923.625
1107 0003 -43.0 3.77359 8512 923.625
1107 0003 -43.0 3.76132 8554 923.625
1107 0003 -43.0 3.74291 8564 923.625
1107 0003 -43.0 3.72451 8607 923.625
1107 0003 -43.0 3.71223 8617 923.625
1107 0003 -43.0 3.72451 8659 923.625
1107 0003 -43.0 3.68769 8668 923.625
1107 0003 -43.0 3.71223 8710 923.625
1107 0003 -43.5 3.65087 8721 923.625
1107 0003 -43.5 3.65087 8763 923.625
1107 0003 -43.5 3.63247 8773 923.625
1107 0003 -43.5 3.60179 8816 923.625
1107 0003 -43.5 3.63247 8826 923.625
1107 0003 -43.5 3.58338 8867 923.625
1107 0003 -43.5 3.54656 8878 923.625
1107 0003 -43.5 3.55270 8920 923.625
1107 0003 -44.0 3.55270 8930 923.625
1107 0003 -44.0 3.51588 8972 923.625
1107 0003 -44.0 3.49134 8983 923.625
1107 0003 -44.0 3.47293 9024 923.625
1107 0003 -44.0 3.44839 9034 923.625
1107 0003 -44.0 3.41157 9077 923.625
1107 0003 -44.0 3.42998 9087 923.625
1107 0003 -44.5 3.39317 9129 923.625
1107 0003 -44.5 3.37476 9139 923.625
1107 0003 -44.5 3.36862 9181 923.625
1107 0003 -44.5 3.36862 9191 923.625
1107 0003 -45.0 3.30113 9233 923.625
1107 0003 -45.0 3.30726 9244 923.625
