1107 0005 -61.0 5.60210 0 920.625
1107 0005 -60.5 5.68800 10 920.625
1107 0005 -60.0 5.66959 52 920.625
1107 0005 -59.5 5.69414 62 920.625
1107 0005 -59.5 5.73709 104 920.625
1107 0005 -59.5 5.71254 115 920.625
1107 0005 -59.0 5.74936 156 920.625
1107 0005 -59.0 5.78618 167 920.625
1107 0005 -58.5 5.81686 209 920.625
1107 0005 -59.0 5.78618 220 920.625
1107 0005 -58.5 5.81686 261 920.625
1107 0005 -59.0 5.87208 271 920.625
1107 0005 -58.0 6.00093 314 920.625
1107 0005 -58.0 5.92117 323 920.625
1107 0005 -58.0 5.95185 365 920.625
1107 0005 -58.5 5.98253 375 920.625
1107 0005 -57.5 5.99480 417 920.625
1107 0005 -57.5 6.00707 427 920.625
1107 0005 -57.5 6.01934 469 920.625
1107 0005 -57.0 6.06843 479 920.625
1107 0005 -57.5 6.07456 521 920.625
1107 0005 -57.0 6.08684 531 920.625
1107 0005 -57.5 6.12365 573 920.625
1107 0005 -57.5 6.14206 584 920.625
1107 0005 -57.5 6.13592 626 920.625
1107 0005 -57.0 6.22796 636 920.625
1107 0005 -57.0 6.22183 677 920.625
1107 0005 -57.0 6.25864 688 920.625
1107 0005 -56.5 6.27091 730 920.625
1107 0005 -56.5 6.24637 740 920.625
1107 0005 -57.0 0.03682 782 920.625
1107 0005 -57.0 0.03068 791 920.625
1107 0005 -57.0 0.09204 833 920.625
1107 0005 -56.0 0.10431 844 920.625
1107 0005 -56.5 0.17794 886 920.625
1107 0005 -56.0 0.14113 896 920.625
1107 0005 -56.0 0.20862 939 920.625
1107 0005 -56.0 0.19635 949 920.625
1107 0005 -55.5 0.23317 990 920.625
1107 0005 -55.5 0.23317 1001 920.625
1107 0005 -56.0 0.28225 1043 920.625
1107 0005 -55.5 0.26384 1053 920.625
1107 0005 -55.5 0.34361 1095 920.625
1107 0005 -55.5 0.38656 1105 920.625
1107 0005 -55.5 0.39884 1147 920.625
1107 0005 -55.5 0.42951 1157 920.625
1107 0005 -55.0 0.45406 1200 920.625
1107 0005 -55.5 0.39884 1209 920.625
1107 0005 -55.5 0.51542 1251 920.625
1107 0005 -55.5 0.52769 1262 920.625
1107 0005 -55.5 0.58291 1304 920.625
1107 0005 -55.5 0.55837 1314 920.625
1107 0005 -56.0 0.61359 1356 920.625
1107 0005 -55.5 0.68109 1412 920.625
1107 0005 -56.0 0.71177 1422 920.625
1107 0005 -56.0 0.74858 1465 920.625
1107 0005 -56.0 0.76085 1474 920.625
1107 0005 -56.0 0.76699 1517 920.625
1107 0005 -55.5 0.80994 1526 920.625
1107 0005 -55.5 0.87130 1568 920.625
1107 0005 -55.5 0.85289 1578 920.625
1107 0005 -55.5 0.94493 1621 920.625
1107 0005 -55.5 0.89584 1631 920.625
1107 0005 -55.5 0.95107 1674 920.625
1107 0005 -55.5 1.01243 1683 920.625
1107 0005 -55.5 0.93266 1725 920.625
1107 0005 -55.0 1.00629 1735 920.625
1107 0005 -55.0 1.06765 1777 920.625
1107 0005 -55.0 1.07379 1788 920.625
1107 0005 -55.0 1.14742 1829 920.625
1107 0005 -55.5 1.13515 1840 920.625
1107 0005 -55.5 1.29468 1882 920.625
1107 0005 -55.5 1.22718 1891 920.625
1107 0005 -55.5 1.22718 1934 920.625
1107 0005 -55.5 1.23946 1943 920.625
1107 0005 -55.5 1.27627 1986 920.625
1107 0005 -55.5 1.35604 1997 920.625
1107 0005 -56.0 1.33763 2039 920.625
1107 0005 -56.0 1.43581 2049 920.625
1107 0005 -56.0 1.44194 2090 920.625
1107 0005 -56.5 1.52171 2100 920.625
1107 0005 -56.0 1.60148 2142 920.625
1107 0005 -56.0 1.44194 2152 920.625
1107 0005 -56.0 1.65670 2194 920.625
1107 0005 -56.5 1.64443 2206 920.625
1107 0005 -56.0 1.72419 2248 920.625
1107 0005 -56.5 1.61375 2259 920.625
1107 0005 -56.5 1.72419 2300 920.625
1107 0005 -56.0 1.74874 2310 920.625
1107 0005 -56.5 1.84691 2352 920.625
1107 0005 -57.0 1.84078 2362 920.625
1107 0005 -56.0 1.86532 2405 920.625
1107 0005 -56.5 1.93282 2416 920.625
1107 0005 -56.0 1.96963 2457 920.625
1107 0005 -57.0 1.95736 2467 920.625
1107 0005 -57.0 2.05553 2509 920.625
1107 0005 -57.5 1.99418 2520 920.625
1107 0005 -57.0 2.11076 2561 920.625
1107 0005 -57.0 2.13530 2572 920.625
1107 0005 -57.5 2.20893 2615 920.625
1107 0005 -57.5 2.21507 2624 920.625
1107 0005 -58.0 2.27643 2667 920.625
1107 0005 -57.5 2.28870 2676 920.625
1107 0005 -58.0 2.36847 2718 920.625
1107 0005 -58.0 2.39301 2729 920.625
1107 0005 -58.0 2.47891 2770 920.625
1107 0005 -58.0 2.46051 2781 920.625
1107 0005 -58.5 2.43596 2822 920.625
1107 0005 -58.0 2.46051 2834 920.625
1107 0005 -58.0 2.58936 2875 920.625
1107 0005 -58.5 2.62004 2885 920.625
1107 0005 -58.5 2.73662 2928 920.625
1107 0005 -58.5 2.62004 2937 920.625
1107 0005 -59.0 2.79185 2979 920.625
1107 0005 -59.0 2.74889 2990 920.625
1107 0005 -58.5 2.97592 3032 920.625
1107 0005 -59.0 2.88388 3043 920.625
1107 0005 -59.0 3.00047 3084 920.625
1107 0005 -60.0 3.07410 3094 920.625
1107 0005 -59.5 3.11705 3136 920.625
1107 0005 -59.5 3.16000 3146 920.625
1107 0005 -60.0 3.14773 3187 920.625
1107 0005 -59.5 3.33794 3199 920.625
1107 0005 -60.0 3.27658 3239 920.625
1107 0005 -59.5 3.36862 3251 920.625
1107 0005 -59.5 3.46066 3291 920.625
1107 0005 -59.5 3.57111 3303 920.625
1107 0005 -60.0 3.62633 3344 920.625
1107 0005 -59.5 3.73678 3355 920.625
1107 0005 -60.0 3.74905 3396 920.625
1107 0005 -60.5 3.69996 3407 920.625
1107 0005 -60.5 3.91472 3449 920.625
1107 0005 -60.5 3.94540 3459 920.625
1107 0005 -60.5 4.11107 3500 920.625
1107 0005 -60.5 4.17856 3511 920.625
1107 0005 -60.0 4.13561 3553 920.625
1107 0005 -61.0 4.29515 3563 920.625
1107 0005 -60.0 4.28287 3605 920.625
1107 0005 -60.0 4.33196 3616 920.625
1107 0005 -60.0 4.52218 3657 920.625
1107 0005 -59.5 4.49150 3667 920.625
1107 0005 -60.0 4.69398 3710 920.625
1107 0005 -60.0 4.65717 3719 920.625
1107 0005 -60.0 4.80443 3762 920.625
1107 0005 -60.0 4.94555 3772 920.625
1107 0005 -59.5 4.92101 3813 920.625
1107 0005 -60.0 5.00078 3824 920.625
1107 0005 -59.5 4.95169 3866 920.625
1107 0005 -60.0 5.27076 3877 920.625
1107 0005 -59.0 5.27076 3917 920.625
1107 0005 -59.5 5.35052 3928 920.625
1107 0005 -59.0 5.49165 3971 920.625
1107 0005 -59.5 5.51619 3980 920.625
1107 0005 -58.5 5.58983 4022 920.625
1107 0005 -58.5 5.59596 4032 920.625
1107 0005 -58.0 5.74322 4075 920.625
1107 0005 -58.0 5.79231 4085 920.625
1107 0005 -57.0 5.86594 4126 920.625
1107 0005 -57.5 5.94571 4136 920.625
1107 0005 -57.0 6.01320 4179 920.625
1107 0005 -56.5 6.01320 4189 920.625
1107 0005 -57.0 6.13592 4231 920.625
1107 0005 -57.0 6.14819 4241 920.625
1107 0005 -56.5 6.25251 4283 920.625
1107 0005 -57.0 6.27705 4292 920.625
1107 0005 -56.0 0.14113 4334 920.625
1107 0005 -56.0 0.11658 4345 920.625
1107 0005 -55.5 0.19635 4387 920.625
1107 0005 -56.0 0.21476 4396 920.625
1107 0005 -55.0 0.32520 4438 920.625
1107 0005 -55.5 0.35588 4448 920.625
1107 0005 -54.5 0.39884 4491 920.625
1107 0005 -54.5 0.45406 4500 920.625
1107 0005 -54.5 0.59518 4542 920.625
1107 0005 -54.0 0.56450 4553 920.625
1107 0005 -54.0 0.67495 4595 920.625
1107 0005 -54.0 0.58905 4604 920.625
1107 0005 -53.5 0.69950 4646 920.625
1107 0005 -53.5 0.76699 4656 920.625
1107 0005 -53.0 0.84676 4698 920.625
1107 0005 -53.0 0.81608 4709 920.625
1107 0005 -52.5 0.89584 4751 920.625
1107 0005 -52.5 0.92652 4761 920.625
1107 0005 -52.0 1.03084 4802 920.625
1107 0005 -52.0 0.99402 4813 920.625
1107 0005 -51.5 1.06765 4855 920.625
1107 0005 -52.0 1.11674 4865 920.625
1107 0005 -51.5 1.17810 4907 920.625
1107 0005 -51.5 1.15355 4918 920.625
1107 0005 -51.0 1.23946 4959 920.625
1107 0005 -51.0 1.25173 4971 920.625
1107 0005 -50.5 1.31309 5012 920.625
1107 0005 -50.5 1.30082 5023 920.625
1107 0005 -50.5 1.37445 5064 920.625
1107 0005 -50.5 1.44194 5075 920.625
1107 0005 -50.5 1.45421 5116 920.625
1107 0005 -50.5 1.49103 5127 920.625
1107 0005 -50.5 1.55239 5169 920.625
1107 0005 -50.5 1.58920 5182 920.625
1107 0005 -50.0 1.58920 5192 920.625
1107 0005 -49.5 1.64443 5233 920.625
1107 0005 -49.5 1.63829 5243 920.625
1107 0005 -49.0 1.70579 5286 920.625
1107 0005 -49.0 1.73647 5296 920.625
1107 0005 -48.5 1.78555 5337 920.625
1107 0005 -49.0 1.73647 5348 920.625
1107 0005 -48.0 1.82851 5390 920.625
1107 0005 -48.0 1.85918 5399 920.625
1107 0005 -48.0 1.91441 5442 920.625
1107 0005 -48.0 1.93895 5452 920.625
1107 0005 -48.0 1.93282 5495 920.625
1107 0005 -48.0 1.98804 5504 920.625
1107 0005 -47.5 2.06781 5546 920.625
1107 0005 -47.5 2.06167 5556 920.625
1107 0005 -47.5 2.08008 5598 920.625
1107 0005 -47.0 2.11076 5608 920.625
1107 0005 -47.0 2.14144 5650 920.625
1107 0005 -47.0 2.15984 5661 920.625
1107 0005 -47.0 2.20280 5704 920.625
1107 0005 -47.0 2.20893 5713 920.625
1107 0005 -47.5 2.28256 5756 920.625
1107 0005 -47.0 2.25802 5765 920.625
1107 0005 -47.0 2.35619 5807 920.625
1107 0005 -47.0 2.37460 5818 920.625
1107 0005 -46.5 2.39915 5860 920.625
1107 0005 -46.5 2.37460 5871 920.625
1107 0005 -46.5 2.44210 5912 920.625
1107 0005 -46.0 2.44823 5922 920.625
1107 0005 -46.0 2.48505 5964 920.625
1107 0005 -46.0 2.51573 5975 920.625
1107 0005 -46.0 2.52800 6016 920.625
1107 0005 -45.5 2.51573 6026 920.625
1107 0005 -45.5 2.61390 6069 920.625
1107 0005 -45.5 2.58322 6079 920.625
1107 0005 -45.5 2.64458 6121 920.625
1107 0005 -45.5 2.63845 6132 920.625
1107 0005 -45.0 2.66913 6172 920.625
1107 0005 -45.0 2.69367 6183 920.625
1107 0005 -45.0 2.71208 6225 920.625
1107 0005 -45.0 2.72435 6235 920.625
1107 0005 -45.0 2.71821 6278 920.625
1107 0005 -45.0 2.73049 6287 920.625
1107 0005 -44.5 2.77344 6329 920.625
1107 0005 -44.5 2.77957 6339 920.625
1107 0005 -44.5 2.81639 6382 920.625
1107 0005 -45.0 2.82252 6392 920.625
1107 0005 -44.5 2.85320 6434 920.625
1107 0005 -44.0 2.84093 6444 920.625
1107 0005 -44.5 2.89616 6486 920.625
1107 0005 -44.5 2.89616 6497 920.625
1107 0005 -44.5 2.92070 6538 920.625
1107 0005 -44.0 2.90229 6548 920.625
1107 0005 -44.0 2.95138 6591 920.625
1107 0005 -44.5 2.96365 6601 920.625
1107 0005 -44.0 2.98206 6643 920.625
1107 0005 -44.5 2.98819 6653 920.625
1107 0005 -44.5 3.00660 6695 920.625
1107 0005 -44.0 3.03115 6706 920.625
1107 0005 -44.0 3.03115 6747 920.625
1107 0005 -44.0 3.04955 6757 920.625
1107 0005 -44.5 3.08637 6799 920.625
1107 0005 -44.0 3.09251 6809 920.625
1107 0005 -44.0 3.07410 6851 920.625
1107 0005 -44.0 3.08637 6862 920.625
1107 0005 -44.0 3.11091 6903 920.625
1107 0005 -44.0 3.10478 6915 920.625
1107 0005 -44.0 3.10478 6956 920.625
1107 0005 -44.0 3.12932 6966 920.625
1107 0005 -43.5 3.16000 7007 920.625
1107 0005 -44.0 3.17227 7018 920.625
1107 0005 -43.5 3.17841 7060 920.625
1107 0005 -43.0 3.19682 7122 920.625
1107 0005 -43.0 3.17841 7131 920.625
1107 0005 -43.0 3.20909 7173 920.625
1107 0005 -43.0 3.20909 7184 920.625
1107 0005 -43.0 3.22136 7225 920.625
1107 0005 -43.5 3.23363 7236 920.625
1107 0005 -43.0 3.23977 7276 920.625
1107 0005 -42.5 3.22750 7287 920.625
1107 0005 -42.5 3.25204 7329 920.625
1107 0005 -43.0 3.27045 7340 920.625
1107 0005 -42.5 3.27658 7382 920.625
1107 0005 -42.5 3.27658 7391 920.625
1107 0005 -42.5 3.29499 7433 920.625
1107 0005 -42.5 3.30113 7444 920.625
1107 0005 -42.5 3.28272 7486 920.625
1107 0005 -42.5 3.30113 7496 920.625
1107 0005 -42.0 3.30726 7538 920.625
1107 0005 -42.5 3.30726 7548 920.625
1107 0005 -42.5 3.31953 7591 920.625
1107 0005 -42.5 3.33794 7601 920.625
1107 0005 -42.5 3.33794 7642 920.625
1107 0005 -42.0 3.32567 7652 920.625
1107 0005 -42.0 3.33794 7694 920.625
1107 0005 -42.0 3.35635 7705 920.625
1107 0005 -42.0 3.35021 7746 920.625
1107 0005 -42.0 3.36249 7757 920.625
1107 0005 -42.0 3.36249 7799 920.625
1107 0005 -42.0 3.35021 7809 920.625
1107 0005 -41.5 3.37476 7851 920.625
1107 0005 -42.0 3.36862 7861 920.625
1107 0005 -41.5 3.39317 7903 920.625
1107 0005 -42.0 3.38089 7913 920.625
1107 0005 -42.0 3.39317 7955 920.625
1107 0005 -41.5 3.40544 7965 920.625
1107 0005 -41.5 3.39930 8008 920.625
1107 0005 -41.5 3.38089 8019 920.625
1107 0005 -42.0 3.41157 8060 920.625
1107 0005 -41.5 3.41157 8070 920.625
1107 0005 -41.5 3.42998 8112 920.625
1107 0005 -41.5 3.41771 8122 920.625
1107 0005 -41.5 3.42998 8165 920.625
1107 0005 -41.5 3.44839 8174 920.625
1107 0005 -41.5 3.44225 8218 920.625
1107 0005 -41.5 3.43612 8227 920.625
1107 0005 -41.5 3.46066 8269 920.625
1107 0005 -41.5 3.47293 8281 920.625
1107 0005 -41.5 3.44839 8321 920.625
1107 0005 -41.5 3.46066 8333 920.625
1107 0005 -41.5 3.46680 8375 920.625
1107 0005 -41.5 3.45452 8384 920.625
1107 0005 -41.5 3.46680 8426 920.625
1107 0005 -41.5 3.47907 8436 920.625
1107 0005 -41.5 3.47907 8478 920.625
1107 0005 -41.5 3.47293 8489 920.625
1107 0005 -41.5 3.46680 8530 920.625
1107 0005 -41.5 3.47293 8540 920.625
1107 0005 -41.5 3.47293 8583 920.625
1107 0005 -41.5 3.48520 8593 920.625
1107 0005 -41.5 3.49134 8635 920.625
1107 0005 -41.5 3.49134 8644 920.625
1107 0005 -41.5 3.47907 8687 920.625
1107 0005 -41.5 3.48520 8697 920.625
1107 0005 -41.5 3.48520 8740 920.625
1107 0005 -41.5 3.47907 8749 920.625
1107 0005 -41.5 3.50361 8791 920.625
1107 0005 -41.5 3.49134 8801 920.625
1107 0005 -41.5 3.49748 8843 920.625
1107 0005 -42.0 3.50975 8853 920.625
1107 0005 -41.5 3.48520 8895 920.625
1107 0005 -41.5 3.49748 8904 920.625
1107 0005 -41.5 3.49134 8946 920.625
1107 0005 -41.5 3.49134 8957 920.625
1107 0005 -42.0 3.47907 8998 920.625
1107 0005 -42.0 3.49134 9009 920.625
1107 0005 -41.5 3.49134 9051 920.625
1107 0005 -42.0 3.49748 9061 920.625
1107 0005 -42.0 3.49134 9102 920.625
1107 0005 -42.0 3.49134 9113 920.625
1107 0005 -41.5 3.47907 9155 920.625
1107 0005 -42.0 3.49748 9165 920.625
1107 0005 -42.0 3.47907 9207 920.625
1107 0005 -42.0 3.49134 9218 920.625
1107 0005 -42.0 3.50361 9259 920.625
1107 0005 -42.0 3.49134 9270 920.625
1107 0005 -42.0 3.47293 9311 920.625
1107 0005 -42.0 3.49134 9321 920.625
1107 0005 -42.5 3.48520 9363 920.625
1107 0005 -42.0 3.49748 9374 920.625
1107 0005 -42.0 3.47907 9416 920.625
1107 0005 -42.0 3.47293 9426 920.625
1107 0005 -42.5 3.47907 9468 920.625
1107 0005 -42.5 3.45452 9478 920.625
1107 0005 -42.5 3.44839 9520 920.625
1107 0005 -42.5 3.47293 9531 920.625
1107 0005 -42.5 3.44225 9572 920.625
1107 0005 -42.5 3.44225 9584 920.625
1107 0005 -42.5 3.45452 9624 920.625
1107 0005 -42.5 3.42998 9635 920.625
1107 0005 -42.5 3.41157 9676 920.625
1107 0005 -42.5 3.40544 9687 920.625
1107 0005 -43.0 3.40544 9729 920.625
1107 0005 -43.0 3.40544 9739 920.625
1107 0005 -43.0 3.40544 9782 920.625
1107 0005 -43.0 3.39930 9792 920.625
1107 0005 -43.0 3.39930 9833 920.625
1107 0005 -42.5 3.38703 9843 920.625
1107 0005 -43.0 3.38703 9886 920.625
1107 0005 -43.0 3.37476 9895 920.625
1107 0005 -43.0 3.36862 9937 920.625
1107 0005 -43.0 3.34408 9947 920.625
1107 0005 -43.5 3.35635 9990 920.625
1107 0005 -43.0 3.32567 10000 920.625
1107 0005 -43.0 3.31340 10042 920.625
1107 0005 -43.5 3.35635 10052 920.625
1107 0005 -43.5 3.31953 10094 920.625
1107 0005 -43.5 3.30726 10104 920.625
1107 0005 -43.5 3.30113 10145 920.625
1107 0005 -43.5 3.29499 10156 920.625
1107 0005 -43.5 3.25204 10198 920.625
1107 0005 -43.5 3.27045 10208 920.625
1107 0005 -43.5 3.23363 10250 920.625
1107 0005 -44.0 3.25818 10260 920.625
1107 0005 -44.0 3.23363 10302 920.625
1107 0005 -44.0 3.23363 10313 920.625
1107 0005 -44.0 3.22136 10354 920.625
1107 0005 -44.5 3.21522 10365 920.625
1107 0005 -44.5 3.20295 10406 920.625
1107 0005 -44.5 3.17227 10417 920.625
1107 0005 -44.5 3.17841 10459 920.625
1107 0005 -44.5 3.16000 10470 920.625
1107 0005 -44.5 3.12932 10511 920.625
1107 0005 -44.5 3.13546 10521 920.625
1107 0005 -44.5 3.12318 10563 920.625
1107 0005 -44.5 3.13546 10573 920.625
1107 0005 -44.5 3.08023 10615 920.625
1107 0005 -44.5 3.10478 10625 920.625
1107 0005 -45.0 3.06183 10667 920.625
1107 0005 -45.0 3.06796 10677 920.625
1107 0005 -44.5 3.03728 10719 920.625
1107 0005 -45.0 3.01274 10729 920.625
1107 0005 -45.0 2.98206 10771 920.625
1107 0005 -45.0 2.96979 10781 920.625
1107 0005 -45.0 2.97592 10823 920.625
1107 0005 -45.0 2.93297 10833 920.625
1107 0005 -45.0 2.93911 10875 920.625
1107 0005 -45.0 2.92070 10889 920.625
1107 0005 -45.0 2.92070 10898 920.625
1107 0005 -45.0 2.85934 10940 920.625
1107 0005 -45.0 2.90229 10950 920.625
1107 0005 -45.0 2.85320 10993 920.625
1107 0005 -45.0 2.85320 11003 920.625
1107 0005 -45.5 2.79798 11045 920.625
1107 0005 -45.0 2.82252 11055 920.625
1107 0005 -45.0 2.79185 11097 920.625
1107 0005 -45.0 2.75503 11106 920.625
1107 0005 -45.5 2.74276 11148 920.625
1107 0005 -45.5 2.72435 11158 920.625
1107 0005 -45.5 2.68753 11201 920.625
1107 0005 -45.5 2.66913 11211 920.625
1107 0005 -45.5 2.63231 11253 920.625
1107 0005 -45.5 2.65685 11263 920.625
1107 0005 -46.0 2.62004 11305 920.625
1107 0005 -46.0 2.58936 11315 920.625
1107 0005 -46.5 2.53414 11356 920.625
1107 0005 -46.0 2.55254 11367 920.625
1107 0005 -46.5 2.50346 11410 920.625
1107 0005 -46.5 2.51573 11419 920.625
1107 0005 -47.0 2.46051 11462 920.625
1107 0005 -46.5 2.46051 11472 920.625
1107 0005 -47.0 2.38687 11514 920.625
1107 0005 -47.0 2.43596 11524 920.625
1107 0005 -47.5 2.36847 11566 920.625
1107 0005 -47.0 2.39915 11576 920.625
1107 0005 -47.5 2.33165 11619 920.625
1107 0005 -48.0 2.36233 11629 920.625
1107 0005 -48.0 2.26416 11670 920.625
1107 0005 -48.0 2.23961 11680 920.625
1107 0005 -48.0 2.22120 11723 920.625
1107 0005 -48.0 2.22120 11733 920.625
1107 0005 -48.0 2.17212 11775 920.625
1107 0005 -48.0 2.16598 11785 920.625
1107 0005 -48.0 2.11689 11828 920.625
1107 0005 -48.0 2.12303 11837 920.625
1107 0005 -48.5 2.09849 11879 920.625
1107 0005 -48.5 2.04940 11889 920.625
1107 0005 -48.5 2.03099 11931 920.625
1107 0005 -49.0 2.01872 11941 920.625
1107 0005 -48.5 1.92668 11983 920.625
1107 0005 -49.0 1.95736 11994 920.625
1107 0005 -49.0 1.90827 12036 920.625
1107 0005 -49.0 1.92054 12046 920.625
1107 0005 -49.0 1.81010 12088 920.625
1107 0005 -49.5 1.82237 12098 920.625
1107 0005 -50.0 1.79169 12141 920.625
1107 0005 -50.0 1.78555 12152 920.625
1107 0005 -50.0 1.73033 12192 920.625
1107 0005 -50.5 1.74260 12203 920.625
1107 0005 -51.0 1.67511 12245 920.625
1107 0005 -50.5 1.63216 12255 920.625
1107 0005 -51.0 1.57693 12297 920.625
1107 0005 -51.0 1.56466 12307 920.625
1107 0005 -51.5 1.52171 12350 920.625
1107 0005 -51.5 1.50944 12360 920.625
1107 0005 -51.5 1.43581 12402 920.625
1107 0005 -51.5 1.50944 12412 920.625
1107 0005 -52.0 1.40513 12454 920.625
1107 0005 -52.0 1.38058 12465 920.625
1107 0005 -52.0 1.33150 12506 920.625
1107 0005 -52.0 1.25173 12516 920.625
1107 0005 -52.0 1.23332 12558 920.625
1107 0005 -52.0 1.27627 12569 920.625
1107 0005 -52.0 1.20264 12610 920.625
1107 0005 -52.0 1.12901 12621 920.625
1107 0005 -52.5 1.01856 12663 920.625
1107 0005 -52.0 1.08606 12673 920.625
1107 0005 -52.5 0.94493 12716 920.625
1107 0005 -53.0 1.00629 12726 920.625
1107 0005 -53.0 0.91425 12767 920.625
1107 0005 -53.5 0.85903 12828 920.625
1107 0005 -53.5 0.83449 12837 920.625
1107 0005 -54.0 0.76699 12880 920.625
1107 0005 -54.0 0.74858 12890 920.625
1107 0005 -54.0 0.61973 12931 920.625
1107 0005 -54.0 0.65654 12941 920.625
1107 0005 -53.5 0.55837 12983 920.625
1107 0005 -54.0 0.59518 12993 920.625
1107 0005 -54.0 0.60746 13035 920.625
1107 0005 -54.0 0.47860 13046 920.625
1107 0005 -54.5 0.39884 13088 920.625
1107 0005 -54.5 0.39270 13099 920.625
1107 0005 -54.5 0.31907 13141 920.625
1107 0005 -54.5 0.33134 13151 920.625
1107 0005 -55.0 0.21476 13192 920.625
1107 0005 -55.0 0.24544 13203 920.625
1107 0005 -55.0 0.14726 13245 920.625
1107 0005 -55.5 0.13499 13254 920.625
1107 0005 -55.5 0.02454 13297 920.625
1107 0005 -55.0 0.03682 13307 920.625
1107 0005 -55.5 0.01841 13350 920.625
1107 0005 -56.0 6.27705 13360 920.625
1107 0005 -56.0 6.22796 13401 920.625
1107 0005 -56.0 6.18501 13411 920.625
