1107 0003 -54.5 1.28854 0 923.625
1107 0003 -54.5 1.25173 9 923.625
1107 0003 -53.5 1.34377 51 923.625
1107 0003 -54.0 1.32536 62 923.625
1107 0003 -53.5 1.39285 104 923.625
1107 0003 -53.5 1.44808 114 923.625
1107 0003 -54.0 1.48489 155 923.625
1107 0003 -53.0 1.50330 167 923.625
1107 0003 -53.5 1.54012 208 923.625
1107 0003 -53.5 1.56466 218 923.625
1107 0003 -53.5 1.60761 260 923.625
1107 0003 -53.0 1.61988 271 923.625
1107 0003 -52.5 1.65670 312 923.625
1107 0003 -53.0 1.68738 323 923.625
1107 0003 -53.0 1.72419 364 923.625
1107 0003 -52.5 1.73033 374 923.625
1107 0003 -52.5 1.74874 416 923.625
1107 0003 -52.0 1.79783 427 923.625
1107 0003 -52.0 1.84691 469 923.625
1107 0003 -52.0 1.82851 480 923.625
1107 0003 -51.5 1.90214 521 923.625
1107 0003 -52.0 1.90214 531 923.625
1107 0003 -51.5 1.94509 573 923.625
1107 0003 -51.5 1.98190 585 923.625
1107 0003 -51.5 2.01872 626 923.625
1107 0003 -51.5 2.01872 636 923.625
1107 0003 -51.0 2.15984 677 923.625
1107 0003 -51.5 2.06167 687 923.625
1107 0003 -51.0 2.13530 731 923.625
1107 0003 -51.0 2.23348 758 923.625
1107 0003 -51.0 2.20280 803 923.625
1107 0003 -51.0 2.29484 814 923.625
1107 0003 -51.0 2.31324 855 923.625
1107 0003 -51.0 2.33165 866 923.625
1107 0003 -51.0 2.37460 908 923.625
1107 0003 -51.0 2.34392 918 923.625
1107 0003 -50.5 2.44823 960 923.625
1107 0003 -50.5 2.44210 971 923.625
1107 0003 -50.0 2.47278 1012 923.625
1107 0003 -50.0 2.50959 1024 923.625
1107 0003 -50.5 2.54641 1065 923.625
1107 0003 -50.0 2.57709 1075 923.625
1107 0003 -50.0 2.60777 1118 923.625
1107 0003 -50.0 2.60777 1127 923.625
1107 0003 -49.5 2.66913 1170 923.625
1107 0003 -50.0 2.74276 1179 923.625
1107 0003 -50.0 2.74889 1222 923.625
1107 0003 -49.5 2.76730 1231 923.625
1107 0003 -49.5 2.79185 1273 923.625
1107 0003 -49.5 2.85320 1284 923.625
1107 0003 -49.5 2.92070 1326 923.625
1107 0003 -49.5 2.93911 1336 923.625
1107 0003 -49.5 2.95138 1378 923.625
1107 0003 -49.5 2.99433 1388 923.625
1107 0003 -49.5 3.02501 1431 923.625
1107 0003 -49.5 3.04342 1441 923.625
1107 0003 -49.5 3.14773 1483 923.625
1107 0003 -49.5 3.13546 1493 923.625
1107 0003 -49.5 3.16614 1535 923.625
1107 0003 -49.5 3.20909 1545 923.625
1107 0003 -49.0 3.30726 1587 923.625
1107 0003 -49.0 3.32567 1598 923.625
1107 0003 -49.0 3.39930 1640 923.625
1107 0003 -49.0 3.38703 1650 923.625
1107 0003 -48.5 3.40544 1692 923.625
1107 0003 -48.5 3.42385 1702 923.625
1107 0003 -48.0 3.55270 1744 923.625
1107 0003 -48.5 3.52816 1754 923.625
1107 0003 -48.5 3.57724 1797 923.625
1107 0003 -48.0 3.59565 1807 923.625
1107 0003 -48.0 3.67542 1849 923.625
1107 0003 -48.0 3.66315 1858 923.625
1107 0003 -48.0 3.74291 1900 923.625
1107 0003 -48.0 3.74905 1912 923.625
1107 0003 -48.0 3.84109 1953 923.625
1107 0003 -48.0 3.85336 1964 923.625
1107 0003 -48.0 3.90245 2005 923.625
1107 0003 -48.0 3.92699 2015 923.625
1107 0003 -48.0 4.01903 2057 923.625
1107 0003 -48.0 4.01903 2067 923.625
1107 0003 -47.5 4.06198 2110 923.625
1107 0003 -47.5 4.10493 2119 923.625
1107 0003 -47.5 4.11720 2161 923.625
1107 0003 -47.0 4.18470 2172 923.625
1107 0003 -47.0 4.19084 2214 923.625
1107 0003 -47.0 4.23379 2224 923.625
1107 0003 -47.0 4.30128 2266 923.625
1107 0003 -47.0 4.30128 2276 923.625
1107 0003 -46.5 4.33810 2319 923.625
1107 0003 -47.0 4.34423 2329 923.625
1107 0003 -46.5 4.41786 2372 923.625
1107 0003 -46.5 4.42400 2381 923.625
1107 0003 -46.5 4.46695 2423 923.625
1107 0003 -46.5 4.48536 2433 923.625
1107 0003 -46.5 4.57740 2475 923.625
1107 0003 -46.5 4.57740 2486 923.625
1107 0003 -46.5 4.59581 2527 923.625
1107 0003 -46.5 4.61421 2539 923.625
1107 0003 -46.5 4.65103 2579 923.625
1107 0003 -46.5 4.66330 2590 923.625
1107 0003 -46.5 4.69398 2632 923.625
1107 0003 -46.5 4.70625 2642 923.625
1107 0003 -46.0 4.76148 2684 923.625
1107 0003 -46.0 4.75534 2696 923.625
1107 0003 -45.5 4.81670 2737 923.625
1107 0003 -45.5 4.82284 2747 923.625
1107 0003 -45.5 4.84124 2789 923.625
1107 0003 -45.5 4.87806 2799 923.625
1107 0003 -45.0 4.89647 2841 923.625
1107 0003 -45.5 4.90260 2851 923.625
1107 0003 -45.0 4.92101 2893 923.625
1107 0003 -45.0 4.93942 2904 923.625
1107 0003 -45.0 4.95783 2946 923.625
1107 0003 -44.5 4.97623 2957 923.625
1107 0003 -44.5 5.00078 2998 923.625
1107 0003 -44.5 5.04373 3007 923.625
1107 0003 -44.5 5.01919 3050 923.625
1107 0003 -44.5 5.06214 3059 923.625
1107 0003 -44.0 5.07441 3101 923.625
1107 0003 -44.0 5.06827 3111 923.625
1107 0003 -44.0 5.10509 3153 923.625
1107 0003 -44.0 5.12350 3164 923.625
1107 0003 -44.0 5.13577 3207 923.625
1107 0003 -44.0 5.13577 3216 923.625
1107 0003 -43.5 5.14804 3259 923.625
1107 0003 -43.5 5.12963 3268 923.625
1107 0003 -43.5 5.17872 3310 923.625
1107 0003 -43.5 5.18486 3320 923.625
1107 0003 -43.5 5.19713 3362 923.625
1107 0003 -43.5 5.18486 3373 923.625
1107 0003 -43.5 5.20326 3414 923.625
1107 0003 -43.0 5.22781 3424 923.625
1107 0003 -43.0 5.20940 3466 923.625
1107 0003 -43.0 5.23394 3476 923.625
1107 0003 -43.0 5.26462 3518 923.625
1107 0003 -43.0 5.25849 3529 923.625
1107 0003 -43.0 5.25849 3571 923.625
1107 0003 -43.0 5.27689 3581 923.625
1107 0003 -43.0 5.28303 3623 923.625
1107 0003 -42.5 5.27076 3633 923.625
1107 0003 -42.5 5.27689 3674 923.625
1107 0003 -42.5 5.29530 3685 923.625
1107 0003 -42.5 5.30144 3727 923.625
1107 0003 -42.5 5.29530 3737 923.625
1107 0003 -42.5 5.31371 3780 923.625
1107 0003 -42.5 5.32598 3790 923.625
1107 0003 -42.5 5.33825 3831 923.625
1107 0003 -42.0 5.31371 3841 923.625
1107 0003 -42.5 5.34439 3883 923.625
1107 0003 -42.0 5.32598 3894 923.625
1107 0003 -42.0 5.33825 3936 923.625
1107 0003 -42.0 5.38120 3946 923.625
1107 0003 -42.0 5.40575 3987 923.625
1107 0003 -42.0 5.38120 3997 923.625
1107 0003 -42.0 5.39348 4040 923.625
1107 0003 -42.0 5.42416 4050 923.625
1107 0003 -42.0 5.39348 4091 923.625
1107 0003 -42.0 5.39961 4102 923.625
1107 0003 -41.5 5.39348 4143 923.625
1107 0003 -41.5 5.38734 4154 923.625
1107 0003 -41.5 5.41188 4195 923.625
1107 0003 -41.5 5.39348 4205 923.625
1107 0003 -41.5 5.40575 4247 923.625
1107 0003 -41.5 5.40575 4258 923.625
1107 0003 -41.5 5.39348 4300 923.625
1107 0003 -41.5 5.43029 4310 923.625
1107 0003 -41.0 5.43643 4352 923.625
1107 0003 -41.5 5.42416 4361 923.625
1107 0003 -41.0 5.42416 4404 923.625
1107 0003 -41.0 5.40575 4414 923.625
1107 0003 -41.0 5.40575 4455 923.625
1107 0003 -41.0 5.41188 4467 923.625
1107 0003 -41.0 5.41188 4508 923.625
1107 0003 -41.0 5.39961 4518 923.625
1107 0003 -41.0 5.43643 4561 923.625
1107 0003 -41.0 5.40575 4571 923.625
1107 0003 -40.5 5.40575 4612 923.625
1107 0003 -40.5 5.38120 4623 923.625
1107 0003 -40.5 5.39348 4665 923.625
1107 0003 -40.5 5.38734 4675 923.625
1107 0003 -40.5 5.38734 4717 923.625
1107 0003 -40.5 5.35666 4727 923.625
1107 0003 -40.5 5.39961 4770 923.625
1107 0003 -40.5 5.36280 4780 923.625
1107 0003 -40.0 5.39348 4823 923.625
1107 0003 -40.5 5.35666 4834 923.625
1107 0003 -40.0 5.38734 4875 923.625
1107 0003 -40.0 5.39348 4885 923.625
1107 0003 -40.0 5.36893 4927 923.625
1107 0003 -40.0 5.35666 4938 923.625
1107 0003 -40.0 5.34439 4981 923.625
1107 0003 -40.0 5.35666 4990 923.625
1107 0003 -40.0 5.34439 5032 923.625
1107 0003 -40.0 5.34439 5044 923.625
1107 0003 -40.0 5.34439 5085 923.625
1107 0003 -40.0 5.33825 5095 923.625
1107 0003 -39.5 5.31985 5137 923.625
1107 0003 -39.5 5.30757 5147 923.625
1107 0003 -39.5 5.32598 5189 923.625
1107 0003 -39.5 5.31985 5200 923.625
1107 0003 -39.5 5.31371 5242 923.625
1107 0003 -39.5 5.28917 5252 923.625
1107 0003 -39.5 5.27689 5294 923.625
1107 0003 -39.5 5.30144 5304 923.625
1107 0003 -39.5 5.28303 5346 923.625
1107 0003 -39.5 5.27689 5357 923.625
1107 0003 -39.0 5.24621 5399 923.625
1107 0003 -39.0 5.25235 5408 923.625
1107 0003 -39.0 5.25849 5450 923.625
1107 0003 -39.0 5.24621 5461 923.625
1107 0003 -39.0 5.22167 5503 923.625
1107 0003 -39.0 5.22167 5512 923.625
1107 0003 -39.0 5.24008 5555 923.625
1107 0003 -39.0 5.20940 5565 923.625
1107 0003 -39.0 5.19099 5606 923.625
1107 0003 -39.0 5.18486 5617 923.625
1107 0003 -39.0 5.16031 5659 923.625
1107 0003 -39.0 5.18486 5669 923.625
1107 0003 -39.0 5.16031 5711 923.625
1107 0003 -39.0 5.14804 5721 923.625
1107 0003 -39.0 5.14190 5764 923.625
1107 0003 -39.0 5.10509 5774 923.625
1107 0003 -39.0 5.09895 5817 923.625
1107 0003 -39.0 5.11122 5827 923.625
1107 0003 -39.0 5.09895 5869 923.625
1107 0003 -39.0 5.10509 5878 923.625
1107 0003 -39.0 5.07441 5920 923.625
1107 0003 -39.0 5.08054 5931 923.625
1107 0003 -39.0 5.04373 5972 923.625
1107 0003 -39.0 5.03759 5982 923.625
1107 0003 -39.0 5.01919 6024 923.625
1107 0003 -39.0 5.03146 6034 923.625
1107 0003 -39.0 5.01919 6076 923.625
1107 0003 -39.0 5.00691 6087 923.625
1107 0003 -39.0 5.01919 6128 923.625
1107 0003 -39.0 4.97623 6138 923.625
1107 0003 -39.0 4.97010 6181 923.625
1107 0003 -39.0 4.97010 6191 923.625
1107 0003 -39.0 4.94555 6233 923.625
1107 0003 -39.0 4.94555 6243 923.625
1107 0003 -39.0 4.90874 6285 923.625
1107 0003 -39.0 4.92715 6296 923.625
1107 0003 -39.0 4.89647 6337 923.625
1107 0003 -39.0 4.89647 6348 923.625
1107 0003 -39.0 4.87806 6390 923.625
1107 0003 -39.0 4.85965 6400 923.625
1107 0003 -39.5 4.85965 6441 923.625
1107 0003 -39.5 4.84738 6452 923.625
1107 0003 -39.5 4.84124 6494 923.625
1107 0003 -39.5 4.84124 6504 923.625
1107 0003 -39.5 4.80443 6546 923.625
1107 0003 -39.5 4.79216 6556 923.625
1107 0003 -39.5 4.77988 6599 923.625
1107 0003 -39.5 4.76761 6609 923.625
1107 0003 -39.5 4.77375 6650 923.625
1107 0003 -39.5 4.77375 6662 923.625
1107 0003 -40.0 4.72466 6703 923.625
1107 0003 -40.0 4.71852 6714 923.625
1107 0003 -40.0 4.70012 6755 923.625
1107 0003 -40.0 4.71239 6766 923.625
1107 0003 -40.0 4.67557 6808 923.625
1107 0003 -40.0 4.69398 6819 923.625
1107 0003 -40.0 4.65717 6861 923.625
1107 0003 -40.0 4.65717 6871 923.625
1107 0003 -40.0 4.63876 6914 923.625
1107 0003 -40.0 4.63262 6924 923.625
1107 0003 -40.0 4.60808 6965 923.625
1107 0003 -40.0 4.59581 6976 923.625
1107 0003 -40.0 4.56513 7018 923.625
1107 0003 -40.0 4.57126 7028 923.625
1107 0003 -40.0 4.55285 7070 923.625
1107 0003 -40.0 4.55899 7080 923.625
1107 0003 -40.0 4.52218 7122 923.625
1107 0003 -40.0 4.50990 7133 923.625
1107 0003 -40.0 4.47922 7174 923.625
1107 0003 -40.0 4.47922 7185 923.625
1107 0003 -40.0 4.44241 7227 923.625
1107 0003 -40.0 4.46082 7238 923.625
1107 0003 -40.0 4.46695 7279 923.625
1107 0003 -40.0 4.44854 7289 923.625
1107 0003 -40.5 4.44854 7331 923.625
1107 0003 -40.5 4.43627 7342 923.625
1107 0003 -40.0 4.42400 7384 923.625
1107 0003 -40.5 4.39946 7394 923.625
1107 0003 -40.0 4.39332 7436 923.625
1107 0003 -40.5 4.36264 7446 923.625
1107 0003 -40.5 4.36878 7488 923.625
1107 0003 -40.5 4.36878 7499 923.625
1107 0003 -40.5 4.33810 7540 923.625
1107 0003 -40.5 4.34423 7551 923.625
1107 0003 -40.5 4.31355 7592 923.625
1107 0003 -40.5 4.31355 7603 923.625
1107 0003 -40.5 4.27674 7644 923.625
1107 0003 -41.0 4.29515 7655 923.625
1107 0003 -41.0 4.25833 7698 923.625
1107 0003 -41.0 4.27060 7707 923.625
1107 0003 -41.0 4.25833 7749 923.625
1107 0003 -41.0 4.23992 7759 923.625
1107 0003 -41.0 4.19084 7801 923.625
1107 0003 -41.0 4.23379 7811 923.625
1107 0003 -41.0 4.19084 7853 923.625
1107 0003 -41.0 4.18470 7864 923.625
1107 0003 -41.5 4.16016 7906 923.625
1107 0003 -41.5 4.13561 7917 923.625
1107 0003 -41.5 4.12334 7958 923.625
1107 0003 -41.5 4.12948 7968 923.625
1107 0003 -41.5 4.12948 8011 923.625
1107 0003 -41.5 4.08652 8021 923.625
1107 0003 -42.0 4.09266 8063 923.625
1107 0003 -42.0 4.06812 8073 923.625
1107 0003 -42.0 4.06198 8115 923.625
1107 0003 -42.0 4.02517 8125 923.625
1107 0003 -42.0 4.03744 8167 923.625
1107 0003 -42.0 4.03744 8178 923.625
1107 0003 -42.0 4.03744 8219 923.625
1107 0003 -42.5 3.98835 8229 923.625
1107 0003 -42.5 3.99449 8271 923.625
1107 0003 -42.5 3.95767 8282 923.625
1107 0003 -42.5 3.96994 8325 923.625
1107 0003 -43.0 3.92085 8334 923.625
1107 0003 -43.0 3.94540 8376 923.625
1107 0003 -43.0 3.89631 8386 923.625
1107 0003 -43.0 3.87177 8429 923.625
1107 0003 -43.0 3.86563 8440 923.625
1107 0003 -43.0 3.86563 8481 923.625
1107 0003 -43.0 3.87177 8492 923.625
1107 0003 -43.0 3.82882 8533 923.625
1107 0003 -43.0 3.78586 8544 923.625
1107 0003 -43.0 3.76746 8586 923.625
1107 0003 -43.0 3.77359 8596 923.625
1107 0003 -43.0 3.74291 8638 923.625
1107 0003 -43.0 3.74291 8648 923.625
1107 0003 -43.0 3.71223 8690 923.625
1107 0003 -43.0 3.69383 8701 923.625
1107 0003 -43.5 3.66315 8743 923.625
1107 0003 -43.0 3.68769 8755 923.625
1107 0003 -43.5 3.63860 8797 923.625
1107 0003 -43.5 3.63247 8807 923.625
1107 0003 -43.5 3.59565 8849 923.625
1107 0003 -43.5 3.62019 8860 923.625
1107 0003 -43.5 3.57111 8901 923.625
1107 0003 -43.5 3.57724 8912 923.625
1107 0003 -43.5 3.55270 8953 923.625
1107 0003 -44.0 3.54043 8964 923.625
1107 0003 -44.0 3.50975 9007 923.625
1107 0003 -44.0 3.48520 9018 923.625
1107 0003 -44.0 3.47907 9060 923.625
1107 0003 -44.0 3.45452 9070 923.625
1107 0003 -44.0 3.44839 9111 923.625
1107 0003 -44.5 3.42998 9121 923.625
1107 0003 -44.5 3.41157 9164 923.625
