1107 0002 -56.0 3.21522 0 923.625
1107 0002 -55.5 3.26431 9 923.625
1107 0002 -55.0 3.38089 51 923.625
1107 0002 -54.5 3.32567 62 923.625
1107 0002 -54.5 3.26431 103 923.625
1107 0002 -54.5 3.38703 114 923.625
1107 0002 -54.0 3.42998 155 923.625
1107 0002 -53.5 3.38089 166 923.625
1107 0002 -53.0 3.47907 208 923.625
1107 0002 -53.5 3.51588 218 923.625
1107 0002 -53.0 3.56497 259 923.625
1107 0002 -53.0 3.56497 270 923.625
1107 0002 -52.5 3.57111 311 923.625
1107 0002 -52.5 3.59565 322 923.625
1107 0002 -52.0 3.68769 363 923.625
1107 0002 -52.0 3.70610 373 923.625
1107 0002 -51.5 3.73064 416 923.625
1107 0002 -51.5 3.68155 426 923.625
1107 0002 -51.5 3.75518 468 923.625
1107 0002 -51.0 3.82882 478 923.625
1107 0002 -51.0 3.87790 520 923.625
1107 0002 -50.5 3.85336 530 923.625
1107 0002 -50.5 3.92699 573 923.625
1107 0002 -50.5 3.90858 584 923.625
1107 0002 -50.5 3.93926 625 923.625
1107 0002 -50.5 4.01289 635 923.625
1107 0002 -49.5 4.04971 677 923.625
1107 0002 -49.5 4.01903 688 923.625
1107 0002 -49.0 4.06812 730 923.625
1107 0002 -49.5 4.06812 739 923.625
1107 0002 -48.5 4.09266 782 923.625
1107 0002 -49.0 4.12948 792 923.625
1107 0002 -48.0 4.16629 833 923.625
1107 0002 -48.0 4.19084 844 923.625
1107 0002 -48.0 4.25219 886 923.625
1107 0002 -47.5 4.24606 896 923.625
1107 0002 -47.5 4.28287 938 923.625
1107 0002 -47.0 4.28901 948 923.625
1107 0002 -47.0 4.36264 989 923.625
1107 0002 -47.0 4.36878 1000 923.625
1107 0002 -47.0 4.39946 1042 923.625
1107 0002 -46.5 4.42400 1052 923.625
1107 0002 -46.5 4.46082 1094 923.625
1107 0002 -46.5 4.47922 1103 923.625
1107 0002 -46.0 4.51604 1145 923.625
1107 0002 -46.0 4.50990 1157 923.625
1107 0002 -46.0 4.54672 1197 923.625
1107 0002 -46.0 4.58353 1208 923.625
1107 0002 -46.0 4.65717 1251 923.625
1107 0002 -46.0 4.64489 1260 923.625
1107 0002 -45.5 4.68785 1303 923.625
1107 0002 -45.5 4.72466 1313 923.625
1107 0002 -45.5 4.73080 1356 923.625
1107 0002 -45.5 4.74307 1366 923.625
1107 0002 -45.5 4.78602 1408 923.625
1107 0002 -45.0 4.82284 1418 923.625
1107 0002 -45.0 4.82897 1459 923.625
1107 0002 -44.5 4.84124 1469 923.625
1107 0002 -44.5 4.87806 1511 923.625
1107 0002 -44.5 4.89647 1522 923.625
1107 0002 -44.0 4.95783 1563 923.625
1107 0002 -44.0 4.93942 1574 923.625
1107 0002 -44.0 4.99464 1617 923.625
1107 0002 -44.0 4.97623 1626 923.625
1107 0002 -43.5 5.01919 1667 923.625
1107 0002 -43.5 5.04986 1678 923.625
1107 0002 -43.5 5.08054 1720 923.625
1107 0002 -43.5 5.10509 1731 923.625
1107 0002 -43.5 5.15418 1772 923.625
1107 0002 -43.5 5.12350 1782 923.625
1107 0002 -43.0 5.16645 1823 923.625
1107 0002 -43.5 5.18486 1834 923.625
1107 0002 -43.5 5.19713 1876 923.625
1107 0002 -43.0 5.23394 1886 923.625
1107 0002 -43.0 5.27076 1928 923.625
1107 0002 -43.0 5.27689 1939 923.625
1107 0002 -43.0 5.31985 1981 923.625
1107 0002 -43.0 5.31985 1991 923.625
1107 0002 -43.0 5.35052 2032 923.625
1107 0002 -43.0 5.37507 2044 923.625
1107 0002 -43.0 5.42416 2085 923.625
1107 0002 -43.0 5.41188 2095 923.625
1107 0002 -43.0 5.44870 2137 923.625
1107 0002 -43.0 5.47938 2147 923.625
1107 0002 -42.5 5.49165 2190 923.625
1107 0002 -42.5 5.51619 2200 923.625
1107 0002 -42.5 5.55915 2241 923.625
1107 0002 -42.5 5.53460 2252 923.625
1107 0002 -42.5 5.58983 2294 923.625
1107 0002 -42.5 5.60823 2304 923.625
1107 0002 -42.0 5.63891 2347 923.625
1107 0002 -42.0 5.63278 2358 923.625
1107 0002 -42.0 5.62051 2400 923.625
1107 0002 -42.0 5.67573 2409 923.625
1107 0002 -42.0 5.68800 2452 923.625
1107 0002 -41.5 5.71254 2462 923.625
1107 0002 -42.0 5.72482 2503 923.625
1107 0002 -41.5 5.71254 2513 923.625
1107 0002 -41.5 5.74322 2555 923.625
1107 0002 -41.5 5.74936 2566 923.625
1107 0002 -41.5 5.81072 2608 923.625
1107 0002 -41.0 5.78618 2618 923.625
1107 0002 -41.0 5.84753 2660 923.625
1107 0002 -41.0 5.85981 2670 923.625
1107 0002 -41.0 5.87821 2712 923.625
1107 0002 -41.0 5.87821 2722 923.625
1107 0002 -41.0 5.89662 2764 923.625
1107 0002 -41.0 5.91503 2774 923.625
1107 0002 -41.0 5.90889 2817 923.625
1107 0002 -41.0 5.92730 2827 923.625
1107 0002 -41.0 5.95185 2869 923.625
1107 0002 -41.0 5.97639 2880 923.625
1107 0002 -40.5 6.01934 2922 923.625
1107 0002 -40.5 6.00093 2932 923.625
1107 0002 -41.0 6.02548 2974 923.625
1107 0002 -40.5 6.02548 2984 923.625
1107 0002 -41.0 6.03161 3025 923.625
1107 0002 -40.5 6.07456 3034 923.625
1107 0002 -40.5 6.07456 3076 923.625
1107 0002 -40.5 6.09911 3087 923.625
1107 0002 -40.5 6.09911 3129 923.625
1107 0002 -40.5 6.10524 3140 923.625
1107 0002 -40.5 6.16047 3181 923.625
1107 0002 -40.0 6.11752 3192 923.625
1107 0002 -40.5 6.17274 3233 923.625
1107 0002 -40.5 6.17274 3244 923.625
1107 0002 -40.0 6.20342 3286 923.625
1107 0002 -40.0 6.21569 3296 923.625
1107 0002 -40.5 6.22183 3338 923.625
1107 0002 -40.0 6.21569 3349 923.625
1107 0002 -40.0 6.21569 3390 923.625
1107 0002 -40.0 6.22796 3400 923.625
1107 0002 -40.0 6.24023 3442 923.625
1107 0002 -40.0 6.24637 3452 923.625
1107 0002 -40.0 6.20955 3503 923.625
1107 0002 -40.0 6.24023 3512 923.625
1107 0002 -40.0 0.00000 3555 923.625
1107 0002 -39.5 6.27091 3565 923.625
1107 0002 -39.5 0.00614 3607 923.625
1107 0002 -39.5 0.02454 3617 923.625
1107 0002 -39.5 0.00614 3659 923.625
1107 0002 -39.0 0.01227 3670 923.625
1107 0002 -39.0 0.03068 3711 923.625
1107 0002 -39.0 0.03682 3721 923.625
1107 0002 -39.0 0.03682 3763 923.625
1107 0002 -39.0 0.07363 3773 923.625
1107 0002 -39.0 0.06136 3816 923.625
1107 0002 -39.0 0.06750 3826 923.625
1107 0002 -38.5 0.09817 3868 923.625
1107 0002 -38.5 0.12272 3878 923.625
1107 0002 -38.0 0.11045 3921 923.625
1107 0002 -38.0 0.10431 3931 923.625
1107 0002 -38.0 0.13499 3972 923.625
1107 0002 -38.0 0.14113 3982 923.625
1107 0002 -38.0 0.16567 4024 923.625
1107 0002 -38.0 0.16567 4035 923.625
1107 0002 -38.0 0.16567 4077 923.625
1107 0002 -38.0 0.16567 4087 923.625
1107 0002 -37.5 0.18408 4129 923.625
1107 0002 -38.0 0.19021 4139 923.625
1107 0002 -37.5 0.19021 4182 923.625
1107 0002 -37.5 0.20249 4192 923.625
1107 0002 -37.5 0.19635 4234 923.625
1107 0002 -37.5 0.22703 4244 923.625
1107 0002 -37.0 0.22089 4287 923.625
1107 0002 -37.5 0.23930 4297 923.625
1107 0002 -37.0 0.23930 4338 923.625
1107 0002 -37.0 0.23930 4349 923.625
1107 0002 -37.0 0.26998 4391 923.625
1107 0002 -37.0 0.26998 4401 923.625
1107 0002 -36.5 0.28225 4443 923.625
1107 0002 -37.0 0.28225 4453 923.625
1107 0002 -37.0 0.28839 4495 923.625
1107 0002 -37.0 0.30066 4506 923.625
1107 0002 -36.5 0.31293 4549 923.625
1107 0002 -37.0 0.31907 4559 923.625
1107 0002 -36.5 0.31293 4600 923.625
1107 0002 -36.5 0.33748 4610 923.625
1107 0002 -36.5 0.34975 4652 923.625
1107 0002 -36.5 0.33748 4663 923.625
1107 0002 -36.0 0.37429 4704 923.625
1107 0002 -36.5 0.36202 4714 923.625
1107 0002 -36.0 0.38656 4756 923.625
1107 0002 -36.5 0.39270 4766 923.625
1107 0002 -36.0 0.39884 4809 923.625
1107 0002 -36.0 0.38656 4819 923.625
1107 0002 -36.0 0.42338 4861 923.625
1107 0002 -36.0 0.41111 4872 923.625
1107 0002 -36.0 0.42338 4913 923.625
1107 0002 -36.0 0.41111 4924 923.625
1107 0002 -36.0 0.42951 4965 923.625
1107 0002 -36.0 0.42951 4976 923.625
1107 0002 -36.0 0.42951 5017 923.625
1107 0002 -36.0 0.43565 5029 923.625
1107 0002 -36.0 0.43565 5070 923.625
1107 0002 -36.0 0.44179 5079 923.625
1107 0002 -36.0 0.46019 5122 923.625
1107 0002 -35.5 0.45406 5132 923.625
1107 0002 -35.5 0.46633 5174 923.625
1107 0002 -35.5 0.44792 5183 923.625
1107 0002 -36.0 0.46633 5226 923.625
1107 0002 -35.5 0.47860 5237 923.625
1107 0002 -36.0 0.47860 5278 923.625
1107 0002 -36.0 0.46633 5288 923.625
1107 0002 -36.0 0.48474 5330 923.625
1107 0002 -35.5 0.49701 5340 923.625
1107 0002 -36.0 0.48474 5382 923.625
1107 0002 -35.5 0.50928 5392 923.625
1107 0002 -35.5 0.51542 5434 923.625
1107 0002 -35.5 0.49701 5444 923.625
1107 0002 -35.5 0.52769 5487 923.625
1107 0002 -35.5 0.50928 5497 923.625
1107 0002 -35.5 0.52769 5539 923.625
1107 0002 -36.0 0.51542 5550 923.625
1107 0002 -35.5 0.52769 5592 923.625
1107 0002 -36.0 0.52155 5601 923.625
1107 0002 -36.0 0.53996 5643 923.625
1107 0002 -36.0 0.53996 5654 923.625
1107 0002 -36.0 0.54610 5695 923.625
1107 0002 -36.0 0.53996 5706 923.625
1107 0002 -36.0 0.53996 5748 923.625
1107 0002 -36.0 0.54610 5758 923.625
1107 0002 -36.0 0.53383 5800 923.625
1107 0002 -36.0 0.53996 5810 923.625
1107 0002 -36.0 0.54610 5852 923.625
1107 0002 -36.0 0.55223 5863 923.625
1107 0002 -36.0 0.55837 5905 923.625
1107 0002 -36.5 0.56450 5914 923.625
1107 0002 -36.5 0.57064 5956 923.625
1107 0002 -36.0 0.56450 5966 923.625
1107 0002 -36.0 0.55837 6007 923.625
1107 0002 -36.5 0.56450 6018 923.625
1107 0002 -36.5 0.57064 6060 923.625
1107 0002 -36.5 0.57064 6070 923.625
1107 0002 -36.5 0.58291 6112 923.625
1107 0002 -36.5 0.56450 6122 923.625
1107 0002 -36.5 0.57064 6164 923.625
1107 0002 -36.5 0.56450 6175 923.625
1107 0002 -36.5 0.57678 6216 923.625
1107 0002 -37.0 0.57678 6227 923.625
1107 0002 -37.0 0.56450 6269 923.625
1107 0002 -37.0 0.58291 6278 923.625
1107 0002 -36.5 0.58291 6321 923.625
1107 0002 -36.5 0.57678 6332 923.625
1107 0002 -37.0 0.58905 6373 923.625
1107 0002 -37.0 0.58905 6384 923.625
1107 0002 -37.0 0.60132 6425 923.625
1107 0002 -37.0 0.55837 6435 923.625
1107 0002 -37.0 0.58905 6477 923.625
1107 0002 -37.0 0.58291 6488 923.625
1107 0002 -37.5 0.56450 6529 923.625
1107 0002 -37.5 0.58905 6539 923.625
1107 0002 -37.5 0.57678 6581 923.625
1107 0002 -37.5 0.57064 6592 923.625
1107 0002 -37.5 0.58291 6634 923.625
1107 0002 -37.5 0.56450 6644 923.625
1107 0002 -37.5 0.59518 6686 923.625
1107 0002 -37.5 0.58905 6696 923.625
1107 0002 -38.0 0.57064 6738 923.625
1107 0002 -38.0 0.58905 6748 923.625
1107 0002 -38.0 0.57678 6789 923.625
1107 0002 -37.5 0.57064 6799 923.625
1107 0002 -38.0 0.57678 6841 923.625
1107 0002 -38.0 0.58905 6852 923.625
1107 0002 -38.0 0.57678 6893 923.625
1107 0002 -38.0 0.59518 6904 923.625
1107 0002 -38.5 0.57678 6945 923.625
1107 0002 -38.0 0.58291 6956 923.625
1107 0002 -38.5 0.55837 6998 923.625
1107 0002 -38.0 0.56450 7008 923.625
1107 0002 -38.5 0.55837 7049 923.625
1107 0002 -38.5 0.56450 7061 923.625
1107 0002 -38.5 0.57064 7102 923.625
1107 0002 -38.5 0.57064 7112 923.625
1107 0002 -39.0 0.54610 7154 923.625
1107 0002 -39.0 0.55837 7164 923.625
1107 0002 -39.0 0.55223 7207 923.625
1107 0002 -39.0 0.55837 7217 923.625
1107 0002 -39.0 0.53383 7259 923.625
1107 0002 -39.0 0.53383 7269 923.625
1107 0002 -39.0 0.53996 7312 923.625
1107 0002 -39.0 0.52769 7322 923.625
1107 0002 -39.5 0.52769 7364 923.625
1107 0002 -39.5 0.49087 7374 923.625
1107 0002 -39.5 0.52769 7415 923.625
1107 0002 -39.5 0.51542 7426 923.625
1107 0002 -39.5 0.50928 7468 923.625
1107 0002 -39.5 0.50315 7477 923.625
1107 0002 -39.5 0.47247 7519 923.625
1107 0002 -39.5 0.46633 7530 923.625
1107 0002 -39.5 0.47247 7571 923.625
1107 0002 -39.5 0.47860 7582 923.625
1107 0002 -39.5 0.47247 7624 923.625
1107 0002 -40.0 0.47247 7634 923.625
1107 0002 -40.0 0.46019 7676 923.625
1107 0002 -40.0 0.43565 7687 923.625
1107 0002 -40.0 0.42951 7728 923.625
1107 0002 -40.0 0.43565 7738 923.625
1107 0002 -40.0 0.40497 7780 923.625
1107 0002 -40.0 0.43565 7791 923.625
1107 0002 -40.0 0.39884 7832 923.625
1107 0002 -40.5 0.38656 7843 923.625
1107 0002 -40.5 0.37429 7884 923.625
1107 0002 -40.5 0.38043 7894 923.625
1107 0002 -41.0 0.34975 7937 923.625
1107 0002 -40.5 0.34975 7947 923.625
1107 0002 -40.5 0.33748 7989 923.625
1107 0002 -40.5 0.32520 7999 923.625
1107 0002 -41.0 0.31293 8042 923.625
1107 0002 -41.0 0.29452 8051 923.625
1107 0002 -41.0 0.24544 8093 923.625
1107 0002 -41.0 0.25771 8103 923.625
1107 0002 -41.5 0.23930 8146 923.625
1107 0002 -41.0 0.22703 8156 923.625
1107 0002 -41.5 0.19635 8198 923.625
1107 0002 -41.5 0.19021 8208 923.625
1107 0002 -41.5 0.16567 8250 923.625
1107 0002 -41.5 0.17181 8260 923.625
1107 0002 -41.5 0.14113 8302 923.625
1107 0002 -41.5 0.11658 8312 923.625
1107 0002 -42.0 0.07363 8354 923.625
1107 0002 -42.0 0.08590 8364 923.625
1107 0002 -42.5 0.04909 8407 923.625
1107 0002 -42.5 0.03068 8416 923.625
1107 0002 -42.5 0.00000 8458 923.625
1107 0002 -42.5 0.00000 8470 923.625
1107 0002 -42.5 6.22796 8511 923.625
1107 0002 -42.5 6.24023 8521 923.625
1107 0002 -42.5 6.18501 8563 923.625
1107 0002 -42.5 6.18501 8574 923.625
1107 0002 -43.0 6.14819 8615 923.625
1107 0002 -42.5 6.14819 8626 923.625
1107 0002 -43.0 6.06229 8668 923.625
1107 0002 -42.5 6.07456 8678 923.625
1107 0002 -43.0 6.04388 8720 923.625
1107 0002 -42.5 6.03775 8729 923.625
1107 0002 -42.5 6.00093 8771 923.625
1107 0002 -43.0 5.95798 8783 923.625
1107 0002 -43.0 5.93957 8824 923.625
1107 0002 -43.0 5.92117 8833 923.625
1107 0002 -43.0 5.86594 8876 923.625
1107 0002 -43.0 5.87208 8886 923.625
1107 0002 -43.0 5.82913 8928 923.625
1107 0002 -43.0 5.81686 8938 923.625
1107 0002 -43.5 5.79231 8980 923.625
1107 0002 -43.5 5.77390 8990 923.625
1107 0002 -43.5 5.70641 9033 923.625
1107 0002 -43.5 5.67573 9043 923.625
1107 0002 -44.0 5.63891 9085 923.625
1107 0002 -43.5 5.65119 9095 923.625
1107 0002 -44.5 5.57755 9137 923.625
1107 0002 -44.0 5.57142 9148 923.625
1107 0002 -44.5 5.47938 9189 923.625
1107 0002 -44.5 5.49779 9200 923.625
1107 0002 -44.5 5.46711 9241 923.625
1107 0002 -44.5 5.45484 9252 923.625
1107 0002 -44.5 5.41188 9295 923.625
1107 0002 -44.5 5.38734 9305 923.625
1107 0002 -44.5 5.31985 9346 923.625
1107 0002 -45.0 5.28303 9357 923.625
1107 0002 -44.5 5.24008 9397 923.625
1107 0002 -45.0 5.21553 9408 923.625
1107 0002 -44.5 5.16645 9451 923.625
1107 0002 -44.5 5.14804 9461 923.625
1107 0002 -45.0 5.08668 9502 923.625
1107 0002 -45.0 5.06827 9513 923.625
1107 0002 -45.0 5.03146 9554 923.625
1107 0002 -45.0 5.03146 9564 923.625
1107 0002 -45.5 4.93942 9607 923.625
1107 0002 -45.5 4.94555 9618 923.625
1107 0002 -45.5 4.87806 9659 923.625
1107 0002 -46.0 4.86579 9671 923.625
1107 0002 -46.0 4.84124 9713 923.625
1107 0002 -46.0 4.79829 9722 923.625
1107 0002 -46.5 4.74920 9764 923.625
1107 0002 -46.5 4.70625 9774 923.625
1107 0002 -46.5 4.67557 9817 923.625
1107 0002 -46.5 4.70012 9827 923.625
1107 0002 -46.5 4.56513 9868 923.625
1107 0002 -46.5 4.56513 9879 923.625
1107 0002 -46.5 4.51604 9921 923.625
1107 0002 -46.5 4.47922 9931 923.625
1107 0002 -46.5 4.44854 9973 923.625
1107 0002 -46.5 4.39332 9983 923.625
1107 0002 -46.5 4.36878 10025 923.625
1107 0002 -46.5 4.36264 10035 923.625
1107 0002 -46.5 4.30128 10077 923.625
1107 0002 -47.0 4.26447 10087 923.625
1107 0002 -47.0 4.23379 10130 923.625
1107 0002 -47.0 4.23379 10140 923.625
1107 0002 -47.0 4.18470 10182 923.625
1107 0002 -47.5 4.16016 10192 923.625
1107 0002 -47.5 4.11107 10235 923.625
1107 0002 -48.0 4.06812 10244 923.625
1107 0002 -47.5 4.01903 10286 923.625
1107 0002 -48.0 4.01289 10296 923.625
1107 0002 -48.0 3.92699 10339 923.625
1107 0002 -48.0 3.91472 10349 923.625
1107 0002 -48.0 3.89018 10391 923.625
1107 0002 -48.0 3.85336 10401 923.625
1107 0002 -48.0 3.76746 10443 923.625
1107 0002 -48.0 3.76746 10454 923.625
1107 0002 -48.0 3.74905 10494 923.625
1107 0002 -48.0 3.69996 10505 923.625
1107 0002 -48.0 3.63247 10548 923.625
1107 0002 -48.0 3.64474 10558 923.625
1107 0002 -48.5 3.57724 10599 923.625
1107 0002 -48.5 3.55884 10610 923.625
1107 0002 -48.5 3.49134 10651 923.625
1107 0002 -48.5 3.46680 10662 923.625
1107 0002 -48.5 3.42998 10704 923.625
1107 0002 -48.5 3.39317 10714 923.625
1107 0002 -49.0 3.34408 10756 923.625
1107 0002 -49.0 3.36249 10766 923.625
1107 0002 -49.0 3.28272 10808 923.625
1107 0002 -49.0 3.27045 10818 923.625
1107 0002 -49.5 3.19682 10860 923.625
