1107 0002 -55.5 3.17841 0 923.625
1107 0002 -56.0 3.23977 10 923.625
1107 0002 -55.0 3.26431 51 923.625
1107 0002 -55.0 3.28885 61 923.625
1107 0002 -54.5 3.31340 103 923.625
1107 0002 -55.0 3.28885 114 923.625
1107 0002 -54.5 3.42385 155 923.625
1107 0002 -54.0 3.42998 166 923.625
1107 0002 -53.0 3.51588 207 923.625
1107 0002 -53.0 3.53429 218 923.625
1107 0002 -53.0 3.53429 259 923.625
1107 0002 -53.0 3.60179 270 923.625
1107 0002 -52.5 3.64474 312 923.625
1107 0002 -52.0 3.60179 321 923.625
1107 0002 -52.0 3.61406 364 923.625
1107 0002 -52.0 3.68155 375 923.625
1107 0002 -51.5 3.76132 415 923.625
1107 0002 -51.5 3.77359 426 923.625
1107 0002 -51.0 3.77973 468 923.625
1107 0002 -51.0 3.81654 479 923.625
1107 0002 -51.0 3.94540 520 923.625
1107 0002 -50.5 3.85950 530 923.625
1107 0002 -50.5 3.91472 572 923.625
1107 0002 -50.5 3.87790 582 923.625
1107 0002 -50.0 3.96381 624 923.625
1107 0002 -50.0 3.94540 634 923.625
1107 0002 -49.5 4.06198 677 923.625
1107 0002 -49.5 4.01289 687 923.625
1107 0002 -49.0 4.09266 730 923.625
1107 0002 -49.0 4.08652 740 923.625
1107 0002 -48.5 4.12948 781 923.625
1107 0002 -48.5 4.15402 791 923.625
1107 0002 -48.0 4.17856 833 923.625
1107 0002 -48.5 4.21538 844 923.625
1107 0002 -48.0 4.23379 885 923.625
1107 0002 -48.0 4.25219 897 923.625
1107 0002 -47.5 4.32583 938 923.625
1107 0002 -47.5 4.31355 949 923.625
1107 0002 -47.0 4.35037 990 923.625
1107 0002 -47.0 4.35037 1000 923.625
1107 0002 -47.0 4.40559 1042 923.625
1107 0002 -47.0 4.43014 1053 923.625
1107 0002 -46.5 4.46082 1096 923.625
1107 0002 -46.0 4.45468 1105 923.625
1107 0002 -46.5 4.52831 1147 923.625
1107 0002 -46.0 4.50377 1157 923.625
1107 0002 -46.5 4.54058 1200 923.625
1107 0002 -46.0 4.57126 1210 923.625
1107 0002 -46.0 4.62649 1252 923.625
1107 0002 -46.0 4.63262 1263 923.625
1107 0002 -45.5 4.65717 1305 923.625
1107 0002 -46.0 4.68785 1314 923.625
1107 0002 -46.0 4.73080 1356 923.625
1107 0002 -45.5 4.74307 1367 923.625
1107 0002 -45.5 4.81056 1408 923.625
1107 0002 -45.0 4.77988 1419 923.625
1107 0002 -45.0 4.82284 1461 923.625
1107 0002 -45.0 4.83511 1471 923.625
1107 0002 -44.5 4.89647 1513 923.625
1107 0002 -44.5 4.89647 1523 923.625
1107 0002 -44.0 4.95783 1566 923.625
1107 0002 -44.0 4.93942 1575 923.625
1107 0002 -44.0 4.97623 1618 923.625
1107 0002 -44.0 5.01305 1627 923.625
1107 0002 -44.0 5.01919 1670 923.625
1107 0002 -44.0 5.03759 1679 923.625
1107 0002 -44.0 5.08054 1721 923.625
1107 0002 -43.5 5.07441 1731 923.625
1107 0002 -43.5 5.12350 1774 923.625
1107 0002 -43.0 5.14804 1783 923.625
1107 0002 -43.0 5.17258 1825 923.625
1107 0002 -43.5 5.17872 1835 923.625
1107 0002 -43.0 5.20940 1877 923.625
1107 0002 -43.0 5.22781 1888 923.625
1107 0002 -43.0 5.24008 1930 923.625
1107 0002 -43.0 5.25849 1940 923.625
1107 0002 -43.0 5.31985 1982 923.625
1107 0002 -43.0 5.33825 1992 923.625
1107 0002 -43.0 5.32598 2034 923.625
1107 0002 -43.0 5.40575 2044 923.625
1107 0002 -42.5 5.42416 2086 923.625
1107 0002 -42.5 5.44256 2096 923.625
1107 0002 -43.0 5.45484 2137 923.625
1107 0002 -43.0 5.47938 2148 923.625
1107 0002 -43.0 5.49779 2190 923.625
1107 0002 -42.5 5.52233 2200 923.625
1107 0002 -42.5 5.53460 2243 923.625
1107 0002 -43.0 5.55915 2252 923.625
1107 0002 -42.5 5.58983 2296 923.625
1107 0002 -42.0 5.55301 2306 923.625
1107 0002 -42.0 5.63891 2347 923.625
1107 0002 -42.0 5.63278 2358 923.625
1107 0002 -42.0 5.68186 2399 923.625
1107 0002 -42.0 5.65732 2410 923.625
1107 0002 -42.0 5.68800 2452 923.625
1107 0002 -42.0 5.68186 2462 923.625
1107 0002 -41.5 5.73709 2504 923.625
1107 0002 -42.0 5.70027 2515 923.625
1107 0002 -41.5 5.78004 2557 923.625
1107 0002 -41.5 5.78618 2567 923.625
1107 0002 -41.5 5.82299 2608 923.625
1107 0002 -41.0 5.81686 2618 923.625
1107 0002 -41.5 5.84140 2661 923.625
1107 0002 -41.0 5.83526 2671 923.625
1107 0002 -41.0 5.86594 2714 923.625
1107 0002 -41.0 5.84140 2723 923.625
1107 0002 -41.0 5.88435 2766 923.625
1107 0002 -41.0 5.89662 2775 923.625
1107 0002 -41.0 5.93344 2818 923.625
1107 0002 -41.0 5.93344 2828 923.625
1107 0002 -40.5 5.97025 2869 923.625
1107 0002 -40.5 5.96412 2880 923.625
1107 0002 -40.5 6.03775 2922 923.625
1107 0002 -40.5 6.01934 2933 923.625
1107 0002 -41.0 6.00707 2974 923.625
1107 0002 -41.0 6.01320 2984 923.625
1107 0002 -40.5 6.04388 3026 923.625
1107 0002 -41.0 6.04388 3036 923.625
1107 0002 -40.5 6.08070 3078 923.625
1107 0002 -40.5 6.08070 3089 923.625
1107 0002 -40.5 6.07456 3130 923.625
1107 0002 -40.5 6.10524 3141 923.625
1107 0002 -40.5 6.12365 3183 923.625
1107 0002 -40.5 6.14819 3193 923.625
1107 0002 -40.0 6.19115 3236 923.625
1107 0002 -40.0 6.19115 3245 923.625
1107 0002 -40.0 6.19728 3287 923.625
1107 0002 -40.0 6.21569 3297 923.625
1107 0002 -40.0 6.23410 3339 923.625
1107 0002 -40.0 6.22796 3349 923.625
1107 0002 -40.0 6.20955 3392 923.625
1107 0002 -40.0 6.20955 3401 923.625
1107 0002 -40.0 6.22183 3444 923.625
1107 0002 -40.0 6.22183 3453 923.625
1107 0002 -39.5 6.22796 3495 923.625
1107 0002 -40.0 6.22183 3506 923.625
1107 0002 -39.5 6.27705 3548 923.625
1107 0002 -40.0 6.26478 3557 923.625
1107 0002 -39.5 0.00000 3600 923.625
1107 0002 -39.5 0.00000 3610 923.625
1107 0002 -39.5 6.27091 3652 923.625
1107 0002 -39.5 6.27705 3663 923.625
1107 0002 -39.5 0.04909 3704 923.625
1107 0002 -39.0 0.04909 3714 923.625
1107 0002 -39.0 0.06750 3756 923.625
1107 0002 -39.0 0.05522 3767 923.625
1107 0002 -39.0 0.07363 3809 923.625
1107 0002 -38.5 0.07363 3819 923.625
1107 0002 -38.5 0.09204 3862 923.625
1107 0002 -38.5 0.11045 3872 923.625
1107 0002 -38.5 0.12272 3913 923.625
1107 0002 -38.5 0.12272 3923 923.625
1107 0002 -38.5 0.12885 3965 923.625
1107 0002 -38.0 0.14113 3975 923.625
1107 0002 -38.0 0.16567 4017 923.625
1107 0002 -38.0 0.14726 4027 923.625
1107 0002 -37.5 0.15953 4069 923.625
1107 0002 -38.0 0.16567 4079 923.625
1107 0002 -37.5 0.18408 4122 923.625
1107 0002 -38.0 0.17794 4132 923.625
1107 0002 -37.5 0.20249 4175 923.625
1107 0002 -37.5 0.20862 4184 923.625
1107 0002 -37.5 0.20862 4227 923.625
1107 0002 -37.5 0.22703 4237 923.625
1107 0002 -37.0 0.22089 4278 923.625
1107 0002 -37.0 0.23317 4289 923.625
1107 0002 -37.0 0.25771 4331 923.625
1107 0002 -37.0 0.25771 4341 923.625
1107 0002 -37.0 0.25157 4383 923.625
1107 0002 -37.0 0.27612 4393 923.625
1107 0002 -36.5 0.28839 4435 923.625
1107 0002 -36.5 0.30680 4446 923.625
1107 0002 -36.5 0.27612 4487 923.625
1107 0002 -37.0 0.30680 4498 923.625
1107 0002 -36.5 0.32520 4539 923.625
1107 0002 -36.5 0.31907 4550 923.625
1107 0002 -37.0 0.33134 4592 923.625
1107 0002 -36.5 0.32520 4602 923.625
1107 0002 -36.5 0.33748 4644 923.625
1107 0002 -36.5 0.34361 4654 923.625
1107 0002 -36.0 0.36202 4696 923.625
1107 0002 -36.5 0.35588 4706 923.625
1107 0002 -36.5 0.38043 4748 923.625
1107 0002 -36.0 0.37429 4758 923.625
1107 0002 -36.0 0.39270 4801 923.625
1107 0002 -36.5 0.38043 4810 923.625
1107 0002 -36.0 0.39884 4852 923.625
1107 0002 -36.0 0.38043 4862 923.625
1107 0002 -36.0 0.40497 4904 923.625
1107 0002 -36.0 0.41724 4915 923.625
1107 0002 -36.0 0.41111 4957 923.625
1107 0002 -36.0 0.41724 4968 923.625
1107 0002 -36.0 0.41724 5009 923.625
1107 0002 -36.0 0.44179 5020 923.625
1107 0002 -36.0 0.44792 5062 923.625
1107 0002 -36.0 0.44179 5072 923.625
1107 0002 -36.0 0.44792 5114 923.625
1107 0002 -36.0 0.44792 5123 923.625
1107 0002 -36.0 0.46019 5165 923.625
1107 0002 -36.0 0.44792 5175 923.625
1107 0002 -36.0 0.46019 5218 923.625
1107 0002 -35.5 0.44792 5228 923.625
1107 0002 -35.5 0.47247 5270 923.625
1107 0002 -36.0 0.47860 5279 923.625
1107 0002 -35.5 0.48474 5322 923.625
1107 0002 -35.5 0.49087 5333 923.625
1107 0002 -36.0 0.48474 5373 923.625
1107 0002 -35.5 0.48474 5384 923.625
1107 0002 -36.0 0.49087 5426 923.625
1107 0002 -35.5 0.47860 5436 923.625
1107 0002 -36.0 0.50928 5478 923.625
1107 0002 -36.0 0.48474 5488 923.625
1107 0002 -35.5 0.52769 5531 923.625
1107 0002 -35.5 0.50315 5540 923.625
1107 0002 -35.5 0.52769 5582 923.625
1107 0002 -36.0 0.50315 5593 923.625
1107 0002 -36.0 0.53383 5634 923.625
1107 0002 -36.0 0.53383 5644 923.625
1107 0002 -36.0 0.54610 5686 923.625
1107 0002 -36.0 0.53996 5696 923.625
1107 0002 -36.0 0.55223 5738 923.625
1107 0002 -36.0 0.52155 5749 923.625
1107 0002 -36.0 0.53383 5791 923.625
1107 0002 -36.0 0.55837 5802 923.625
1107 0002 -36.0 0.53383 5843 923.625
1107 0002 -36.0 0.55837 5854 923.625
1107 0002 -36.0 0.57064 5895 923.625
1107 0002 -36.0 0.55837 5907 923.625
1107 0002 -36.0 0.55837 5947 923.625
1107 0002 -36.0 0.55223 5958 923.625
1107 0002 -36.5 0.55223 6000 923.625
1107 0002 -36.0 0.55837 6010 923.625
1107 0002 -36.0 0.57678 6051 923.625
1107 0002 -36.0 0.57064 6062 923.625
1107 0002 -36.5 0.55837 6103 923.625
1107 0002 -36.5 0.57678 6114 923.625
1107 0002 -36.5 0.58291 6156 923.625
1107 0002 -36.5 0.55837 6167 923.625
1107 0002 -36.5 0.57064 6209 923.625
1107 0002 -36.5 0.58291 6218 923.625
1107 0002 -37.0 0.57678 6260 923.625
1107 0002 -36.5 0.57678 6271 923.625
1107 0002 -37.0 0.55223 6313 923.625
1107 0002 -37.0 0.58291 6324 923.625
1107 0002 -36.5 0.57064 6365 923.625
1107 0002 -37.0 0.55837 6376 923.625
1107 0002 -37.0 0.57678 6418 923.625
1107 0002 -37.0 0.58291 6428 923.625
1107 0002 -37.0 0.58291 6470 923.625
1107 0002 -37.0 0.55837 6480 923.625
1107 0002 -37.0 0.56450 6522 923.625
1107 0002 -37.0 0.58905 6532 923.625
1107 0002 -37.5 0.56450 6575 923.625
1107 0002 -37.5 0.57064 6585 923.625
1107 0002 -37.5 0.57678 6627 923.625
1107 0002 -37.5 0.58291 6637 923.625
1107 0002 -38.0 0.58291 6679 923.625
1107 0002 -37.5 0.56450 6690 923.625
1107 0002 -38.0 0.57064 6732 923.625
1107 0002 -37.5 0.55837 6742 923.625
1107 0002 -37.5 0.56450 6784 923.625
1107 0002 -38.0 0.57064 6795 923.625
1107 0002 -38.0 0.54610 6837 923.625
1107 0002 -38.0 0.57678 6848 923.625
1107 0002 -38.0 0.57064 6889 923.625
1107 0002 -38.0 0.56450 6899 923.625
1107 0002 -38.0 0.55223 6942 923.625
1107 0002 -38.0 0.56450 6952 923.625
1107 0002 -38.5 0.55837 6993 923.625
1107 0002 -38.5 0.57064 7003 923.625
1107 0002 -38.5 0.56450 7046 923.625
1107 0002 -38.5 0.53996 7055 923.625
1107 0002 -38.5 0.55837 7097 923.625
1107 0002 -38.5 0.56450 7108 923.625
1107 0002 -38.5 0.57064 7150 923.625
1107 0002 -39.0 0.54610 7160 923.625
1107 0002 -39.0 0.55223 7202 923.625
1107 0002 -39.0 0.54610 7213 923.625
1107 0002 -39.0 0.52155 7254 923.625
1107 0002 -39.0 0.52769 7264 923.625
1107 0002 -39.0 0.52155 7306 923.625
1107 0002 -39.0 0.52769 7317 923.625
1107 0002 -39.0 0.51542 7358 923.625
1107 0002 -39.0 0.51542 7369 923.625
1107 0002 -39.5 0.50315 7410 923.625
1107 0002 -39.5 0.51542 7421 923.625
1107 0002 -39.5 0.48474 7464 923.625
1107 0002 -39.5 0.49701 7473 923.625
1107 0002 -39.5 0.49087 7516 923.625
1107 0002 -39.5 0.48474 7525 923.625
1107 0002 -39.5 0.46633 7567 923.625
1107 0002 -39.5 0.47860 7577 923.625
1107 0002 -39.5 0.44179 7619 923.625
1107 0002 -39.5 0.45406 7630 923.625
1107 0002 -40.0 0.44179 7671 923.625
1107 0002 -40.0 0.44179 7682 923.625
1107 0002 -40.0 0.42338 7723 923.625
1107 0002 -40.0 0.41111 7734 923.625
1107 0002 -40.0 0.39884 7776 923.625
1107 0002 -40.0 0.39270 7786 923.625
1107 0002 -40.0 0.36816 7828 923.625
1107 0002 -40.0 0.39270 7839 923.625
1107 0002 -40.5 0.38043 7881 923.625
1107 0002 -40.5 0.36202 7890 923.625
1107 0002 -40.5 0.34361 7932 923.625
1107 0002 -41.0 0.31907 7943 923.625
1107 0002 -40.5 0.31907 7985 923.625
1107 0002 -40.5 0.31293 7994 923.625
1107 0002 -41.0 0.30680 8037 923.625
1107 0002 -41.0 0.26998 8047 923.625
1107 0002 -41.0 0.26384 8089 923.625
1107 0002 -41.0 0.26998 8099 923.625
1107 0002 -41.5 0.23930 8142 923.625
1107 0002 -41.0 0.19635 8151 923.625
1107 0002 -41.0 0.19021 8194 923.625
1107 0002 -41.5 0.18408 8204 923.625
1107 0002 -42.0 0.16567 8246 923.625
1107 0002 -41.5 0.13499 8256 923.625
1107 0002 -42.0 0.11045 8299 923.625
1107 0002 -41.5 0.11045 8309 923.625
1107 0002 -42.5 0.06750 8351 923.625
1107 0002 -42.0 0.07363 8361 923.625
1107 0002 -42.5 0.02454 8403 923.625
1107 0002 -42.5 0.03068 8413 923.625
1107 0002 -42.5 0.00614 8456 923.625
1107 0002 -42.5 6.27091 8465 923.625
1107 0002 -42.5 6.27091 8508 923.625
1107 0002 -42.5 6.24637 8518 923.625
1107 0002 -42.5 6.18501 8559 923.625
1107 0002 -42.5 6.16660 8571 923.625
1107 0002 -42.5 6.10524 8612 923.625
1107 0002 -42.5 6.11752 8623 923.625
1107 0002 -42.5 6.09911 8664 923.625
1107 0002 -42.5 6.09911 8674 923.625
1107 0002 -42.5 6.05002 8716 923.625
1107 0002 -42.5 6.00093 8727 923.625
1107 0002 -42.5 5.99480 8768 923.625
1107 0002 -43.0 5.97639 8778 923.625
1107 0002 -43.0 5.92117 8821 923.625
1107 0002 -43.0 5.92730 8831 923.625
1107 0002 -43.0 5.89662 8873 923.625
1107 0002 -43.0 5.87821 8884 923.625
1107 0002 -43.5 5.80458 8926 923.625
1107 0002 -43.0 5.81686 8935 923.625
1107 0002 -43.5 5.78618 8977 923.625
1107 0002 -43.5 5.73709 8988 923.625
1107 0002 -43.5 5.70027 9030 923.625
1107 0002 -43.5 5.69414 9040 923.625
1107 0002 -44.0 5.62664 9082 923.625
1107 0002 -44.0 5.62664 9093 923.625
1107 0002 -44.0 5.58369 9133 923.625
1107 0002 -44.5 5.58369 9145 923.625
1107 0002 -44.5 5.51006 9186 923.625
1107 0002 -44.5 5.52847 9196 923.625
1107 0002 -44.5 5.43029 9238 923.625
1107 0002 -44.5 5.43643 9248 923.625
1107 0002 -44.5 5.40575 9292 923.625
1107 0002 -44.5 5.40575 9302 923.625
1107 0002 -45.0 5.31985 9343 923.625
1107 0002 -45.0 5.28303 9354 923.625
1107 0002 -45.0 5.21553 9396 923.625
1107 0002 -45.0 5.23394 9406 923.625
1107 0002 -45.0 5.16645 9449 923.625
1107 0002 -44.5 5.16031 9459 923.625
1107 0002 -45.0 5.09282 9501 923.625
1107 0002 -45.0 5.08668 9511 923.625
1107 0002 -45.0 5.01305 9552 923.625
1107 0002 -45.0 5.01919 9563 923.625
1107 0002 -45.5 4.96396 9605 923.625
1107 0002 -45.5 4.93328 9616 923.625
1107 0002 -45.5 4.89647 9658 923.625
1107 0002 -45.5 4.87806 9668 923.625
1107 0002 -46.0 4.81670 9709 923.625
1107 0002 -46.5 4.81670 9720 923.625
1107 0002 -46.5 4.73693 9762 923.625
1107 0002 -46.5 4.70012 9773 923.625
1107 0002 -46.5 4.64489 9814 923.625
1107 0002 -46.5 4.65103 9824 923.625
1107 0002 -46.5 4.58967 9866 923.625
1107 0002 -46.5 4.57126 9877 923.625
1107 0002 -46.5 4.50377 9920 923.625
1107 0002 -47.0 4.51604 9930 923.625
1107 0002 -46.5 4.43627 9972 923.625
1107 0002 -46.5 4.43014 9982 923.625
1107 0002 -47.0 4.36264 10024 923.625
1107 0002 -47.0 4.36264 10035 923.625
1107 0002 -47.0 4.28287 10075 923.625
1107 0002 -47.0 4.27060 10086 923.625
1107 0002 -47.0 4.22765 10128 923.625
1107 0002 -47.0 4.20924 10138 923.625
1107 0002 -47.5 4.15402 10181 923.625
1107 0002 -47.5 4.11720 10190 923.625
1107 0002 -47.5 4.08652 10232 923.625
1107 0002 -47.5 4.10493 10243 923.625
1107 0002 -48.0 4.03130 10285 923.625
1107 0002 -48.0 3.98835 10296 923.625
1107 0002 -48.0 3.94540 10338 923.625
1107 0002 -48.0 3.95153 10347 923.625
1107 0002 -48.0 3.87790 10389 923.625
1107 0002 -48.0 3.83495 10400 923.625
1107 0002 -48.0 3.82268 10442 923.625
1107 0002 -48.0 3.77973 10453 923.625
1107 0002 -48.0 3.73678 10493 923.625
1107 0002 -48.0 3.68769 10504 923.625
1107 0002 -48.0 3.64474 10546 923.625
1107 0002 -48.5 3.66315 10557 923.625
1107 0002 -48.5 3.55270 10597 923.625
1107 0002 -48.5 3.55270 10607 923.625
1107 0002 -48.5 3.50361 10650 923.625
1107 0002 -48.5 3.49134 10661 923.625
1107 0002 -49.0 3.41771 10702 923.625
1107 0002 -48.5 3.38703 10712 923.625
1107 0002 -49.0 3.33794 10754 923.625
1107 0002 -49.0 3.36862 10764 923.625
1107 0002 -49.0 3.23363 10807 923.625
1107 0002 -49.0 3.25818 10816 923.625
1107 0002 -49.5 3.17227 10858 923.625
1107 0002 -49.5 3.19682 10869 923.625
1107 0002 -50.0 3.13546 10911 923.625
1107 0002 -50.0 3.12318 10921 923.625
1107 0002 -49.5 3.04955 10963 923.625
1107 0002 -49.5 3.05569 10973 923.625
1107 0002 -49.5 3.02501 11015 923.625
1107 0002 -49.5 3.01274 11025 923.625
1107 0002 -49.5 2.90843 11068 923.625
1107 0002 -49.5 2.91456 11078 923.625
1107 0002 -49.5 2.83480 11120 923.625
1107 0002 -49.5 2.81025 11130 923.625
1107 0002 -49.5 2.80412 11172 923.625
1107 0002 -49.5 2.76730 11181 923.625
1107 0002 -49.5 2.73049 11224 923.625
