1107 0002 -56.0 2.96365 0 923.625
1107 0002 -56.0 2.94524 15 923.625
1107 0002 -55.5 3.09864 56 923.625
1107 0002 -55.0 3.06183 66 923.625
1107 0002 -55.0 3.12318 109 923.625
1107 0002 -55.0 3.12318 119 923.625
1107 0002 -54.5 3.14773 161 923.625
1107 0002 -54.5 3.30113 171 923.625
1107 0002 -53.5 3.29499 213 923.625
1107 0002 -54.0 3.33181 223 923.625
1107 0002 -53.5 3.33181 266 923.625
1107 0002 -53.0 3.35021 275 923.625
1107 0002 -52.5 3.47907 317 923.625
1107 0002 -52.5 3.42385 328 923.625
1107 0002 -52.0 3.50361 369 923.625
1107 0002 -52.0 3.49134 380 923.625
1107 0002 -51.5 3.55884 422 923.625
1107 0002 -51.5 3.54043 433 923.625
1107 0002 -51.5 3.60179 475 923.625
1107 0002 -51.0 3.61406 485 923.625
1107 0002 -51.0 3.70610 527 923.625
1107 0002 -51.0 3.70610 537 923.625
1107 0002 -50.5 3.74905 579 923.625
1107 0002 -50.5 3.80427 589 923.625
1107 0002 -50.5 3.82268 632 923.625
1107 0002 -50.0 3.82882 642 923.625
1107 0002 -50.0 3.89018 684 923.625
1107 0002 -50.5 3.94540 694 923.625
1107 0002 -50.0 3.95767 736 923.625
1107 0002 -50.0 3.94540 747 923.625
1107 0002 -49.5 4.04357 788 923.625
1107 0002 -49.5 4.03130 799 923.625
1107 0002 -49.0 4.07425 841 923.625
1107 0002 -49.0 4.06812 852 923.625
1107 0002 -48.5 4.14788 894 923.625
1107 0002 -48.5 4.11720 904 923.625
1107 0002 -48.0 4.20924 947 923.625
1107 0002 -48.0 4.24606 957 923.625
1107 0002 -47.5 4.23379 999 923.625
1107 0002 -47.5 4.23379 1008 923.625
1107 0002 -47.0 4.31355 1051 923.625
1107 0002 -47.0 4.31969 1061 923.625
1107 0002 -47.0 4.35037 1102 923.625
1107 0002 -47.0 4.35651 1113 923.625
1107 0002 -46.5 4.43627 1155 923.625
1107 0002 -46.5 4.43627 1165 923.625
1107 0002 -46.0 4.49763 1207 923.625
1107 0002 -46.0 4.46695 1218 923.625
1107 0002 -46.0 4.50990 1259 923.625
1107 0002 -46.0 4.57126 1269 923.625
1107 0002 -46.0 4.58353 1311 923.625
1107 0002 -46.0 4.60808 1322 923.625
1107 0002 -45.5 4.65103 1363 923.625
1107 0002 -45.5 4.65717 1374 923.625
1107 0002 -45.5 4.70625 1416 923.625
1107 0002 -45.5 4.67557 1426 923.625
1107 0002 -45.5 4.75534 1468 923.625
1107 0002 -45.5 4.77375 1479 923.625
1107 0002 -45.0 4.81056 1519 923.625
1107 0002 -45.0 4.80443 1530 923.625
1107 0002 -44.5 4.84738 1573 923.625
1107 0002 -44.5 4.85965 1582 923.625
1107 0002 -44.0 4.92101 1624 923.625
1107 0002 -44.5 4.93328 1636 923.625
1107 0002 -44.0 4.97010 1678 923.625
1107 0002 -44.0 4.97623 1687 923.625
1107 0002 -44.0 5.01305 1729 923.625
1107 0002 -44.0 5.01919 1739 923.625
1107 0002 -43.5 5.07441 1782 923.625
1107 0002 -43.5 5.07441 1792 923.625
1107 0002 -43.5 5.09282 1833 923.625
1107 0002 -43.5 5.12350 1844 923.625
1107 0002 -43.5 5.12963 1885 923.625
1107 0002 -43.0 5.18486 1896 923.625
1107 0002 -43.0 5.19099 1938 923.625
1107 0002 -43.0 5.22167 1949 923.625
1107 0002 -43.5 5.24008 1990 923.625
1107 0002 -43.0 5.26462 2000 923.625
1107 0002 -43.0 5.27689 2042 923.625
1107 0002 -43.0 5.31371 2053 923.625
1107 0002 -43.0 5.33825 2094 923.625
1107 0002 -43.0 5.35666 2105 923.625
1107 0002 -43.0 5.41802 2147 923.625
1107 0002 -43.0 5.41802 2157 923.625
1107 0002 -43.0 5.46711 2199 923.625
1107 0002 -43.0 5.46711 2208 923.625
1107 0002 -43.0 5.50392 2251 923.625
1107 0002 -43.0 5.49779 2261 923.625
1107 0002 -43.0 5.52847 2303 923.625
1107 0002 -43.0 5.53460 2314 923.625
1107 0002 -42.5 5.55301 2356 923.625
1107 0002 -42.5 5.58369 2366 923.625
1107 0002 -42.0 5.60823 2408 923.625
1107 0002 -42.5 5.63278 2419 923.625
1107 0002 -42.0 5.66346 2459 923.625
1107 0002 -42.5 5.63278 2470 923.625
1107 0002 -41.5 5.66959 2512 923.625
1107 0002 -42.0 5.69414 2522 923.625
1107 0002 -41.5 5.71254 2565 923.625
1107 0002 -41.5 5.73709 2575 923.625
1107 0002 -41.5 5.76163 2617 923.625
1107 0002 -41.5 5.77390 2627 923.625
1107 0002 -41.5 5.80458 2669 923.625
1107 0002 -41.5 5.78618 2680 923.625
1107 0002 -41.5 5.84753 2722 923.625
1107 0002 -41.5 5.84140 2732 923.625
1107 0002 -41.5 5.87208 2774 923.625
1107 0002 -41.5 5.90276 2784 923.625
1107 0002 -41.0 5.89049 2827 923.625
1107 0002 -41.0 5.90276 2836 923.625
1107 0002 -41.0 5.94571 2878 923.625
1107 0002 -41.0 5.95185 2889 923.625
1107 0002 -41.0 5.97639 2930 923.625
1107 0002 -41.0 5.95185 2940 923.625
1107 0002 -41.0 5.99480 2982 923.625
1107 0002 -41.0 6.01320 2993 923.625
1107 0002 -40.5 6.05002 3035 923.625
1107 0002 -41.0 6.03775 3045 923.625
1107 0002 -40.5 6.05002 3087 923.625
1107 0002 -40.5 6.07456 3098 923.625
1107 0002 -40.5 6.09911 3139 923.625
1107 0002 -40.5 6.11138 3149 923.625
1107 0002 -40.5 6.09911 3191 923.625
1107 0002 -40.5 6.11752 3202 923.625
1107 0002 -40.5 6.12979 3244 923.625
1107 0002 -40.5 6.14819 3254 923.625
1107 0002 -40.5 6.18501 3295 923.625
1107 0002 -40.5 6.19728 3306 923.625
1107 0002 -40.5 6.22796 3348 923.625
1107 0002 -40.0 6.22183 3358 923.625
1107 0002 -40.5 6.24023 3400 923.625
1107 0002 -40.5 6.24023 3411 923.625
1107 0002 -40.5 6.22183 3453 923.625
1107 0002 -40.0 6.24023 3463 923.625
1107 0002 -40.0 6.23410 3505 923.625
1107 0002 -40.0 6.22183 3515 923.625
1107 0002 -40.0 6.22183 3557 923.625
1107 0002 -40.0 6.21569 3568 923.625
1107 0002 -40.0 0.00614 3610 923.625
1107 0002 -40.0 6.27091 3620 923.625
1107 0002 -39.5 0.00614 3662 923.625
1107 0002 -39.5 0.00000 3672 923.625
1107 0002 -39.5 0.03682 3714 923.625
1107 0002 -39.5 0.02454 3724 923.625
1107 0002 -39.0 0.05522 3767 923.625
1107 0002 -39.0 0.06136 3776 923.625
1107 0002 -39.0 0.06136 3819 923.625
1107 0002 -39.0 0.06136 3828 923.625
1107 0002 -39.0 0.08590 3870 923.625
1107 0002 -39.0 0.07977 3881 923.625
1107 0002 -39.0 0.09204 3923 923.625
1107 0002 -38.5 0.10431 3933 923.625
1107 0002 -38.5 0.11658 3975 923.625
1107 0002 -38.5 0.11045 3986 923.625
1107 0002 -38.5 0.15340 4027 923.625
1107 0002 -38.5 0.13499 4038 923.625
1107 0002 -38.5 0.12885 4079 923.625
1107 0002 -38.0 0.14726 4089 923.625
1107 0002 -38.0 0.15953 4132 923.625
1107 0002 -38.0 0.19635 4142 923.625
1107 0002 -38.0 0.19021 4184 923.625
1107 0002 -37.5 0.19021 4194 923.625
1107 0002 -37.5 0.17794 4236 923.625
1107 0002 -38.0 0.20862 4247 923.625
1107 0002 -37.5 0.22089 4288 923.625
1107 0002 -37.5 0.22703 4299 923.625
1107 0002 -37.5 0.23317 4340 923.625
1107 0002 -37.0 0.23930 4351 923.625
1107 0002 -37.5 0.23930 4392 923.625
1107 0002 -37.5 0.25157 4402 923.625
1107 0002 -37.0 0.26998 4445 923.625
1107 0002 -37.0 0.27612 4455 923.625
1107 0002 -37.0 0.27612 4496 923.625
1107 0002 -37.0 0.28839 4507 923.625
1107 0002 -37.0 0.27612 4549 923.625
1107 0002 -37.0 0.30066 4558 923.625
1107 0002 -36.5 0.30680 4601 923.625
1107 0002 -36.5 0.31293 4611 923.625
1107 0002 -36.5 0.31907 4653 923.625
1107 0002 -36.5 0.32520 4663 923.625
1107 0002 -36.5 0.33748 4705 923.625
1107 0002 -36.5 0.32520 4716 923.625
1107 0002 -36.5 0.34975 4758 923.625
1107 0002 -36.5 0.34975 4769 923.625
1107 0002 -36.5 0.36816 4810 923.625
1107 0002 -36.5 0.37429 4820 923.625
1107 0002 -36.5 0.38043 4862 923.625
1107 0002 -36.0 0.38656 4872 923.625
1107 0002 -36.5 0.40497 4915 923.625
1107 0002 -36.5 0.39270 4925 923.625
1107 0002 -36.0 0.39884 4967 923.625
1107 0002 -36.0 0.41724 4977 923.625
1107 0002 -36.5 0.42338 5019 923.625
1107 0002 -36.0 0.43565 5029 923.625
1107 0002 -36.0 0.42951 5071 923.625
1107 0002 -36.0 0.44179 5082 923.625
1107 0002 -36.0 0.44179 5125 923.625
1107 0002 -36.0 0.43565 5134 923.625
1107 0002 -36.0 0.44792 5177 923.625
1107 0002 -36.0 0.44792 5186 923.625
1107 0002 -36.0 0.42951 5229 923.625
1107 0002 -36.0 0.46019 5239 923.625
1107 0002 -36.0 0.46019 5281 923.625
1107 0002 -36.0 0.46633 5291 923.625
1107 0002 -35.5 0.47860 5334 923.625
1107 0002 -36.0 0.45406 5344 923.625
1107 0002 -36.0 0.47860 5385 923.625
1107 0002 -35.5 0.46633 5396 923.625
1107 0002 -36.0 0.49087 5438 923.625
1107 0002 -36.0 0.49701 5448 923.625
1107 0002 -35.5 0.49701 5490 923.625
1107 0002 -35.5 0.49087 5500 923.625
1107 0002 -36.0 0.49701 5542 923.625
1107 0002 -36.0 0.50315 5553 923.625
1107 0002 -36.0 0.50928 5595 923.625
1107 0002 -35.5 0.50315 5605 923.625
1107 0002 -36.0 0.51542 5647 923.625
1107 0002 -36.0 0.52155 5657 923.625
1107 0002 -36.0 0.52155 5699 923.625
1107 0002 -36.0 0.52769 5709 923.625
1107 0002 -36.0 0.52769 5752 923.625
1107 0002 -36.0 0.52155 5763 923.625
1107 0002 -36.0 0.50928 5803 923.625
1107 0002 -36.0 0.52769 5814 923.625
1107 0002 -36.0 0.53383 5856 923.625
1107 0002 -36.0 0.52769 5866 923.625
1107 0002 -36.0 0.53996 5908 923.625
1107 0002 -36.0 0.54610 5918 923.625
1107 0002 -36.0 0.52769 5959 923.625
1107 0002 -36.0 0.53383 5969 923.625
1107 0002 -36.0 0.54610 6012 923.625
1107 0002 -36.5 0.55223 6023 923.625
1107 0002 -36.0 0.54610 6064 923.625
1107 0002 -36.5 0.53383 6074 923.625
1107 0002 -36.0 0.55837 6116 923.625
1107 0002 -36.5 0.54610 6127 923.625
1107 0002 -36.5 0.56450 6168 923.625
1107 0002 -36.5 0.56450 6178 923.625
1107 0002 -36.5 0.55837 6219 923.625
1107 0002 -36.5 0.55223 6230 923.625
1107 0002 -36.5 0.57064 6272 923.625
1107 0002 -36.5 0.56450 6283 923.625
1107 0002 -36.5 0.56450 6324 923.625
1107 0002 -36.5 0.57064 6334 923.625
1107 0002 -36.5 0.53383 6376 923.625
1107 0002 -36.5 0.56450 6386 923.625
1107 0002 -37.0 0.55837 6428 923.625
1107 0002 -36.5 0.56450 6438 923.625
1107 0002 -37.0 0.55837 6480 923.625
1107 0002 -37.0 0.55223 6491 923.625
1107 0002 -37.0 0.55223 6534 923.625
1107 0002 -37.0 0.55837 6543 923.625
1107 0002 -37.0 0.55837 6585 923.625
1107 0002 -37.0 0.55837 6595 923.625
1107 0002 -37.0 0.56450 6638 923.625
1107 0002 -37.5 0.56450 6648 923.625
1107 0002 -37.0 0.53996 6689 923.625
1107 0002 -37.5 0.55223 6700 923.625
1107 0002 -37.5 0.55837 6742 923.625
1107 0002 -37.5 0.55837 6753 923.625
1107 0002 -37.5 0.55223 6794 923.625
1107 0002 -37.5 0.54610 6806 923.625
1107 0002 -37.5 0.54610 6846 923.625
1107 0002 -37.5 0.55837 6857 923.625
1107 0002 -37.5 0.55223 6899 923.625
1107 0002 -38.0 0.57064 6910 923.625
1107 0002 -38.0 0.53383 6951 923.625
1107 0002 -38.0 0.52769 6962 923.625
1107 0002 -38.0 0.53996 7003 923.625
1107 0002 -38.5 0.53383 7014 923.625
1107 0002 -38.0 0.53383 7055 923.625
1107 0002 -38.0 0.53383 7067 923.625
1107 0002 -38.5 0.52769 7109 923.625
1107 0002 -38.5 0.49087 7119 923.625
1107 0002 -38.0 0.53383 7161 923.625
1107 0002 -38.5 0.50928 7171 923.625
1107 0002 -38.5 0.50928 7214 923.625
1107 0002 -38.5 0.49701 7224 923.625
1107 0002 -39.0 0.50928 7265 923.625
1107 0002 -38.5 0.52155 7276 923.625
1107 0002 -39.0 0.50315 7318 923.625
1107 0002 -39.0 0.50315 7328 923.625
1107 0002 -39.0 0.49701 7370 923.625
1107 0002 -39.0 0.49087 7381 923.625
1107 0002 -39.0 0.48474 7422 923.625
1107 0002 -39.0 0.48474 7432 923.625
1107 0002 -39.0 0.47247 7474 923.625
1107 0002 -39.5 0.46633 7484 923.625
1107 0002 -39.5 0.46019 7526 923.625
1107 0002 -39.0 0.46019 7536 923.625
1107 0002 -39.5 0.42951 7579 923.625
1107 0002 -39.5 0.44179 7589 923.625
1107 0002 -39.5 0.42951 7630 923.625
1107 0002 -40.0 0.44179 7640 923.625
1107 0002 -39.5 0.43565 7683 923.625
1107 0002 -39.5 0.42951 7693 923.625
1107 0002 -40.0 0.40497 7735 923.625
1107 0002 -40.0 0.42338 7745 923.625
1107 0002 -40.0 0.39884 7787 923.625
1107 0002 -40.0 0.39884 7798 923.625
1107 0002 -40.0 0.38043 7839 923.625
1107 0002 -40.0 0.38656 7850 923.625
1107 0002 -40.5 0.37429 7893 923.625
1107 0002 -40.0 0.36816 7903 923.625
1107 0002 -40.5 0.33748 7944 923.625
1107 0002 -40.5 0.34975 7955 923.625
1107 0002 -40.5 0.31907 7997 923.625
1107 0002 -40.5 0.33134 8007 923.625
1107 0002 -40.5 0.31293 8049 923.625
1107 0002 -40.5 0.29452 8058 923.625
1107 0002 -41.0 0.28225 8100 923.625
1107 0002 -41.0 0.26998 8111 923.625
1107 0002 -41.0 0.26384 8153 923.625
1107 0002 -41.0 0.26998 8162 923.625
1107 0002 -41.0 0.23930 8204 923.625
1107 0002 -41.5 0.21476 8214 923.625
1107 0002 -41.5 0.18408 8257 923.625
1107 0002 -41.0 0.19635 8268 923.625
1107 0002 -41.5 0.14113 8310 923.625
1107 0002 -41.5 0.14113 8320 923.625
1107 0002 -42.0 0.12272 8362 923.625
1107 0002 -41.5 0.14113 8372 923.625
1107 0002 -42.0 0.07977 8415 923.625
1107 0002 -42.0 0.06750 8424 923.625
1107 0002 -42.0 0.06750 8467 923.625
1107 0002 -42.0 0.03068 8477 923.625
1107 0002 -42.0 0.00000 8519 923.625
1107 0002 -42.5 6.27705 8528 923.625
1107 0002 -42.5 6.23410 8571 923.625
1107 0002 -42.5 6.25864 8581 923.625
1107 0002 -42.5 6.22796 8623 923.625
1107 0002 -43.0 6.20955 8633 923.625
1107 0002 -42.5 6.14819 8676 923.625
1107 0002 -42.5 6.14206 8686 923.625
1107 0002 -42.5 6.12365 8727 923.625
1107 0002 -42.5 6.07456 8738 923.625
1107 0002 -42.5 6.05616 8780 923.625
1107 0002 -43.0 6.03775 8790 923.625
1107 0002 -42.5 6.00093 8832 923.625
1107 0002 -42.5 6.00707 8842 923.625
1107 0002 -43.0 5.92730 8885 923.625
1107 0002 -42.5 5.95185 8895 923.625
1107 0002 -43.0 5.89662 8937 923.625
1107 0002 -43.0 5.90889 8947 923.625
1107 0002 -43.0 5.85981 8990 923.625
1107 0002 -43.0 5.86594 9000 923.625
1107 0002 -43.0 5.78618 9042 923.625
1107 0002 -43.0 5.81072 9052 923.625
1107 0002 -43.5 5.73709 9094 923.625
1107 0002 -43.5 5.70641 9105 923.625
1107 0002 -43.5 5.66959 9149 923.625
1107 0002 -44.0 5.70027 9159 923.625
1107 0002 -44.0 5.63278 9201 923.625
1107 0002 -44.0 5.58983 9211 923.625
1107 0002 -44.5 5.56528 9255 923.625
1107 0002 -44.5 5.53460 9265 923.625
1107 0002 -44.5 5.51619 9307 923.625
1107 0002 -44.5 5.44870 9318 923.625
1107 0002 -44.5 5.43029 9361 923.625
1107 0002 -44.5 5.41188 9372 923.625
1107 0002 -44.5 5.35052 9413 923.625
1107 0002 -44.5 5.34439 9424 923.625
1107 0002 -44.5 5.27689 9468 923.625
1107 0002 -44.5 5.25235 9478 923.625
1107 0002 -45.0 5.22167 9520 923.625
1107 0002 -45.0 5.19099 9531 923.625
1107 0002 -45.0 5.14190 9574 923.625
1107 0002 -45.0 5.10509 9584 923.625
1107 0002 -45.5 5.09282 9627 923.625
1107 0002 -45.0 5.06827 9636 923.625
1107 0002 -45.0 5.00691 9680 923.625
1107 0002 -45.5 5.00078 9689 923.625
1107 0002 -45.5 4.90874 9731 923.625
1107 0002 -45.5 4.94555 9742 923.625
1107 0002 -45.5 4.85965 9785 923.625
1107 0002 -46.0 4.82897 9794 923.625
1107 0002 -46.5 4.77375 9836 923.625
1107 0002 -46.5 4.74307 9846 923.625
1107 0002 -46.5 4.70012 9889 923.625
1107 0002 -46.5 4.70625 9898 923.625
1107 0002 -46.5 4.60194 9940 923.625
1107 0002 -46.5 4.62035 9950 923.625
1107 0002 -46.5 4.55899 9992 923.625
1107 0002 -46.5 4.54058 10004 923.625
1107 0002 -46.5 4.47309 10045 923.625
1107 0002 -46.5 4.47309 10055 923.625
1107 0002 -47.0 4.42400 10097 923.625
1107 0002 -47.0 4.38105 10107 923.625
1107 0002 -47.0 4.35037 10148 923.625
1107 0002 -47.0 4.31355 10159 923.625
1107 0002 -47.0 4.29515 10201 923.625
1107 0002 -47.0 4.26447 10211 923.625
1107 0002 -47.0 4.18470 10254 923.625
1107 0002 -47.5 4.19084 10263 923.625
1107 0002 -47.5 4.12948 10305 923.625
1107 0002 -47.5 4.12948 10316 923.625
1107 0002 -48.0 4.07425 10357 923.625
1107 0002 -47.5 4.04357 10368 923.625
1107 0002 -48.0 3.96994 10411 923.625
1107 0002 -48.0 3.96381 10421 923.625
1107 0002 -48.5 3.91472 10462 923.625
1107 0002 -48.0 3.94540 10473 923.625
1107 0002 -48.5 3.84109 10515 923.625
1107 0002 -48.0 3.83495 10525 923.625
1107 0002 -48.0 3.76746 10567 923.625
1107 0002 -48.5 3.73678 10577 923.625
1107 0002 -48.5 3.68769 10619 923.625
1107 0002 -48.0 3.66315 10629 923.625
1107 0002 -48.5 3.60792 10671 923.625
1107 0002 -48.5 3.58952 10682 923.625
1107 0002 -48.5 3.53429 10723 923.625
1107 0002 -48.5 3.50975 10734 923.625
1107 0002 -49.0 3.47293 10775 923.625
1107 0002 -48.5 3.46066 10786 923.625
1107 0002 -49.0 3.42385 10828 923.625
1107 0002 -49.0 3.37476 10838 923.625
1107 0002 -49.5 3.28272 10880 923.625
1107 0002 -49.5 3.33181 10890 923.625
1107 0002 -49.5 3.22750 10933 923.625
