1107 0005 -60.5 5.64505 0 920.625
1107 0005 -59.5 5.73709 11 920.625
1107 0005 -60.0 5.71868 53 920.625
1107 0005 -59.5 5.64505 64 920.625
1107 0005 -60.0 5.79845 105 920.625
1107 0005 -59.5 5.78618 115 920.625
1107 0005 -59.0 5.78004 157 920.625
1107 0005 -59.5 5.78618 167 920.625
1107 0005 -58.5 5.81686 210 920.625
1107 0005 -58.5 5.83526 220 920.625
1107 0005 -58.5 5.85367 261 920.625
1107 0005 -58.5 5.90276 272 920.625
1107 0005 -58.5 5.87208 313 920.625
1107 0005 -58.0 5.89662 324 920.625
1107 0005 -57.5 5.92117 366 920.625
1107 0005 -58.0 5.97025 376 920.625
1107 0005 -57.5 6.03161 418 920.625
1107 0005 -58.0 6.01934 429 920.625
1107 0005 -57.5 6.05002 470 920.625
1107 0005 -57.0 6.02548 481 920.625
1107 0005 -57.5 6.08070 522 920.625
1107 0005 -57.0 6.15433 532 920.625
1107 0005 -57.5 6.12365 575 920.625
1107 0005 -57.0 6.11752 584 920.625
1107 0005 -57.5 6.12979 626 920.625
1107 0005 -57.0 6.20955 637 920.625
1107 0005 -57.0 6.22796 678 920.625
1107 0005 -57.0 6.25251 689 920.625
1107 0005 -57.0 6.24637 731 920.625
1107 0005 -57.0 0.02454 741 920.625
1107 0005 -56.5 0.09204 783 920.625
1107 0005 -56.5 0.05522 793 920.625
1107 0005 -56.5 0.08590 835 920.625
1107 0005 -56.5 0.06136 845 920.625
1107 0005 -56.0 0.21476 887 920.625
1107 0005 -56.0 0.15953 898 920.625
1107 0005 -56.0 0.19635 940 920.625
1107 0005 -56.0 0.23930 949 920.625
1107 0005 -56.0 0.22703 991 920.625
1107 0005 -56.0 0.28839 1001 920.625
1107 0005 -56.0 0.28839 1044 920.625
1107 0005 -55.5 0.28839 1054 920.625
1107 0005 -56.0 0.33748 1096 920.625
1107 0005 -55.5 0.36202 1107 920.625
1107 0005 -55.5 0.41111 1149 920.625
1107 0005 -55.5 0.45406 1160 920.625
1107 0005 -55.5 0.52155 1200 920.625
1107 0005 -55.0 0.50315 1211 920.625
1107 0005 -55.5 0.52155 1254 920.625
1107 0005 -55.5 0.51542 1264 920.625
1107 0005 -55.5 0.50315 1306 920.625
1107 0005 -56.0 0.60746 1315 920.625
1107 0005 -55.5 0.63814 1357 920.625
1107 0005 -55.5 0.60746 1367 920.625
1107 0005 -56.0 0.65654 1409 920.625
1107 0005 -55.5 0.67495 1419 920.625
1107 0005 -55.5 0.76085 1461 920.625
1107 0005 -56.0 0.79153 1471 920.625
1107 0005 -55.5 0.80994 1514 920.625
1107 0005 -55.5 0.85289 1524 920.625
1107 0005 -55.5 0.86517 1565 920.625
1107 0005 -55.5 0.88971 1576 920.625
1107 0005 -55.5 0.87744 1617 920.625
1107 0005 -55.0 0.92652 1628 920.625
1107 0005 -55.5 0.96334 1671 920.625
1107 0005 -55.0 0.95720 1680 920.625
1107 0005 -55.0 0.98788 1722 920.625
1107 0005 -55.5 1.03084 1733 920.625
1107 0005 -55.0 1.04311 1774 920.625
1107 0005 -55.0 1.12287 1784 920.625
1107 0005 -55.5 1.15355 1826 920.625
1107 0005 -55.5 1.14742 1837 920.625
1107 0005 -55.5 1.21491 1879 920.625
1107 0005 -55.5 1.22105 1890 920.625
1107 0005 -55.5 1.26400 1931 920.625
1107 0005 -55.5 1.32536 1941 920.625
1107 0005 -55.5 1.31922 1983 920.625
1107 0005 -55.5 1.41740 1992 920.625
1107 0005 -56.5 1.40513 2034 920.625
1107 0005 -56.5 1.43581 2044 920.625
1107 0005 -56.0 1.47876 2087 920.625
1107 0005 -56.0 1.50330 2097 920.625
1107 0005 -56.5 1.55852 2138 920.625
1107 0005 -56.5 1.50944 2149 920.625
1107 0005 -56.5 1.63216 2191 920.625
1107 0005 -56.5 1.67511 2248 920.625
1107 0005 -56.5 1.73033 2258 920.625
1107 0005 -56.5 1.76715 2300 920.625
1107 0005 -56.5 1.69351 2309 920.625
1107 0005 -56.5 1.81010 2352 920.625
1107 0005 -56.5 1.83464 2362 920.625
1107 0005 -56.5 1.85918 2404 920.625
1107 0005 -56.5 1.95736 2415 920.625
1107 0005 -56.5 1.91441 2457 920.625
1107 0005 -56.5 1.95122 2467 920.625
1107 0005 -56.5 2.06781 2508 920.625
1107 0005 -57.0 2.13530 2519 920.625
1107 0005 -58.0 2.14144 2562 920.625
1107 0005 -57.0 2.11689 2571 920.625
1107 0005 -57.5 2.19666 2613 920.625
1107 0005 -57.5 2.30711 2624 920.625
1107 0005 -58.0 2.27029 2665 920.625
1107 0005 -57.5 2.24575 2675 920.625
1107 0005 -58.0 2.37460 2717 920.625
1107 0005 -58.0 2.35006 2727 920.625
1107 0005 -58.0 2.52186 2769 920.625
1107 0005 -58.0 2.44210 2780 920.625
1107 0005 -58.0 2.49732 2821 920.625
1107 0005 -58.5 2.54641 2832 920.625
1107 0005 -58.0 2.61390 2874 920.625
1107 0005 -58.5 2.67526 2884 920.625
1107 0005 -58.5 2.69981 2926 920.625
1107 0005 -58.0 2.75503 2937 920.625
1107 0005 -58.5 2.79185 2978 920.625
1107 0005 -59.0 2.85320 2989 920.625
1107 0005 -59.5 2.97592 3031 920.625
1107 0005 -59.0 2.97592 3040 920.625
1107 0005 -59.5 3.06183 3082 920.625
1107 0005 -59.5 3.04955 3092 920.625
1107 0005 -60.0 3.12318 3134 920.625
1107 0005 -60.0 3.18454 3145 920.625
1107 0005 -60.0 3.20909 3186 920.625
1107 0005 -60.5 3.27658 3196 920.625
1107 0005 -59.5 3.36862 3239 920.625
1107 0005 -60.5 3.47293 3249 920.625
1107 0005 -60.5 3.54043 3290 920.625
1107 0005 -60.5 3.46680 3301 920.625
1107 0005 -60.0 3.69996 3343 920.625
1107 0005 -60.0 3.69383 3353 920.625
1107 0005 -60.5 3.71223 3395 920.625
1107 0005 -60.5 3.78586 3406 920.625
1107 0005 -60.5 3.99449 3447 920.625
1107 0005 -60.5 4.14175 3459 920.625
1107 0005 -61.0 4.14175 3501 920.625
1107 0005 -60.5 4.12948 3510 920.625
1107 0005 -60.0 4.26447 3552 920.625
1107 0005 -60.0 4.36878 3563 920.625
1107 0005 -60.5 4.47309 3605 920.625
1107 0005 -60.5 4.47922 3614 920.625
1107 0005 -60.0 4.62035 3656 920.625
1107 0005 -60.5 4.62035 3667 920.625
1107 0005 -60.5 4.82897 3709 920.625
1107 0005 -61.0 4.79829 3719 920.625
1107 0005 -60.5 4.90260 3761 920.625
1107 0005 -60.0 4.92101 3771 920.625
1107 0005 -59.5 5.19099 3813 920.625
1107 0005 -60.0 5.16645 3824 920.625
1107 0005 -60.0 5.20940 3865 920.625
1107 0005 -59.0 5.19713 3876 920.625
1107 0005 -59.5 5.36280 3918 920.625
1107 0005 -59.0 5.44870 3929 920.625
1107 0005 -59.0 5.60823 3970 920.625
1107 0005 -58.5 5.64505 3980 920.625
1107 0005 -59.0 5.76163 4021 920.625
1107 0005 -58.5 5.71868 4032 920.625
1107 0005 -57.0 5.88435 4074 920.625
1107 0005 -58.0 5.93344 4085 920.625
1107 0005 -57.5 6.00093 4127 920.625
1107 0005 -57.0 5.99480 4137 920.625
1107 0005 -57.0 6.09297 4179 920.625
1107 0005 -56.5 6.19115 4188 920.625
1107 0005 -57.0 6.22183 4230 920.625
1107 0005 -56.5 0.03068 4241 920.625
1107 0005 -56.0 0.03068 4283 920.625
1107 0005 -56.5 0.07363 4294 920.625
1107 0005 -55.5 0.14113 4334 920.625
1107 0005 -55.5 0.25157 4345 920.625
1107 0005 -55.5 0.25157 4386 920.625
1107 0005 -55.0 0.33134 4397 920.625
1107 0005 -54.5 0.36202 4439 920.625
1107 0005 -54.5 0.42338 4449 920.625
1107 0005 -54.5 0.49701 4491 920.625
1107 0005 -54.5 0.49701 4501 920.625
1107 0005 -53.5 0.61973 4544 920.625
1107 0005 -54.0 0.67495 4554 920.625
1107 0005 -54.0 0.76085 4597 920.625
1107 0005 -54.0 0.71177 4607 920.625
1107 0005 -53.5 0.82835 4649 920.625
1107 0005 -53.5 0.85289 4659 920.625
1107 0005 -52.5 0.92652 4700 920.625
1107 0005 -52.5 0.89584 4710 920.625
1107 0005 -52.5 1.05538 4752 920.625
1107 0005 -52.5 0.98175 4763 920.625
1107 0005 -52.0 1.08606 4805 920.625
1107 0005 -51.5 1.08606 4815 920.625
1107 0005 -51.5 1.14128 4857 920.625
1107 0005 -51.5 1.15969 4867 920.625
1107 0005 -51.5 1.23946 4909 920.625
1107 0005 -51.0 1.24559 4919 920.625
1107 0005 -51.0 1.27014 4960 920.625
1107 0005 -51.0 1.28854 4970 920.625
1107 0005 -51.0 1.36831 5013 920.625
1107 0005 -50.5 1.36831 5023 920.625
1107 0005 -50.5 1.44194 5064 920.625
1107 0005 -50.0 1.43581 5075 920.625
1107 0005 -50.0 1.52784 5117 920.625
1107 0005 -50.5 1.54625 5127 920.625
1107 0005 -50.0 1.58307 5169 920.625
1107 0005 -50.0 1.64443 5179 920.625
1107 0005 -49.5 1.66284 5221 920.625
1107 0005 -49.5 1.69351 5231 920.625
1107 0005 -49.0 1.73033 5273 920.625
1107 0005 -49.0 1.75487 5283 920.625
1107 0005 -48.5 1.79169 5325 920.625
1107 0005 -48.5 1.81010 5335 920.625
1107 0005 -48.5 1.87146 5377 920.625
1107 0005 -48.0 1.86532 5388 920.625
1107 0005 -48.0 1.91441 5430 920.625
1107 0005 -48.0 1.92668 5440 920.625
1107 0005 -47.5 1.98804 5482 920.625
1107 0005 -48.0 2.03099 5492 920.625
1107 0005 -47.5 2.03713 5534 920.625
1107 0005 -47.5 2.03099 5545 920.625
1107 0005 -47.0 2.11076 5587 920.625
1107 0005 -47.0 2.11689 5596 920.625
1107 0005 -47.5 2.17212 5639 920.625
1107 0005 -47.0 2.19666 5649 920.625
1107 0005 -47.0 2.25188 5691 920.625
1107 0005 -47.0 2.25188 5701 920.625
1107 0005 -47.0 2.28256 5743 920.625
1107 0005 -47.0 2.30711 5753 920.625
1107 0005 -47.0 2.35619 5795 920.625
1107 0005 -46.5 2.37460 5806 920.625
1107 0005 -46.5 2.42983 5847 920.625
1107 0005 -46.0 2.41755 5858 920.625
1107 0005 -46.5 2.47278 5900 920.625
1107 0005 -46.0 2.46664 5910 920.625
1107 0005 -46.0 2.50346 5952 920.625
1107 0005 -46.0 2.49732 5963 920.625
1107 0005 -46.0 2.52186 6004 920.625
1107 0005 -45.5 2.55254 6018 920.625
1107 0005 -45.5 2.55868 6028 920.625
1107 0005 -45.0 2.60163 6070 920.625
1107 0005 -45.5 2.61390 6080 920.625
1107 0005 -45.0 2.63845 6123 920.625
1107 0005 -45.0 2.63845 6132 920.625
1107 0005 -44.5 2.68753 6175 920.625
1107 0005 -45.0 2.68140 6184 920.625
1107 0005 -45.0 2.73049 6227 920.625
1107 0005 -44.5 2.71208 6238 920.625
1107 0005 -44.5 2.76730 6278 920.625
1107 0005 -44.5 2.77957 6289 920.625
1107 0005 -44.5 2.77344 6330 920.625
1107 0005 -44.5 2.78571 6342 920.625
1107 0005 -44.5 2.82866 6382 920.625
1107 0005 -44.5 2.85320 6393 920.625
1107 0005 -44.5 2.83480 6434 920.625
1107 0005 -44.5 2.87161 6444 920.625
1107 0005 -44.5 2.90229 6486 920.625
1107 0005 -44.5 2.89616 6497 920.625
1107 0005 -44.5 2.92070 6539 920.625
1107 0005 -44.5 2.94524 6550 920.625
1107 0005 -44.0 2.99433 6592 920.625
1107 0005 -44.5 2.96979 6601 920.625
1107 0005 -44.0 2.96979 6643 920.625
1107 0005 -44.0 2.99433 6654 920.625
1107 0005 -44.0 3.01887 6695 920.625
1107 0005 -44.0 2.96979 6706 920.625
1107 0005 -44.0 3.03728 6748 920.625
1107 0005 -44.0 3.04342 6758 920.625
1107 0005 -44.0 3.06796 6800 920.625
1107 0005 -44.0 3.06796 6811 920.625
1107 0005 -44.0 3.09251 6852 920.625
1107 0005 -44.0 3.08023 6863 920.625
1107 0005 -44.0 3.09864 6905 920.625
1107 0005 -43.5 3.09251 6915 920.625
1107 0005 -44.0 3.11091 6957 920.625
1107 0005 -43.5 3.14773 6966 920.625
1107 0005 -43.5 3.13546 7009 920.625
1107 0005 -44.0 3.14159 7019 920.625
1107 0005 -43.5 3.18454 7061 920.625
1107 0005 -43.5 3.15386 7072 920.625
1107 0005 -43.5 3.17227 7113 920.625
1107 0005 -43.0 3.19068 7123 920.625
1107 0005 -43.5 3.20295 7165 920.625
1107 0005 -43.5 3.19682 7175 920.625
1107 0005 -43.0 3.22136 7217 920.625
1107 0005 -43.0 3.22136 7228 920.625
1107 0005 -43.0 3.23977 7270 920.625
1107 0005 -43.0 3.25204 7280 920.625
1107 0005 -43.0 3.23977 7322 920.625
1107 0005 -42.5 3.24590 7332 920.625
1107 0005 -42.5 3.25818 7374 920.625
1107 0005 -42.5 3.27658 7384 920.625
1107 0005 -42.5 3.28272 7426 920.625
1107 0005 -42.5 3.27658 7436 920.625
1107 0005 -42.0 3.27658 7478 920.625
1107 0005 -42.5 3.29499 7489 920.625
1107 0005 -42.0 3.30113 7531 920.625
1107 0005 -42.0 3.33181 7541 920.625
1107 0005 -42.0 3.31340 7583 920.625
1107 0005 -42.5 3.32567 7593 920.625
1107 0005 -42.5 3.33181 7636 920.625
1107 0005 -42.0 3.33794 7646 920.625
1107 0005 -42.0 3.35635 7689 920.625
1107 0005 -42.0 3.35021 7698 920.625
1107 0005 -42.0 3.34408 7740 920.625
1107 0005 -42.0 3.35635 7751 920.625
1107 0005 -42.0 3.35635 7793 920.625
1107 0005 -42.0 3.35635 7803 920.625
1107 0005 -41.5 3.39317 7845 920.625
1107 0005 -42.0 3.38703 7855 920.625
1107 0005 -42.0 3.39317 7897 920.625
1107 0005 -41.5 3.39930 7958 920.625
1107 0005 -41.5 3.40544 7968 920.625
1107 0005 -41.5 3.39930 8010 920.625
1107 0005 -41.5 3.42385 8021 920.625
1107 0005 -42.0 3.42385 8062 920.625
1107 0005 -41.5 3.41157 8073 920.625
1107 0005 -41.5 3.42385 8115 920.625
1107 0005 -41.5 3.44225 8124 920.625
1107 0005 -41.5 3.42385 8167 920.625
1107 0005 -41.5 3.42998 8177 920.625
1107 0005 -41.5 3.42998 8218 920.625
1107 0005 -41.5 3.45452 8229 920.625
1107 0005 -41.5 3.44839 8271 920.625
1107 0005 -41.5 3.46066 8281 920.625
1107 0005 -41.5 3.44839 8322 920.625
1107 0005 -41.5 3.43612 8333 920.625
1107 0005 -41.5 3.44839 8375 920.625
1107 0005 -41.5 3.45452 8385 920.625
1107 0005 -41.5 3.46066 8427 920.625
1107 0005 -41.5 3.47293 8437 920.625
1107 0005 -41.5 3.46680 8479 920.625
1107 0005 -41.5 3.46680 8490 920.625
1107 0005 -41.5 3.46066 8531 920.625
1107 0005 -41.5 3.47907 8541 920.625
1107 0005 -41.5 3.46680 8583 920.625
1107 0005 -41.5 3.50361 8593 920.625
1107 0005 -41.5 3.48520 8635 920.625
1107 0005 -41.5 3.48520 8646 920.625
1107 0005 -42.0 3.48520 8687 920.625
1107 0005 -41.5 3.47907 8697 920.625
1107 0005 -41.5 3.49134 8740 920.625
1107 0005 -41.5 3.46680 8749 920.625
1107 0005 -42.0 3.47907 8791 920.625
1107 0005 -41.5 3.46680 8801 920.625
1107 0005 -41.5 3.50975 8844 920.625
1107 0005 -41.5 3.47293 8853 920.625
1107 0005 -41.5 3.50975 8895 920.625
1107 0005 -41.5 3.49748 8906 920.625
1107 0005 -41.5 3.46680 8947 920.625
1107 0005 -42.0 3.50975 8957 920.625
1107 0005 -41.5 3.49748 8999 920.625
1107 0005 -42.0 3.50361 9010 920.625
1107 0005 -41.5 3.50361 9051 920.625
1107 0005 -42.0 3.49748 9061 920.625
1107 0005 -41.5 3.47293 9103 920.625
1107 0005 -41.5 3.48520 9113 920.625
1107 0005 -42.0 3.50361 9155 920.625
1107 0005 -42.0 3.49134 9166 920.625
1107 0005 -42.0 3.49134 9208 920.625
1107 0005 -42.0 3.51588 9219 920.625
1107 0005 -42.0 3.50361 9260 920.625
1107 0005 -42.0 3.47907 9270 920.625
1107 0005 -42.0 3.49748 9312 920.625
1107 0005 -42.0 3.46680 9322 920.625
1107 0005 -42.0 3.47907 9364 920.625
1107 0005 -42.0 3.47907 9374 920.625
1107 0005 -42.5 3.46066 9416 920.625
1107 0005 -42.0 3.45452 9426 920.625
1107 0005 -42.5 3.44839 9468 920.625
1107 0005 -42.5 3.46680 9479 920.625
1107 0005 -42.5 3.44839 9521 920.625
1107 0005 -42.5 3.45452 9531 920.625
1107 0005 -42.5 3.44225 9573 920.625
1107 0005 -42.5 3.44225 9584 920.625
1107 0005 -42.5 3.44225 9627 920.625
1107 0005 -42.5 3.44839 9636 920.625
1107 0005 -43.0 3.42998 9677 920.625
1107 0005 -43.0 3.42385 9688 920.625
1107 0005 -43.0 3.39930 9730 920.625
1107 0005 -43.0 3.39317 9740 920.625
1107 0005 -43.0 3.39930 9783 920.625
1107 0005 -42.5 3.39317 9793 920.625
1107 0005 -43.0 3.37476 9834 920.625
1107 0005 -43.0 3.39317 9844 920.625
1107 0005 -43.0 3.37476 9887 920.625
1107 0005 -43.0 3.36249 9897 920.625
1107 0005 -43.5 3.35021 9938 920.625
1107 0005 -43.5 3.34408 9949 920.625
1107 0005 -43.5 3.33181 9991 920.625
1107 0005 -43.5 3.33794 10001 920.625
1107 0005 -43.5 3.33181 10043 920.625
1107 0005 -43.0 3.31340 10053 920.625
1107 0005 -43.5 3.31340 10095 920.625
1107 0005 -43.5 3.30726 10106 920.625
1107 0005 -43.5 3.27658 10148 920.625
1107 0005 -43.5 3.27045 10158 920.625
1107 0005 -43.5 3.25818 10201 920.625
1107 0005 -44.0 3.29499 10210 920.625
1107 0005 -44.0 3.27658 10252 920.625
1107 0005 -44.0 3.24590 10263 920.625
1107 0005 -44.0 3.22136 10304 920.625
1107 0005 -44.0 3.21522 10315 920.625
1107 0005 -44.0 3.19068 10356 920.625
1107 0005 -44.5 3.19068 10367 920.625
1107 0005 -44.0 3.16614 10409 920.625
1107 0005 -44.0 3.17841 10419 920.625
1107 0005 -44.5 3.14159 10461 920.625
1107 0005 -44.5 3.14773 10471 920.625
1107 0005 -44.5 3.11091 10513 920.625
1107 0005 -45.0 3.11705 10523 920.625
1107 0005 -44.5 3.08023 10565 920.625
1107 0005 -45.0 3.11091 10576 920.625
1107 0005 -44.5 3.09864 10617 920.625
1107 0005 -44.5 3.07410 10628 920.625
1107 0005 -44.5 3.03728 10670 920.625
1107 0005 -45.0 3.03728 10681 920.625
1107 0005 -44.5 2.99433 10722 920.625
1107 0005 -45.0 2.97592 10732 920.625
1107 0005 -44.5 2.95751 10773 920.625
1107 0005 -45.0 2.95138 10784 920.625
1107 0005 -45.0 2.92070 10826 920.625
1107 0005 -45.0 2.91456 10836 920.625
1107 0005 -45.0 2.89616 10878 920.625
1107 0005 -45.0 2.90843 10889 920.625
1107 0005 -45.0 2.85934 10931 920.625
1107 0005 -45.0 2.85320 10941 920.625
1107 0005 -45.0 2.81025 10983 920.625
1107 0005 -45.0 2.81639 10992 920.625
1107 0005 -45.0 2.77957 11034 920.625
1107 0005 -45.5 2.77957 11045 920.625
1107 0005 -45.0 2.74889 11087 920.625
1107 0005 -45.5 2.74889 11096 920.625
1107 0005 -45.0 2.69367 11138 920.625
1107 0005 -45.0 2.69981 11149 920.625
1107 0005 -45.5 2.64458 11191 920.625
1107 0005 -46.0 2.64458 11201 920.625
1107 0005 -45.5 2.64458 11243 920.625
1107 0005 -46.0 2.61390 11253 920.625
1107 0005 -46.0 2.56482 11295 920.625
1107 0005 -46.0 2.54027 11306 920.625
1107 0005 -46.5 2.54027 11348 920.625
1107 0005 -46.0 2.52186 11358 920.625
1107 0005 -46.5 2.46664 11400 920.625
1107 0005 -46.5 2.47891 11410 920.625
1107 0005 -47.0 2.44823 11451 920.625
1107 0005 -47.0 2.42983 11461 920.625
1107 0005 -47.5 2.37460 11504 920.625
1107 0005 -47.5 2.40528 11514 920.625
1107 0005 -47.5 2.33779 11555 920.625
1107 0005 -47.5 2.33165 11566 920.625
1107 0005 -47.5 2.29484 11608 920.625
1107 0005 -48.0 2.26416 11618 920.625
1107 0005 -48.0 2.24575 11660 920.625
1107 0005 -48.0 2.24575 11670 920.625
1107 0005 -48.0 2.15984 11726 920.625
1107 0005 -48.0 2.13530 11737 920.625
1107 0005 -48.0 2.10462 11778 920.625
1107 0005 -48.0 2.14144 11788 920.625
1107 0005 -48.5 2.04940 11831 920.625
1107 0005 -48.0 2.03713 11841 920.625
1107 0005 -48.5 2.00645 11882 920.625
1107 0005 -48.5 1.96963 11892 920.625
1107 0005 -48.5 2.00031 11935 920.625
1107 0005 -49.0 1.94509 11945 920.625
1107 0005 -49.0 1.90827 11987 920.625
1107 0005 -49.0 1.91441 11997 920.625
1107 0005 -49.5 1.86532 12040 920.625
1107 0005 -49.5 1.84691 12050 920.625
1107 0005 -49.5 1.76101 12091 920.625
1107 0005 -49.5 1.77328 12102 920.625
1107 0005 -50.0 1.68124 12144 920.625
1107 0005 -50.5 1.68738 12153 920.625
1107 0005 -50.0 1.68738 12195 920.625
1107 0005 -50.0 1.62602 12205 920.625
1107 0005 -51.0 1.60761 12248 920.625
1107 0005 -51.5 1.65056 12258 920.625
1107 0005 -51.0 1.49717 12300 920.625
1107 0005 -51.0 1.52784 12310 920.625
1107 0005 -51.5 1.44194 12353 920.625
1107 0005 -51.5 1.45421 12363 920.625
1107 0005 -51.5 1.41126 12404 920.625
1107 0005 -51.5 1.36217 12414 920.625
1107 0005 -51.5 1.31309 12456 920.625
1107 0005 -52.0 1.28241 12467 920.625
1107 0005 -52.0 1.28241 12509 920.625
1107 0005 -52.0 1.28241 12519 920.625
1107 0005 -52.0 1.17810 12560 920.625
1107 0005 -52.5 1.15969 12570 920.625
1107 0005 -52.5 1.08606 12612 920.625
1107 0005 -52.5 1.15355 12623 920.625
1107 0005 -52.5 1.06151 12665 920.625
1107 0005 -52.5 0.99402 12676 920.625
1107 0005 -53.0 0.97561 12716 920.625
1107 0005 -52.5 0.95107 12727 920.625
1107 0005 -53.0 0.84676 12769 920.625
1107 0005 -53.5 0.84062 12779 920.625
1107 0005 -53.5 0.78540 12821 920.625
1107 0005 -53.5 0.75472 12832 920.625
1107 0005 -54.0 0.68109 12874 920.625
1107 0005 -54.0 0.70563 12884 920.625
1107 0005 -54.0 0.56450 12927 920.625
1107 0005 -54.0 0.58291 12937 920.625
1107 0005 -54.0 0.53383 12979 920.625
1107 0005 -54.0 0.52155 12989 920.625
1107 0005 -54.0 0.47247 13032 920.625
1107 0005 -54.0 0.46019 13041 920.625
1107 0005 -54.0 0.34361 13083 920.625
1107 0005 -54.0 0.34361 13094 920.625
1107 0005 -54.5 0.21476 13135 920.625
1107 0005 -54.5 0.23317 13146 920.625
1107 0005 -55.0 0.14726 13188 920.625
1107 0005 -55.0 0.17794 13198 920.625
1107 0005 -55.5 0.09204 13241 920.625
1107 0005 -55.5 0.06750 13251 920.625
1107 0005 -55.5 0.01227 13292 920.625
1107 0005 -55.5 6.26478 13302 920.625
1107 0005 -56.0 6.25251 13345 920.625
1107 0005 -56.0 6.23410 13354 920.625
1107 0005 -56.0 6.13592 13396 920.625
1107 0005 -55.5 6.10524 13407 920.625
1107 0005 -56.0 6.01934 13449 920.625
1107 0005 -55.5 6.07456 13459 920.625
1107 0005 -56.0 5.95798 13501 920.625
1107 0005 -56.0 5.93957 13511 920.625
1107 0005 -56.5 5.89662 13553 920.625
1107 0005 -56.0 5.86594 13563 920.625
1107 0005 -56.5 5.86594 13605 920.625
1107 0005 -56.5 5.71254 13665 920.625
1107 0005 -56.5 5.73709 13676 920.625
1107 0005 -57.0 5.60823 13719 920.625
1107 0005 -57.0 5.54687 13728 920.625
1107 0005 -57.5 5.54074 13770 920.625
1107 0005 -57.5 5.59596 13780 920.625
1107 0005 -57.5 5.43029 13822 920.625
1107 0005 -57.5 5.47938 13833 920.625
1107 0005 -57.5 5.36280 13875 920.625
