1107 0005 -60.0 5.68800 0 920.625
1107 0005 -60.0 5.69414 10 920.625
1107 0005 -59.5 5.70027 52 920.625
1107 0005 -59.5 5.70027 63 920.625
1107 0005 -59.5 5.74936 104 920.625
1107 0005 -59.0 5.74322 115 920.625
1107 0005 -58.5 5.76163 157 920.625
1107 0005 -59.0 5.76163 168 920.625
1107 0005 -59.0 5.82913 209 920.625
1107 0005 -58.5 5.84140 220 920.625
1107 0005 -58.5 5.88435 261 920.625
1107 0005 -58.5 5.92117 272 920.625
1107 0005 -58.0 5.95185 314 920.625
1107 0005 -58.0 5.92117 325 920.625
1107 0005 -57.5 5.97639 367 920.625
1107 0005 -57.5 6.01320 378 920.625
1107 0005 -58.0 6.03161 420 920.625
1107 0005 -58.0 6.02548 430 920.625
1107 0005 -57.5 6.05002 472 920.625
1107 0005 -57.5 6.07456 483 920.625
1107 0005 -58.0 6.12365 524 920.625
1107 0005 -57.0 6.05616 535 920.625
1107 0005 -57.0 6.10524 577 920.625
1107 0005 -57.0 6.16660 587 920.625
1107 0005 -57.0 6.19728 629 920.625
1107 0005 -57.0 6.17274 639 920.625
1107 0005 -57.0 6.19115 682 920.625
1107 0005 -57.0 6.27091 692 920.625
1107 0005 -57.0 6.25251 734 920.625
1107 0005 -57.0 0.03682 743 920.625
1107 0005 -56.5 0.06750 786 920.625
1107 0005 -57.0 0.09204 796 920.625
1107 0005 -57.0 0.06750 838 920.625
1107 0005 -56.5 0.08590 849 920.625
1107 0005 -56.5 0.17181 890 920.625
1107 0005 -56.5 0.17181 900 920.625
1107 0005 -56.0 0.19021 942 920.625
1107 0005 -56.0 0.23317 952 920.625
1107 0005 -56.0 0.26384 994 920.625
1107 0005 -55.5 0.26998 1005 920.625
1107 0005 -55.5 0.29452 1046 920.625
1107 0005 -56.0 0.31293 1058 920.625
1107 0005 -56.0 0.39270 1099 920.625
1107 0005 -56.0 0.37429 1109 920.625
1107 0005 -55.5 0.41111 1151 920.625
1107 0005 -55.5 0.42338 1162 920.625
1107 0005 -55.5 0.44792 1203 920.625
1107 0005 -55.5 0.46019 1213 920.625
1107 0005 -55.5 0.47860 1256 920.625
1107 0005 -55.5 0.47860 1266 920.625
1107 0005 -56.0 0.56450 1309 920.625
1107 0005 -56.0 0.60132 1318 920.625
1107 0005 -55.5 0.63814 1360 920.625
1107 0005 -55.5 0.63814 1370 920.625
1107 0005 -56.0 0.73631 1412 920.625
1107 0005 -56.0 0.71177 1423 920.625
1107 0005 -55.5 0.79153 1465 920.625
1107 0005 -55.5 0.85903 1475 920.625
1107 0005 -56.0 0.82835 1518 920.625
1107 0005 -55.5 0.83449 1528 920.625
1107 0005 -56.0 0.95107 1569 920.625
1107 0005 -56.0 0.99402 1579 920.625
1107 0005 -55.5 0.93266 1621 920.625
1107 0005 -55.5 1.05538 1632 920.625
1107 0005 -55.5 1.01856 1673 920.625
1107 0005 -55.5 1.01856 1684 920.625
1107 0005 -55.5 1.14128 1725 920.625
1107 0005 -55.5 1.07992 1735 920.625
1107 0005 -55.5 1.16583 1778 920.625
1107 0005 -55.5 1.14742 1788 920.625
1107 0005 -56.0 1.16583 1830 920.625
1107 0005 -56.0 1.27014 1841 920.625
1107 0005 -56.0 1.26400 1883 920.625
1107 0005 -56.0 1.20264 1893 920.625
1107 0005 -56.0 1.33150 1935 920.625
1107 0005 -56.0 1.33763 1945 920.625
1107 0005 -56.5 1.42353 1987 920.625
1107 0005 -56.0 1.35604 1998 920.625
1107 0005 -56.5 1.48489 2040 920.625
1107 0005 -56.5 1.49717 2049 920.625
1107 0005 -56.5 1.59534 2091 920.625
1107 0005 -56.5 1.62602 2101 920.625
1107 0005 -56.5 1.63829 2143 920.625
1107 0005 -56.5 1.66897 2154 920.625
1107 0005 -57.0 1.66897 2196 920.625
1107 0005 -56.5 1.67511 2206 920.625
1107 0005 -56.5 1.80396 2248 920.625
1107 0005 -56.0 1.78555 2258 920.625
1107 0005 -57.0 1.83464 2300 920.625
1107 0005 -56.5 1.87146 2311 920.625
1107 0005 -56.5 1.92054 2352 920.625
1107 0005 -57.0 1.94509 2362 920.625
1107 0005 -57.0 2.02485 2403 920.625
1107 0005 -57.0 1.93895 2414 920.625
1107 0005 -57.0 2.11076 2457 920.625
1107 0005 -57.5 2.14144 2467 920.625
1107 0005 -57.5 2.19052 2509 920.625
1107 0005 -57.5 2.21507 2565 920.625
1107 0005 -58.0 2.27643 2575 920.625
1107 0005 -58.5 2.31938 2617 920.625
1107 0005 -58.0 2.31324 2627 920.625
1107 0005 -59.0 2.41755 2670 920.625
1107 0005 -58.5 2.49732 2679 920.625
1107 0005 -58.5 2.58936 2722 920.625
1107 0005 -58.0 2.49732 2732 920.625
1107 0005 -58.5 2.64458 2775 920.625
1107 0005 -58.5 2.75503 2785 920.625
1107 0005 -58.5 2.76117 2826 920.625
1107 0005 -58.5 2.75503 2836 920.625
1107 0005 -58.5 2.84093 2878 920.625
1107 0005 -59.0 2.81639 2889 920.625
1107 0005 -59.0 2.89616 2931 920.625
1107 0005 -59.5 2.94524 2942 920.625
1107 0005 -59.5 3.00047 2983 920.625
1107 0005 -59.5 3.01274 2994 920.625
1107 0005 -60.0 3.22750 3036 920.625
1107 0005 -60.0 3.05569 3046 920.625
1107 0005 -60.5 3.22750 3088 920.625
1107 0005 -59.5 3.27045 3099 920.625
1107 0005 -60.5 3.42385 3141 920.625
1107 0005 -59.5 3.44225 3150 920.625
1107 0005 -60.0 3.52202 3192 920.625
1107 0005 -60.5 3.55270 3202 920.625
1107 0005 -60.0 3.63860 3245 920.625
1107 0005 -60.5 3.63860 3255 920.625
1107 0005 -60.5 3.79814 3297 920.625
1107 0005 -60.5 3.77359 3307 920.625
1107 0005 -61.0 4.04971 3349 920.625
1107 0005 -60.5 4.16629 3360 920.625
1107 0005 -61.0 4.25833 3402 920.625
1107 0005 -60.5 4.20311 3411 920.625
1107 0005 -60.5 4.22152 3453 920.625
1107 0005 -60.5 4.35037 3464 920.625
1107 0005 -60.5 4.44854 3505 920.625
1107 0005 -61.0 4.35037 3516 920.625
1107 0005 -60.5 4.65717 3558 920.625
1107 0005 -61.5 4.57740 3569 920.625
1107 0005 -60.0 4.73080 3609 920.625
1107 0005 -60.5 4.81056 3621 920.625
1107 0005 -60.5 4.90874 3662 920.625
1107 0005 -60.0 4.90874 3672 920.625
1107 0005 -60.0 5.01919 3714 920.625
1107 0005 -60.0 5.11122 3724 920.625
1107 0005 -59.5 5.27076 3766 920.625
1107 0005 -60.0 5.28303 3777 920.625
1107 0005 -59.0 5.44256 3817 920.625
1107 0005 -59.5 5.46711 3828 920.625
1107 0005 -59.0 5.57755 3869 920.625
1107 0005 -59.0 5.63278 3880 920.625
1107 0005 -58.5 5.70027 3921 920.625
1107 0005 -58.5 5.74322 3932 920.625
1107 0005 -58.0 5.78004 3974 920.625
1107 0005 -58.0 5.84140 3984 920.625
1107 0005 -57.0 5.97025 4027 920.625
1107 0005 -57.0 5.98253 4036 920.625
1107 0005 -57.5 6.10524 4078 920.625
1107 0005 -57.0 6.08070 4088 920.625
1107 0005 -57.0 6.18501 4131 920.625
1107 0005 -57.5 6.23410 4140 920.625
1107 0005 -56.5 0.01841 4182 920.625
1107 0005 -56.5 0.04295 4192 920.625
1107 0005 -56.0 0.09204 4234 920.625
1107 0005 -56.0 0.16567 4244 920.625
1107 0005 -55.5 0.23930 4286 920.625
1107 0005 -55.5 0.26384 4297 920.625
1107 0005 -55.0 0.37429 4339 920.625
1107 0005 -55.0 0.36202 4349 920.625
1107 0005 -54.5 0.45406 4391 920.625
1107 0005 -54.5 0.42951 4402 920.625
1107 0005 -54.5 0.54610 4444 920.625
1107 0005 -54.0 0.52769 4454 920.625
1107 0005 -54.0 0.57064 4496 920.625
1107 0005 -54.0 0.72404 4506 920.625
1107 0005 -53.5 0.79153 4549 920.625
1107 0005 -53.5 0.77926 4559 920.625
1107 0005 -53.0 0.81608 4601 920.625
1107 0005 -53.5 0.85289 4611 920.625
1107 0005 -52.5 0.96948 4653 920.625
1107 0005 -53.0 0.92039 4663 920.625
1107 0005 -52.0 1.00016 4705 920.625
1107 0005 -52.0 1.01243 4717 920.625
1107 0005 -51.5 1.09219 4757 920.625
1107 0005 -51.5 1.05538 4768 920.625
1107 0005 -51.0 1.15355 4810 920.625
1107 0005 -51.0 1.19651 4820 920.625
1107 0005 -51.0 1.25786 4862 920.625
1107 0005 -51.0 1.27627 4872 920.625
1107 0005 -51.0 1.33150 4913 920.625
1107 0005 -50.5 1.32536 4925 920.625
1107 0005 -51.0 1.39285 4967 920.625
1107 0005 -50.5 1.39899 4976 920.625
1107 0005 -50.5 1.44194 5019 920.625
1107 0005 -50.5 1.49717 5029 920.625
1107 0005 -50.0 1.50944 5070 920.625
1107 0005 -50.0 1.56466 5081 920.625
1107 0005 -50.0 1.59534 5123 920.625
1107 0005 -49.5 1.61988 5132 920.625
1107 0005 -49.0 1.69351 5174 920.625
1107 0005 -49.0 1.66897 5185 920.625
1107 0005 -49.0 1.72419 5226 920.625
1107 0005 -49.0 1.74260 5237 920.625
1107 0005 -48.5 1.81623 5278 920.625
1107 0005 -48.5 1.83464 5290 920.625
1107 0005 -48.0 1.88373 5330 920.625
1107 0005 -48.0 1.85305 5341 920.625
1107 0005 -48.0 1.93282 5382 920.625
1107 0005 -48.0 1.91441 5393 920.625
1107 0005 -47.5 1.97577 5435 920.625
1107 0005 -47.5 2.02485 5446 920.625
1107 0005 -47.5 2.04326 5487 920.625
1107 0005 -47.5 2.07394 5497 920.625
1107 0005 -47.0 2.12917 5539 920.625
1107 0005 -47.0 2.09235 5550 920.625
1107 0005 -47.0 2.15984 5591 920.625
1107 0005 -47.5 2.17212 5602 920.625
1107 0005 -47.0 2.24575 5644 920.625
1107 0005 -47.0 2.21507 5655 920.625
1107 0005 -47.0 2.28870 5697 920.625
1107 0005 -47.0 2.32551 5708 920.625
1107 0005 -47.0 2.37460 5749 920.625
1107 0005 -46.5 2.38687 5759 920.625
1107 0005 -46.5 2.40528 5800 920.625
1107 0005 -46.0 2.44823 5811 920.625
1107 0005 -46.0 2.44210 5853 920.625
1107 0005 -46.0 2.47278 5863 920.625
1107 0005 -46.0 2.49118 5905 920.625
1107 0005 -45.5 2.49732 5915 920.625
1107 0005 -45.5 2.55254 5957 920.625
1107 0005 -45.5 2.58322 5967 920.625
1107 0005 -45.5 2.59550 6010 920.625
1107 0005 -45.0 2.62004 6020 920.625
1107 0005 -45.5 2.65685 6062 920.625
1107 0005 -45.0 2.63845 6071 920.625
1107 0005 -44.5 2.68140 6113 920.625
1107 0005 -45.0 2.68140 6124 920.625
1107 0005 -45.0 2.73662 6167 920.625
1107 0005 -45.0 2.73049 6176 920.625
1107 0005 -45.0 2.76730 6218 920.625
1107 0005 -44.5 2.76117 6228 920.625
1107 0005 -44.5 2.80412 6271 920.625
1107 0005 -44.5 2.79798 6280 920.625
1107 0005 -44.5 2.83480 6323 920.625
1107 0005 -44.5 2.87161 6379 920.625
1107 0005 -44.0 2.88388 6389 920.625
1107 0005 -44.5 2.90229 6430 920.625
1107 0005 -44.5 2.89616 6441 920.625
1107 0005 -44.5 2.93911 6482 920.625
1107 0005 -44.5 2.96979 6493 920.625
1107 0005 -44.5 2.94524 6534 920.625
1107 0005 -44.5 2.98819 6545 920.625
1107 0005 -44.5 2.98819 6587 920.625
1107 0005 -44.0 2.97592 6597 920.625
1107 0005 -44.0 3.00660 6639 920.625
1107 0005 -44.0 3.02501 6650 920.625
1107 0005 -44.0 3.05569 6691 920.625
1107 0005 -44.5 3.07410 6703 920.625
1107 0005 -44.0 3.09251 6744 920.625
1107 0005 -44.0 3.08637 6754 920.625
1107 0005 -44.0 3.08637 6796 920.625
1107 0005 -44.0 3.09251 6806 920.625
1107 0005 -44.0 3.14773 6848 920.625
1107 0005 -43.5 3.11091 6858 920.625
1107 0005 -44.0 3.14773 6900 920.625
1107 0005 -44.0 3.12318 6910 920.625
1107 0005 -43.5 3.14773 6952 920.625
1107 0005 -44.0 3.17227 6962 920.625
1107 0005 -43.5 3.16614 7005 920.625
1107 0005 -43.5 3.19068 7015 920.625
1107 0005 -43.5 3.18454 7057 920.625
1107 0005 -43.5 3.19682 7067 920.625
1107 0005 -43.0 3.20909 7110 920.625
1107 0005 -43.0 3.23363 7119 920.625
1107 0005 -43.0 3.22750 7162 920.625
1107 0005 -43.0 3.23977 7171 920.625
1107 0005 -43.0 3.24590 7214 920.625
1107 0005 -42.5 3.24590 7225 920.625
1107 0005 -42.5 3.27045 7266 920.625
1107 0005 -43.0 3.25818 7276 920.625
1107 0005 -42.5 3.28885 7318 920.625
1107 0005 -42.5 3.28885 7328 920.625
1107 0005 -42.5 3.28885 7371 920.625
1107 0005 -42.5 3.30113 7380 920.625
1107 0005 -42.5 3.31340 7423 920.625
1107 0005 -42.5 3.31340 7433 920.625
1107 0005 -42.0 3.31953 7475 920.625
1107 0005 -42.5 3.33794 7486 920.625
1107 0005 -42.0 3.33794 7528 920.625
1107 0005 -42.0 3.32567 7537 920.625
1107 0005 -42.0 3.34408 7579 920.625
1107 0005 -42.0 3.33794 7589 920.625
1107 0005 -42.0 3.35021 7631 920.625
1107 0005 -42.5 3.34408 7641 920.625
1107 0005 -42.0 3.38089 7683 920.625
1107 0005 -42.0 3.36249 7692 920.625
1107 0005 -42.0 3.37476 7735 920.625
1107 0005 -42.0 3.37476 7745 920.625
1107 0005 -41.5 3.40544 7787 920.625
1107 0005 -41.5 3.41157 7797 920.625
1107 0005 -42.0 3.40544 7839 920.625
1107 0005 -42.0 3.39317 7850 920.625
1107 0005 -42.0 3.41157 7891 920.625
1107 0005 -42.0 3.41771 7901 920.625
1107 0005 -41.5 3.39930 7943 920.625
1107 0005 -41.5 3.42998 7953 920.625
1107 0005 -41.5 3.42385 7995 920.625
1107 0005 -42.0 3.43612 8006 920.625
1107 0005 -41.5 3.41771 8048 920.625
1107 0005 -41.5 3.43612 8058 920.625
1107 0005 -42.0 3.42998 8100 920.625
1107 0005 -42.0 3.43612 8111 920.625
1107 0005 -41.5 3.44839 8153 920.625
1107 0005 -41.5 3.44839 8162 920.625
1107 0005 -41.5 3.44839 8204 920.625
1107 0005 -41.5 3.47293 8215 920.625
1107 0005 -41.5 3.46680 8257 920.625
1107 0005 -41.5 3.47293 8267 920.625
1107 0005 -41.5 3.44839 8308 920.625
1107 0005 -41.5 3.45452 8319 920.625
1107 0005 -41.5 3.47293 8361 920.625
1107 0005 -41.5 3.44839 8371 920.625
1107 0005 -41.5 3.46680 8414 920.625
1107 0005 -41.5 3.49134 8424 920.625
1107 0005 -41.5 3.47907 8465 920.625
1107 0005 -41.5 3.45452 8476 920.625
1107 0005 -41.5 3.48520 8518 920.625
1107 0005 -41.5 3.46680 8529 920.625
1107 0005 -41.5 3.47907 8570 920.625
1107 0005 -41.5 3.49134 8580 920.625
1107 0005 -41.5 3.47293 8623 920.625
1107 0005 -41.5 3.47293 8633 920.625
1107 0005 -41.5 3.48520 8675 920.625
1107 0005 -41.5 3.46680 8684 920.625
1107 0005 -41.5 3.49134 8726 920.625
1107 0005 -41.5 3.48520 8737 920.625
1107 0005 -42.0 3.48520 8778 920.625
1107 0005 -42.0 3.47293 8789 920.625
1107 0005 -42.0 3.46680 8831 920.625
1107 0005 -41.5 3.49134 8841 920.625
1107 0005 -42.0 3.47907 8883 920.625
1107 0005 -42.0 3.49748 8893 920.625
1107 0005 -42.0 3.47907 8936 920.625
1107 0005 -42.0 3.48520 8945 920.625
1107 0005 -41.5 3.50361 8988 920.625
1107 0005 -41.5 3.51588 8998 920.625
1107 0005 -42.0 3.47907 9040 920.625
1107 0005 -42.0 3.48520 9050 920.625
1107 0005 -42.0 3.48520 9093 920.625
1107 0005 -42.0 3.49748 9102 920.625
1107 0005 -42.0 3.49134 9145 920.625
1107 0005 -42.0 3.49748 9154 920.625
1107 0005 -42.0 3.47293 9196 920.625
1107 0005 -42.0 3.46680 9206 920.625
1107 0005 -42.0 3.48520 9248 920.625
1107 0005 -42.0 3.46066 9258 920.625
1107 0005 -42.5 3.44225 9301 920.625
1107 0005 -42.5 3.47293 9311 920.625
1107 0005 -42.5 3.47293 9352 920.625
1107 0005 -42.0 3.49134 9363 920.625
1107 0005 -42.0 3.46066 9404 920.625
1107 0005 -42.0 3.45452 9415 920.625
1107 0005 -42.0 3.44225 9457 920.625
1107 0005 -42.5 3.44225 9467 920.625
1107 0005 -42.5 3.44839 9508 920.625
1107 0005 -42.5 3.43612 9518 920.625
1107 0005 -42.5 3.41771 9561 920.625
1107 0005 -42.5 3.42385 9570 920.625
1107 0005 -42.5 3.40544 9612 920.625
1107 0005 -43.0 3.44225 9623 920.625
1107 0005 -42.5 3.43612 9665 920.625
1107 0005 -42.5 3.42998 9676 920.625
1107 0005 -43.0 3.41157 9716 920.625
1107 0005 -42.5 3.39930 9727 920.625
1107 0005 -42.5 3.36862 9769 920.625
1107 0005 -43.0 3.39930 9780 920.625
1107 0005 -43.0 3.38089 9821 920.625
1107 0005 -43.0 3.36249 9832 920.625
1107 0005 -43.0 3.35021 9874 920.625
1107 0005 -43.5 3.33794 9884 920.625
1107 0005 -43.0 3.33181 9925 920.625
1107 0005 -43.5 3.34408 9935 920.625
1107 0005 -43.5 3.35021 9978 920.625
1107 0005 -43.0 3.33181 9987 920.625
1107 0005 -43.5 3.31953 10029 920.625
1107 0005 -43.5 3.30113 10039 920.625
1107 0005 -43.5 3.31340 10081 920.625
1107 0005 -43.5 3.30726 10091 920.625
1107 0005 -43.5 3.27658 10133 920.625
1107 0005 -43.5 3.27045 10148 920.625
1107 0005 -43.5 3.27658 10162 920.625
1107 0005 -44.0 3.23363 10204 920.625
1107 0005 -44.0 3.23977 10215 920.625
1107 0005 -44.5 3.22136 10256 920.625
1107 0005 -44.0 3.23977 10266 920.625
1107 0005 -44.0 3.20909 10308 920.625
1107 0005 -44.5 3.20295 10318 920.625
1107 0005 -44.5 3.19682 10361 920.625
1107 0005 -44.5 3.19068 10371 920.625
1107 0005 -44.5 3.15386 10414 920.625
1107 0005 -44.5 3.14159 10423 920.625
1107 0005 -44.5 3.11091 10465 920.625
1107 0005 -44.5 3.12932 10475 920.625
1107 0005 -44.5 3.08637 10517 920.625
1107 0005 -45.0 3.09251 10527 920.625
1107 0005 -45.0 3.09251 10569 920.625
1107 0005 -45.0 3.08023 10580 920.625
1107 0005 -45.0 3.06183 10621 920.625
1107 0005 -44.5 3.04342 10631 920.625
1107 0005 -45.0 3.01887 10673 920.625
1107 0005 -44.5 3.02501 10683 920.625
1107 0005 -44.5 2.98206 10725 920.625
1107 0005 -45.0 2.95751 10735 920.625
1107 0005 -45.0 2.96979 10778 920.625
1107 0005 -45.0 2.93297 10788 920.625
1107 0005 -44.5 2.91456 10830 920.625
1107 0005 -45.0 2.92070 10840 920.625
1107 0005 -45.5 2.87775 10882 920.625
1107 0005 -45.0 2.85934 10892 920.625
1107 0005 -45.0 2.85320 10934 920.625
1107 0005 -45.0 2.83480 10944 920.625
1107 0005 -45.0 2.78571 10986 920.625
1107 0005 -45.5 2.79185 10996 920.625
1107 0005 -45.0 2.76117 11039 920.625
1107 0005 -45.5 2.77344 11049 920.625
1107 0005 -45.5 2.72435 11091 920.625
1107 0005 -45.5 2.69981 11101 920.625
1107 0005 -45.5 2.68140 11144 920.625
1107 0005 -46.0 2.66299 11153 920.625
1107 0005 -46.0 2.63845 11195 920.625
1107 0005 -46.0 2.63845 11206 920.625
1107 0005 -46.0 2.57709 11248 920.625
1107 0005 -46.0 2.56482 11258 920.625
1107 0005 -46.5 2.54641 11301 920.625
1107 0005 -46.5 2.54027 11311 920.625
1107 0005 -46.5 2.47278 11353 920.625
1107 0005 -47.0 2.46051 11363 920.625
1107 0005 -46.5 2.44823 11405 920.625
1107 0005 -47.0 2.46051 11415 920.625
1107 0005 -47.5 2.39915 11457 920.625
1107 0005 -47.0 2.39915 11467 920.625
1107 0005 -47.5 2.37460 11509 920.625
1107 0005 -47.5 2.31324 11519 920.625
1107 0005 -47.5 2.32551 11562 920.625
1107 0005 -47.5 2.27029 11571 920.625
1107 0005 -48.0 2.26416 11613 920.625
1107 0005 -48.0 2.22734 11624 920.625
1107 0005 -48.0 2.19666 11666 920.625
1107 0005 -48.0 2.17825 11676 920.625
1107 0005 -48.0 2.13530 11718 920.625
1107 0005 -48.0 2.14144 11728 920.625
1107 0005 -48.5 2.08621 11770 920.625
1107 0005 -48.5 2.06781 11780 920.625
1107 0005 -48.5 2.02485 11822 920.625
1107 0005 -48.5 2.02485 11833 920.625
1107 0005 -49.0 1.99418 11875 920.625
1107 0005 -49.0 1.96963 11885 920.625
1107 0005 -49.0 1.91441 11927 920.625
1107 0005 -49.0 1.90827 11937 920.625
1107 0005 -49.0 1.86532 11979 920.625
1107 0005 -49.0 1.83464 11989 920.625
1107 0005 -49.5 1.81623 12030 920.625
1107 0005 -50.0 1.77328 12087 920.625
1107 0005 -50.0 1.73033 12097 920.625
1107 0005 -50.5 1.66897 12139 920.625
1107 0005 -50.5 1.69351 12149 920.625
1107 0005 -50.5 1.63216 12192 920.625
1107 0005 -50.5 1.60761 12202 920.625
1107 0005 -51.0 1.50330 12244 920.625
1107 0005 -51.0 1.51557 12254 920.625
1107 0005 -51.5 1.49103 12296 920.625
1107 0005 -51.5 1.48489 12306 920.625
1107 0005 -51.5 1.42353 12348 920.625
1107 0005 -52.0 1.38672 12357 920.625
1107 0005 -52.0 1.32536 12400 920.625
1107 0005 -51.5 1.30082 12409 920.625
1107 0005 -52.0 1.31309 12451 920.625
1107 0005 -52.0 1.22105 12462 920.625
1107 0005 -52.0 1.17196 12504 920.625
1107 0005 -52.0 1.15969 12514 920.625
1107 0005 -52.0 1.09833 12556 920.625
1107 0005 -52.0 1.10447 12566 920.625
1107 0005 -52.5 1.03084 12609 920.625
1107 0005 -53.0 1.01856 12619 920.625
1107 0005 -53.0 0.93880 12661 920.625
1107 0005 -53.0 0.91425 12671 920.625
1107 0005 -53.5 0.84062 12714 920.625
1107 0005 -53.5 0.91425 12723 920.625
1107 0005 -54.0 0.78540 12765 920.625
1107 0005 -54.0 0.79153 12776 920.625
1107 0005 -54.0 0.78540 12817 920.625
1107 0005 -54.0 0.66882 12828 920.625
1107 0005 -54.0 0.62586 12869 920.625
1107 0005 -54.0 0.57064 12880 920.625
1107 0005 -54.5 0.49087 12922 920.625
1107 0005 -54.0 0.54610 12932 920.625
1107 0005 -54.0 0.42338 12975 920.625
1107 0005 -54.0 0.39884 12984 920.625
1107 0005 -54.5 0.37429 13026 920.625
1107 0005 -54.0 0.33134 13037 920.625
1107 0005 -54.5 0.28839 13080 920.625
1107 0005 -54.5 0.26998 13089 920.625
1107 0005 -54.5 0.23317 13131 920.625
1107 0005 -54.5 0.20249 13142 920.625
1107 0005 -55.5 0.09204 13183 920.625
1107 0005 -55.5 0.07363 13193 920.625
1107 0005 -55.5 0.04295 13235 920.625
1107 0005 -56.0 6.22796 13245 920.625
1107 0005 -56.0 6.26478 13287 920.625
1107 0005 -56.0 6.21569 13297 920.625
1107 0005 -56.0 6.17887 13339 920.625
1107 0005 -56.0 6.16047 13350 920.625
1107 0005 -56.0 6.12365 13391 920.625
1107 0005 -56.0 6.08070 13401 920.625
1107 0005 -56.5 6.02548 13444 920.625
1107 0005 -55.5 6.01320 13453 920.625
1107 0005 -56.0 5.91503 13495 920.625
1107 0005 -56.5 5.91503 13505 920.625
1107 0005 -56.0 5.84140 13547 920.625
