1107 0005 -60.5 5.79845 0 920.625
1107 0005 -60.0 5.76163 11 920.625
1107 0005 -60.0 5.78618 53 920.625
1107 0005 -60.0 5.76163 63 920.625
1107 0005 -60.0 5.79845 106 920.625
1107 0005 -59.5 5.85367 116 920.625
1107 0005 -59.0 5.89662 158 920.625
1107 0005 -59.0 5.87208 168 920.625
1107 0005 -59.0 5.92730 211 920.625
1107 0005 -59.0 5.89662 221 920.625
1107 0005 -58.5 6.00707 263 920.625
1107 0005 -59.0 5.97025 274 920.625
1107 0005 -58.5 5.98866 315 920.625
1107 0005 -58.5 5.91503 326 920.625
1107 0005 -58.5 6.14206 368 920.625
1107 0005 -58.0 6.03161 378 920.625
1107 0005 -58.0 6.05616 420 920.625
1107 0005 -58.0 6.11752 430 920.625
1107 0005 -58.0 6.14819 472 920.625
1107 0005 -58.0 6.16660 484 920.625
1107 0005 -58.0 6.19728 533 920.625
1107 0005 -58.0 6.25251 543 920.625
1107 0005 -57.5 6.22183 586 920.625
1107 0005 -57.5 6.20955 596 920.625
1107 0005 -57.5 6.26478 638 920.625
1107 0005 -57.5 0.01841 648 920.625
1107 0005 -57.5 6.27091 690 920.625
1107 0005 -57.5 0.01841 701 920.625
1107 0005 -57.0 0.04295 741 920.625
1107 0005 -57.0 0.08590 752 920.625
1107 0005 -57.0 0.12272 794 920.625
1107 0005 -57.0 0.14726 805 920.625
1107 0005 -56.5 0.16567 846 920.625
1107 0005 -56.5 0.13499 856 920.625
1107 0005 -56.0 0.18408 899 920.625
1107 0005 -56.5 0.19021 909 920.625
1107 0005 -56.0 0.21476 951 920.625
1107 0005 -56.0 0.23317 962 920.625
1107 0005 -56.0 0.21476 1003 920.625
1107 0005 -56.0 0.30680 1014 920.625
1107 0005 -56.0 0.38656 1055 920.625
1107 0005 -56.0 0.37429 1066 920.625
1107 0005 -55.5 0.35588 1108 920.625
1107 0005 -55.5 0.40497 1118 920.625
1107 0005 -55.5 0.46019 1160 920.625
1107 0005 -55.5 0.42338 1171 920.625
1107 0005 -55.5 0.48474 1212 920.625
1107 0005 -55.5 0.52769 1222 920.625
1107 0005 -56.0 0.55223 1265 920.625
1107 0005 -55.5 0.59518 1274 920.625
1107 0005 -56.0 0.61359 1315 920.625
1107 0005 -56.0 0.60746 1327 920.625
1107 0005 -55.5 0.60746 1367 920.625
1107 0005 -56.0 0.69950 1379 920.625
1107 0005 -55.5 0.69336 1420 920.625
1107 0005 -56.0 0.75472 1430 920.625
1107 0005 -56.0 0.77926 1473 920.625
1107 0005 -56.0 0.85903 1482 920.625
1107 0005 -56.0 0.82221 1524 920.625
1107 0005 -55.5 0.90198 1534 920.625
1107 0005 -55.5 0.87130 1576 920.625
1107 0005 -55.5 0.93266 1588 920.625
1107 0005 -55.5 0.97561 1629 920.625
1107 0005 -55.5 0.96334 1639 920.625
1107 0005 -56.0 1.07379 1682 920.625
1107 0005 -56.0 0.96334 1691 920.625
1107 0005 -55.5 1.09833 1733 920.625
1107 0005 -56.0 1.11060 1744 920.625
1107 0005 -56.0 1.19651 1785 920.625
1107 0005 -56.0 1.14742 1796 920.625
1107 0005 -56.0 1.14742 1838 920.625
1107 0005 -55.5 1.19037 1848 920.625
1107 0005 -56.0 1.33763 1891 920.625
1107 0005 -56.0 1.28854 1901 920.625
1107 0005 -56.0 1.40513 1942 920.625
1107 0005 -56.5 1.45421 1953 920.625
1107 0005 -56.0 1.38058 1994 920.625
1107 0005 -56.5 1.39899 2004 920.625
1107 0005 -57.0 1.44194 2046 920.625
1107 0005 -56.0 1.47262 2057 920.625
1107 0005 -56.5 1.56466 2099 920.625
1107 0005 -57.0 1.68124 2109 920.625
1107 0005 -56.5 1.66284 2151 920.625
1107 0005 -56.5 1.61375 2161 920.625
1107 0005 -56.5 1.61375 2203 920.625
1107 0005 -57.0 1.64443 2213 920.625
1107 0005 -57.0 1.76101 2254 920.625
1107 0005 -56.5 1.75487 2265 920.625
1107 0005 -56.5 1.85305 2307 920.625
1107 0005 -56.5 1.95122 2317 920.625
1107 0005 -57.0 1.96350 2360 920.625
1107 0005 -57.0 1.96963 2369 920.625
1107 0005 -57.5 1.98190 2411 920.625
1107 0005 -57.5 2.09849 2467 920.625
1107 0005 -57.0 2.07394 2477 920.625
1107 0005 -58.0 2.19666 2519 920.625
1107 0005 -57.5 2.15371 2529 920.625
1107 0005 -57.0 2.23961 2571 920.625
1107 0005 -58.0 2.28870 2582 920.625
1107 0005 -58.0 2.31938 2624 920.625
1107 0005 -57.5 2.32551 2635 920.625
1107 0005 -58.0 2.42983 2676 920.625
1107 0005 -58.0 2.46664 2687 920.625
1107 0005 -58.0 2.41755 2729 920.625
1107 0005 -58.5 2.61390 2739 920.625
1107 0005 -58.0 2.62618 2781 920.625
1107 0005 -58.5 2.56482 2791 920.625
1107 0005 -59.0 2.69981 2833 920.625
1107 0005 -59.0 2.68753 2843 920.625
1107 0005 -59.5 2.84707 2883 920.625
1107 0005 -59.0 2.73049 2894 920.625
1107 0005 -59.0 2.95751 2936 920.625
1107 0005 -59.5 2.88388 2946 920.625
1107 0005 -59.5 3.01887 2989 920.625
1107 0005 -59.0 2.98819 2998 920.625
1107 0005 -59.0 3.12318 3040 920.625
1107 0005 -59.5 3.19682 3051 920.625
1107 0005 -60.0 3.30113 3091 920.625
1107 0005 -59.5 3.21522 3102 920.625
1107 0005 -60.0 3.40544 3144 920.625
1107 0005 -59.5 3.41157 3154 920.625
1107 0005 -60.0 3.49748 3195 920.625
1107 0005 -60.5 3.43612 3206 920.625
1107 0005 -60.0 3.60179 3247 920.625
1107 0005 -61.0 3.68155 3258 920.625
1107 0005 -60.5 3.65701 3300 920.625
1107 0005 -60.5 3.82882 3311 920.625
1107 0005 -60.5 4.03130 3351 920.625
1107 0005 -61.0 3.93313 3362 920.625
1107 0005 -60.5 4.08652 3404 920.625
1107 0005 -61.0 4.10493 3415 920.625
1107 0005 -61.0 4.16629 3456 920.625
1107 0005 -60.5 4.30742 3466 920.625
1107 0005 -60.5 4.26447 3509 920.625
1107 0005 -60.5 4.33196 3518 920.625
1107 0005 -60.0 4.55899 3560 920.625
1107 0005 -60.5 4.55285 3570 920.625
1107 0005 -61.0 4.68785 3613 920.625
1107 0005 -60.5 4.73080 3622 920.625
1107 0005 -60.5 4.85965 3665 920.625
1107 0005 -60.5 4.91487 3675 920.625
1107 0005 -60.5 4.97010 3717 920.625
1107 0005 -60.0 5.08668 3727 920.625
1107 0005 -60.0 5.19099 3769 920.625
1107 0005 -59.5 5.12963 3780 920.625
1107 0005 -59.0 5.40575 3821 920.625
1107 0005 -60.0 5.41188 3832 920.625
1107 0005 -59.5 5.43643 3874 920.625
1107 0005 -59.5 5.41188 3884 920.625
1107 0005 -59.0 5.62051 3925 920.625
1107 0005 -58.5 5.63891 3937 920.625
1107 0005 -58.5 5.73095 3978 920.625
1107 0005 -57.5 5.79231 3988 920.625
1107 0005 -58.0 5.89662 4030 920.625
1107 0005 -57.5 5.91503 4041 920.625
1107 0005 -57.5 5.99480 4082 920.625
1107 0005 -57.5 6.03161 4093 920.625
1107 0005 -57.5 6.14206 4135 920.625
1107 0005 -57.0 6.20955 4145 920.625
1107 0005 -56.5 6.27091 4187 920.625
1107 0005 -56.5 6.27705 4198 920.625
1107 0005 -56.5 0.13499 4239 920.625
1107 0005 -56.5 0.15953 4250 920.625
1107 0005 -55.5 0.25771 4291 920.625
1107 0005 -55.5 0.20249 4301 920.625
1107 0005 -55.0 0.30066 4344 920.625
1107 0005 -55.0 0.34361 4354 920.625
1107 0005 -54.5 0.42951 4397 920.625
1107 0005 -55.0 0.42338 4406 920.625
1107 0005 -54.5 0.53996 4448 920.625
1107 0005 -54.0 0.57064 4458 920.625
1107 0005 -54.0 0.65654 4500 920.625
1107 0005 -54.0 0.69950 4511 920.625
1107 0005 -53.5 0.77313 4552 920.625
1107 0005 -53.5 0.74858 4562 920.625
1107 0005 -53.5 0.81608 4605 920.625
1107 0005 -53.5 0.82835 4615 920.625
1107 0005 -52.5 0.87744 4656 920.625
1107 0005 -52.5 0.91425 4667 920.625
1107 0005 -52.0 1.01243 4709 920.625
1107 0005 -52.0 1.04924 4719 920.625
1107 0005 -52.0 1.03084 4761 920.625
1107 0005 -51.5 1.10447 4771 920.625
1107 0005 -51.0 1.15355 4813 920.625
1107 0005 -51.0 1.15355 4824 920.625
1107 0005 -51.0 1.22718 4865 920.625
1107 0005 -51.0 1.23332 4875 920.625
1107 0005 -51.0 1.31922 4917 920.625
1107 0005 -51.0 1.30695 4928 920.625
1107 0005 -50.5 1.36217 4969 920.625
1107 0005 -50.5 1.38672 4980 920.625
1107 0005 -50.5 1.44808 5022 920.625
1107 0005 -50.5 1.46649 5032 920.625
1107 0005 -50.0 1.54012 5074 920.625
1107 0005 -50.0 1.54625 5084 920.625
1107 0005 -50.0 1.55852 5126 920.625
1107 0005 -50.0 1.58307 5136 920.625
1107 0005 -49.0 1.66897 5179 920.625
1107 0005 -49.5 1.73647 5189 920.625
1107 0005 -48.5 1.74874 5231 920.625
1107 0005 -49.0 1.74260 5242 920.625
1107 0005 -48.5 1.80396 5283 920.625
1107 0005 -48.5 1.82237 5294 920.625
1107 0005 -48.5 1.87146 5336 920.625
1107 0005 -47.5 1.90214 5345 920.625
1107 0005 -48.0 1.90827 5388 920.625
1107 0005 -47.5 1.90827 5398 920.625
1107 0005 -47.5 1.98804 5440 920.625
1107 0005 -47.5 2.00031 5450 920.625
1107 0005 -47.5 2.03713 5492 920.625
1107 0005 -47.5 2.04326 5503 920.625
1107 0005 -47.5 2.10462 5545 920.625
1107 0005 -47.5 2.09849 5555 920.625
1107 0005 -47.0 2.15984 5597 920.625
1107 0005 -47.0 2.15984 5607 920.625
1107 0005 -47.0 2.23348 5649 920.625
1107 0005 -47.0 2.22734 5660 920.625
1107 0005 -47.0 2.28256 5702 920.625
1107 0005 -47.0 2.28256 5713 920.625
1107 0005 -46.5 2.35619 5754 920.625
1107 0005 -46.5 2.35619 5765 920.625
1107 0005 -46.0 2.43596 5807 920.625
1107 0005 -46.5 2.42983 5817 920.625
1107 0005 -46.5 2.45437 5859 920.625
1107 0005 -46.0 2.43596 5869 920.625
1107 0005 -46.0 2.50959 5911 920.625
1107 0005 -45.5 2.49118 5922 920.625
1107 0005 -46.0 2.54027 5964 920.625
1107 0005 -45.5 2.54027 5974 920.625
1107 0005 -45.5 2.63231 6016 920.625
1107 0005 -45.5 2.58322 6026 920.625
1107 0005 -45.0 2.63231 6068 920.625
1107 0005 -45.0 2.62618 6078 920.625
1107 0005 -45.0 2.68140 6120 920.625
1107 0005 -45.0 2.67526 6131 920.625
1107 0005 -45.0 2.71821 6172 920.625
1107 0005 -45.0 2.71821 6183 920.625
1107 0005 -44.5 2.74889 6224 920.625
1107 0005 -45.0 2.76730 6238 920.625
1107 0005 -44.5 2.74889 6248 920.625
1107 0005 -44.5 2.79185 6289 920.625
1107 0005 -44.5 2.81025 6300 920.625
1107 0005 -44.5 2.82866 6343 920.625
1107 0005 -44.5 2.82866 6353 920.625
1107 0005 -44.5 2.85320 6394 920.625
1107 0005 -44.5 2.84093 6404 920.625
1107 0005 -44.5 2.90229 6446 920.625
1107 0005 -44.5 2.90843 6456 920.625
1107 0005 -44.5 2.92070 6498 920.625
1107 0005 -44.0 2.92684 6509 920.625
1107 0005 -44.0 2.96979 6550 920.625
1107 0005 -44.5 2.95138 6560 920.625
1107 0005 -44.5 3.00660 6603 920.625
1107 0005 -44.5 2.96979 6612 920.625
1107 0005 -44.5 3.01887 6653 920.625
1107 0005 -44.0 3.01274 6664 920.625
1107 0005 -44.0 3.05569 6706 920.625
1107 0005 -44.0 3.04955 6716 920.625
1107 0005 -44.0 3.07410 6758 920.625
1107 0005 -44.0 3.06183 6769 920.625
1107 0005 -44.0 3.08637 6811 920.625
1107 0005 -44.0 3.06183 6821 920.625
1107 0005 -44.0 3.12318 6863 920.625
1107 0005 -44.0 3.11705 6873 920.625
1107 0005 -44.0 3.14159 6915 920.625
1107 0005 -44.0 3.13546 6926 920.625
1107 0005 -44.0 3.13546 6968 920.625
1107 0005 -44.0 3.14773 6978 920.625
1107 0005 -43.5 3.17227 7020 920.625
1107 0005 -43.5 3.18454 7030 920.625
1107 0005 -43.5 3.18454 7072 920.625
1107 0005 -43.0 3.19682 7082 920.625
1107 0005 -43.5 3.19068 7124 920.625
1107 0005 -43.5 3.20909 7134 920.625
1107 0005 -43.0 3.23363 7176 920.625
1107 0005 -43.0 3.22750 7186 920.625
1107 0005 -43.0 3.23363 7229 920.625
1107 0005 -43.0 3.22750 7238 920.625
1107 0005 -42.5 3.26431 7281 920.625
1107 0005 -42.5 3.25818 7291 920.625
1107 0005 -42.5 3.28272 7332 920.625
1107 0005 -42.5 3.27658 7343 920.625
1107 0005 -42.5 3.29499 7385 920.625
1107 0005 -42.5 3.29499 7395 920.625
1107 0005 -42.5 3.28885 7437 920.625
1107 0005 -42.0 3.31340 7448 920.625
1107 0005 -42.5 3.30726 7491 920.625
1107 0005 -42.5 3.30113 7500 920.625
1107 0005 -42.5 3.31340 7542 920.625
1107 0005 -42.5 3.30726 7552 920.625
1107 0005 -42.0 3.34408 7594 920.625
1107 0005 -42.5 3.34408 7605 920.625
1107 0005 -42.0 3.35021 7646 920.625
1107 0005 -42.0 3.35021 7657 920.625
1107 0005 -42.0 3.33794 7699 920.625
1107 0005 -42.0 3.36862 7709 920.625
1107 0005 -42.0 3.35635 7752 920.625
1107 0005 -42.0 3.36249 7761 920.625
1107 0005 -41.5 3.38703 7803 920.625
1107 0005 -41.5 3.38703 7813 920.625
1107 0005 -42.0 3.38089 7856 920.625
1107 0005 -42.0 3.38703 7866 920.625
1107 0005 -42.0 3.38703 7908 920.625
1107 0005 -42.0 3.39930 7918 920.625
1107 0005 -41.5 3.41771 7959 920.625
1107 0005 -41.5 3.39930 7970 920.625
1107 0005 -41.5 3.41771 8012 920.625
1107 0005 -41.5 3.39317 8022 920.625
1107 0005 -41.5 3.41771 8064 920.625
1107 0005 -42.0 3.41771 8074 920.625
1107 0005 -41.5 3.42385 8116 920.625
1107 0005 -41.5 3.43612 8177 920.625
1107 0005 -41.5 3.44839 8187 920.625
1107 0005 -41.5 3.44225 8229 920.625
1107 0005 -41.5 3.42998 8240 920.625
1107 0005 -41.5 3.43612 8280 920.625
1107 0005 -41.5 3.44839 8292 920.625
1107 0005 -41.5 3.44225 8333 920.625
1107 0005 -41.5 3.45452 8343 920.625
1107 0005 -41.5 3.47293 8384 920.625
1107 0005 -41.5 3.47293 8394 920.625
1107 0005 -41.5 3.46680 8437 920.625
1107 0005 -41.5 3.46680 8447 920.625
1107 0005 -41.0 3.49134 8489 920.625
1107 0005 -41.5 3.47907 8499 920.625
1107 0005 -41.5 3.46066 8542 920.625
1107 0005 -41.5 3.47907 8551 920.625
1107 0005 -41.5 3.46066 8593 920.625
1107 0005 -41.5 3.46680 8603 920.625
1107 0005 -41.5 3.47907 8646 920.625
1107 0005 -41.5 3.47293 8655 920.625
1107 0005 -41.5 3.48520 8698 920.625
1107 0005 -41.5 3.46066 8708 920.625
1107 0005 -41.5 3.47293 8750 920.625
1107 0005 -41.5 3.48520 8761 920.625
1107 0005 -41.5 3.46680 8803 920.625
1107 0005 -41.5 3.47907 8812 920.625
1107 0005 -41.5 3.49748 8854 920.625
1107 0005 -41.5 3.49134 8865 920.625
1107 0005 -42.0 3.49134 8906 920.625
1107 0005 -42.0 3.49134 8917 920.625
1107 0005 -41.5 3.48520 8959 920.625
1107 0005 -41.5 3.49134 8969 920.625
1107 0005 -41.5 3.49134 9011 920.625
1107 0005 -42.0 3.49134 9021 920.625
1107 0005 -41.5 3.49134 9063 920.625
1107 0005 -41.5 3.47907 9073 920.625
1107 0005 -41.5 3.49134 9116 920.625
1107 0005 -41.5 3.46680 9126 920.625
1107 0005 -42.0 3.49134 9168 920.625
1107 0005 -42.0 3.49748 9178 920.625
1107 0005 -42.0 3.47293 9220 920.625
1107 0005 -42.0 3.48520 9230 920.625
1107 0005 -42.0 3.47293 9272 920.625
1107 0005 -42.5 3.46680 9282 920.625
1107 0005 -42.5 3.45452 9324 920.625
1107 0005 -42.0 3.44839 9334 920.625
1107 0005 -42.0 3.44839 9376 920.625
1107 0005 -42.5 3.45452 9386 920.625
1107 0005 -42.5 3.46066 9429 920.625
1107 0005 -42.5 3.44839 9439 920.625
1107 0005 -42.0 3.43612 9481 920.625
1107 0005 -42.5 3.43612 9492 920.625
1107 0005 -42.5 3.42998 9534 920.625
1107 0005 -42.5 3.43612 9543 920.625
1107 0005 -42.5 3.40544 9584 920.625
1107 0005 -42.5 3.42385 9595 920.625
1107 0005 -42.5 3.39930 9638 920.625
1107 0005 -42.5 3.41157 9647 920.625
1107 0005 -43.0 3.40544 9689 920.625
1107 0005 -42.5 3.42385 9699 920.625
1107 0005 -43.0 3.39317 9741 920.625
1107 0005 -42.5 3.38089 9752 920.625
1107 0005 -42.5 3.36249 9794 920.625
1107 0005 -43.0 3.38703 9803 920.625
1107 0005 -43.0 3.35635 9845 920.625
1107 0005 -43.0 3.34408 9855 920.625
1107 0005 -43.0 3.35021 9897 920.625
1107 0005 -43.5 3.32567 9908 920.625
1107 0005 -43.0 3.33794 9949 920.625
1107 0005 -43.0 3.31953 9960 920.625
1107 0005 -43.5 3.30726 10002 920.625
1107 0005 -43.0 3.31953 10012 920.625
1107 0005 -43.5 3.29499 10054 920.625
1107 0005 -43.5 3.30726 10064 920.625
1107 0005 -43.5 3.28885 10107 920.625
1107 0005 -43.5 3.27658 10117 920.625
1107 0005 -43.5 3.26431 10157 920.625
1107 0005 -43.5 3.26431 10168 920.625
1107 0005 -44.0 3.24590 10211 920.625
1107 0005 -44.0 3.25204 10221 920.625
1107 0005 -44.0 3.22136 10261 920.625
1107 0005 -44.0 3.21522 10272 920.625
1107 0005 -44.5 3.19682 10314 920.625
1107 0005 -44.5 3.19682 10325 920.625
1107 0005 -44.5 3.18454 10366 920.625
1107 0005 -44.5 3.18454 10376 920.625
1107 0005 -44.5 3.16614 10418 920.625
1107 0005 -44.5 3.16000 10428 920.625
1107 0005 -44.5 3.10478 10470 920.625
1107 0005 -44.5 3.09864 10480 920.625
1107 0005 -44.5 3.08023 10522 920.625
1107 0005 -45.0 3.07410 10533 920.625
1107 0005 -45.0 3.06796 10574 920.625
1107 0005 -45.0 3.07410 10584 920.625
1107 0005 -44.5 3.04342 10627 920.625
1107 0005 -45.0 3.05569 10637 920.625
1107 0005 -45.0 3.00660 10679 920.625
1107 0005 -45.0 3.03115 10690 920.625
1107 0005 -45.0 2.97592 10731 920.625
1107 0005 -45.0 2.96365 10741 920.625
1107 0005 -45.0 2.93911 10783 920.625
1107 0005 -45.0 2.92070 10795 920.625
1107 0005 -45.0 2.90229 10837 920.625
1107 0005 -45.0 2.92070 10847 920.625
1107 0005 -45.0 2.85934 10888 920.625
1107 0005 -45.0 2.87161 10898 920.625
1107 0005 -45.0 2.84093 10940 920.625
1107 0005 -45.0 2.83480 10950 920.625
1107 0005 -45.0 2.79798 10993 920.625
1107 0005 -45.0 2.80412 11002 920.625
1107 0005 -45.5 2.77344 11044 920.625
1107 0005 -45.5 2.77344 11056 920.625
1107 0005 -45.5 2.73049 11097 920.625
1107 0005 -45.5 2.69981 11107 920.625
1107 0005 -45.5 2.67526 11149 920.625
1107 0005 -45.5 2.69981 11160 920.625
1107 0005 -46.0 2.63231 11201 920.625
1107 0005 -46.0 2.61390 11212 920.625
1107 0005 -45.5 2.58936 11254 920.625
1107 0005 -46.0 2.55868 11264 920.625
1107 0005 -46.0 2.53414 11305 920.625
1107 0005 -46.0 2.54027 11316 920.625
1107 0005 -46.5 2.47891 11359 920.625
1107 0005 -46.5 2.48505 11368 920.625
1107 0005 -46.5 2.45437 11410 920.625
1107 0005 -47.0 2.48505 11420 920.625
1107 0005 -47.5 2.41755 11462 920.625
1107 0005 -47.0 2.39915 11472 920.625
1107 0005 -47.0 2.38074 11514 920.625
1107 0005 -47.0 2.36847 11525 920.625
1107 0005 -48.0 2.31938 11567 920.625
1107 0005 -48.0 2.30097 11577 920.625
1107 0005 -47.5 2.25802 11620 920.625
1107 0005 -48.0 2.22734 11630 920.625
1107 0005 -48.0 2.19666 11671 920.625
1107 0005 -47.5 2.20893 11681 920.625
1107 0005 -48.0 2.15371 11723 920.625
1107 0005 -48.5 2.14757 11734 920.625
1107 0005 -48.5 2.10462 11775 920.625
1107 0005 -48.0 2.09849 11785 920.625
1107 0005 -48.5 2.03099 11829 920.625
1107 0005 -48.5 2.00645 11851 920.625
1107 0005 -48.5 1.98804 11892 920.625
1107 0005 -49.0 1.98804 11903 920.625
1107 0005 -49.0 1.95736 11951 920.625
1107 0005 -49.0 1.93282 11961 920.625
1107 0005 -49.0 1.82851 12004 920.625
1107 0005 -49.5 1.86532 12013 920.625
1107 0005 -49.5 1.83464 12056 920.625
1107 0005 -50.0 1.79783 12066 920.625
1107 0005 -50.0 1.75487 12107 920.625
1107 0005 -50.0 1.75487 12118 920.625
1107 0005 -50.5 1.71192 12159 920.625
1107 0005 -50.5 1.73647 12170 920.625
1107 0005 -50.5 1.63216 12212 920.625
1107 0005 -51.0 1.60148 12223 920.625
1107 0005 -51.5 1.52784 12264 920.625
1107 0005 -51.0 1.55239 12274 920.625
1107 0005 -51.5 1.48489 12316 920.625
1107 0005 -51.5 1.52171 12326 920.625
1107 0005 -51.5 1.39899 12367 920.625
1107 0005 -51.5 1.33150 12378 920.625
1107 0005 -51.5 1.32536 12420 920.625
1107 0005 -51.5 1.32536 12430 920.625
1107 0005 -52.0 1.26400 12472 920.625
1107 0005 -51.5 1.20264 12482 920.625
1107 0005 -52.5 1.15355 12524 920.625
1107 0005 -52.0 1.13515 12534 920.625
1107 0005 -52.5 1.04924 12577 920.625
1107 0005 -52.5 1.12901 12587 920.625
1107 0005 -53.0 1.02470 12628 920.625
1107 0005 -52.5 0.99402 12638 920.625
1107 0005 -53.0 0.95107 12680 920.625
1107 0005 -53.5 0.95107 12691 920.625
1107 0005 -53.5 0.84676 12733 920.625
1107 0005 -53.5 0.86517 12743 920.625
1107 0005 -54.0 0.80994 12784 920.625
1107 0005 -54.0 0.75472 12795 920.625
1107 0005 -54.0 0.71790 12837 920.625
1107 0005 -54.0 0.61359 12848 920.625
1107 0005 -54.5 0.64427 12889 920.625
1107 0005 -54.5 0.58905 12900 920.625
1107 0005 -54.0 0.47247 12940 920.625
1107 0005 -54.0 0.47860 12951 920.625
1107 0005 -54.5 0.42338 12993 920.625
1107 0005 -54.0 0.39884 13004 920.625
1107 0005 -54.5 0.31907 13045 920.625
1107 0005 -54.5 0.34975 13055 920.625
1107 0005 -55.0 0.22703 13098 920.625
1107 0005 -54.5 0.27612 13107 920.625
1107 0005 -55.0 0.15340 13150 920.625
1107 0005 -55.0 0.14113 13159 920.625
1107 0005 -55.5 0.07363 13201 920.625
1107 0005 -55.5 0.10431 13212 920.625
1107 0005 -56.0 0.00000 13253 920.625
1107 0005 -56.0 6.26478 13264 920.625
1107 0005 -55.5 6.23410 13306 920.625
1107 0005 -56.0 6.20955 13317 920.625
1107 0005 -56.0 6.13592 13358 920.625
1107 0005 -56.0 6.12979 13367 920.625
1107 0005 -55.5 6.06843 13410 920.625
1107 0005 -56.5 6.05616 13420 920.625
1107 0005 -56.0 6.00093 13461 920.625
1107 0005 -56.0 6.00093 13472 920.625
1107 0005 -56.0 5.87821 13514 920.625
1107 0005 -56.0 5.87208 13525 920.625
1107 0005 -56.5 5.84753 13566 920.625
1107 0005 -56.5 5.81686 13576 920.625
1107 0005 -56.5 5.76163 13617 920.625
1107 0005 -57.0 5.68800 13628 920.625
1107 0005 -57.0 5.60823 13670 920.625
1107 0005 -57.5 5.62664 13680 920.625
1107 0005 -57.0 5.58983 13722 920.625
1107 0005 -57.5 5.57142 13732 920.625
