1107 0005 -60.5 5.60823 0 920.625
1107 0005 -60.0 5.56528 10 920.625
1107 0005 -60.0 5.70641 53 920.625
1107 0005 -59.5 5.61437 62 920.625
1107 0005 -60.0 5.71254 104 920.625
1107 0005 -59.5 5.74936 114 920.625
1107 0005 -59.5 5.78618 157 920.625
1107 0005 -59.0 5.84140 166 920.625
1107 0005 -58.5 5.78004 209 920.625
1107 0005 -59.0 5.84753 219 920.625
1107 0005 -58.5 5.86594 260 920.625
1107 0005 -58.5 5.84753 271 920.625
1107 0005 -58.0 5.91503 313 920.625
1107 0005 -58.5 5.89662 323 920.625
1107 0005 -58.0 5.97025 365 920.625
1107 0005 -58.0 5.94571 375 920.625
1107 0005 -58.0 5.95185 417 920.625
1107 0005 -58.0 6.02548 428 920.625
1107 0005 -57.5 6.05002 469 920.625
1107 0005 -57.5 6.01934 480 920.625
1107 0005 -57.5 6.05002 522 920.625
1107 0005 -58.0 6.07456 532 920.625
1107 0005 -57.5 6.11752 574 920.625
1107 0005 -57.5 6.15433 585 920.625
1107 0005 -57.0 6.13592 627 920.625
1107 0005 -57.5 6.11752 636 920.625
1107 0005 -57.5 6.22183 679 920.625
1107 0005 -57.0 6.22796 688 920.625
1107 0005 -57.5 6.24023 731 920.625
1107 0005 -57.0 6.24023 741 920.625
1107 0005 -57.0 0.03068 783 920.625
1107 0005 -57.0 0.04295 794 920.625
1107 0005 -57.0 0.09817 835 920.625
1107 0005 -56.5 0.06136 846 920.625
1107 0005 -56.5 0.07363 888 920.625
1107 0005 -56.5 0.12885 898 920.625
1107 0005 -56.5 0.17794 939 920.625
1107 0005 -56.5 0.24544 950 920.625
1107 0005 -56.0 0.27612 992 920.625
1107 0005 -56.0 0.26384 1002 920.625
1107 0005 -55.5 0.21476 1045 920.625
1107 0005 -56.0 0.28839 1054 920.625
1107 0005 -55.5 0.33134 1096 920.625
1107 0005 -55.5 0.35588 1107 920.625
1107 0005 -56.0 0.39884 1148 920.625
1107 0005 -55.5 0.45406 1160 920.625
1107 0005 -55.5 0.51542 1201 920.625
1107 0005 -55.0 0.44179 1211 920.625
1107 0005 -55.5 0.53383 1253 920.625
1107 0005 -55.5 0.53996 1264 920.625
1107 0005 -55.5 0.57064 1306 920.625
1107 0005 -55.5 0.60746 1316 920.625
1107 0005 -55.5 0.60132 1358 920.625
1107 0005 -55.5 0.60132 1368 920.625
1107 0005 -56.0 0.70563 1410 920.625
1107 0005 -56.0 0.72404 1421 920.625
1107 0005 -56.0 0.77926 1462 920.625
1107 0005 -56.0 0.80381 1472 920.625
1107 0005 -56.0 0.81608 1515 920.625
1107 0005 -56.0 0.77926 1525 920.625
1107 0005 -55.5 0.82221 1567 920.625
1107 0005 -56.0 0.80381 1577 920.625
1107 0005 -55.5 0.90812 1619 920.625
1107 0005 -55.5 0.93880 1630 920.625
1107 0005 -55.5 0.95107 1672 920.625
1107 0005 -55.5 0.98175 1682 920.625
1107 0005 -55.0 1.03697 1724 920.625
1107 0005 -55.5 1.07379 1734 920.625
1107 0005 -55.5 1.10447 1777 920.625
1107 0005 -55.5 1.15969 1786 920.625
1107 0005 -55.5 1.19037 1828 920.625
1107 0005 -55.5 1.18423 1838 920.625
1107 0005 -55.5 1.16583 1881 920.625
1107 0005 -55.0 1.20264 1892 920.625
1107 0005 -55.5 1.31309 1934 920.625
1107 0005 -55.5 1.38672 1943 920.625
1107 0005 -56.5 1.34377 1985 920.625
1107 0005 -55.5 1.46035 1995 920.625
1107 0005 -56.0 1.43581 2038 920.625
1107 0005 -56.0 1.42967 2049 920.625
1107 0005 -56.0 1.52171 2090 920.625
1107 0005 -56.5 1.49717 2100 920.625
1107 0005 -56.0 1.55852 2151 920.625
1107 0005 -56.0 1.59534 2161 920.625
1107 0005 -56.0 1.60148 2203 920.625
1107 0005 -56.5 1.68124 2213 920.625
1107 0005 -56.0 1.66284 2256 920.625
1107 0005 -56.0 1.71806 2266 920.625
1107 0005 -56.5 1.80396 2308 920.625
1107 0005 -56.5 1.79169 2318 920.625
1107 0005 -56.5 1.80396 2360 920.625
1107 0005 -56.5 1.88986 2370 920.625
1107 0005 -56.0 2.04326 2412 920.625
1107 0005 -57.0 1.95122 2423 920.625
1107 0005 -56.5 2.00645 2465 920.625
1107 0005 -57.5 1.95736 2475 920.625
1107 0005 -57.0 2.06781 2516 920.625
1107 0005 -57.0 2.11689 2527 920.625
1107 0005 -57.5 2.18439 2569 920.625
1107 0005 -57.5 2.13530 2579 920.625
1107 0005 -57.5 2.28256 2621 920.625
1107 0005 -58.0 2.38074 2631 920.625
1107 0005 -58.0 2.29484 2674 920.625
1107 0005 -57.5 2.38074 2684 920.625
1107 0005 -58.0 2.44210 2726 920.625
1107 0005 -58.0 2.42983 2737 920.625
1107 0005 -58.0 2.47891 2778 920.625
1107 0005 -58.0 2.46664 2788 920.625
1107 0005 -58.0 2.66913 2830 920.625
1107 0005 -58.0 2.67526 2841 920.625
1107 0005 -58.5 2.65072 2884 920.625
1107 0005 -57.5 2.71208 2893 920.625
1107 0005 -58.5 2.82252 2935 920.625
1107 0005 -58.0 2.81639 2945 920.625
1107 0005 -58.5 2.79185 2986 920.625
1107 0005 -59.0 2.96979 2996 920.625
1107 0005 -59.5 3.07410 3039 920.625
1107 0005 -59.0 3.08023 3048 920.625
1107 0005 -60.0 3.10478 3091 920.625
1107 0005 -59.5 3.14159 3101 920.625
1107 0005 -60.0 3.23363 3144 920.625
1107 0005 -59.5 3.35635 3154 920.625
1107 0005 -59.5 3.40544 3195 920.625
1107 0005 -59.5 3.39317 3205 920.625
1107 0005 -60.0 3.52816 3248 920.625
1107 0005 -59.5 3.46680 3257 920.625
1107 0005 -59.5 3.67542 3299 920.625
1107 0005 -59.5 3.69996 3309 920.625
1107 0005 -60.0 3.82268 3351 920.625
1107 0005 -60.5 4.06198 3362 920.625
1107 0005 -60.0 3.94540 3403 920.625
1107 0005 -60.0 3.89631 3415 920.625
1107 0005 -60.5 4.17243 3456 920.625
1107 0005 -60.0 4.11720 3466 920.625
1107 0005 -60.0 4.25833 3508 920.625
1107 0005 -60.5 4.20924 3519 920.625
1107 0005 -60.0 4.41173 3560 920.625
1107 0005 -59.5 4.41173 3570 920.625
1107 0005 -60.0 4.52831 3612 920.625
1107 0005 -60.0 4.52218 3623 920.625
1107 0005 -60.0 4.82284 3665 920.625
1107 0005 -60.0 4.72466 3675 920.625
1107 0005 -60.0 4.80443 3717 920.625
1107 0005 -60.0 4.88419 3727 920.625
1107 0005 -59.5 4.92715 3769 920.625
1107 0005 -59.5 5.06214 3779 920.625
1107 0005 -59.5 5.08054 3822 920.625
1107 0005 -59.5 5.12350 3832 920.625
1107 0005 -59.0 5.35052 3873 920.625
1107 0005 -59.5 5.19099 3884 920.625
1107 0005 -59.0 5.47324 3925 920.625
1107 0005 -58.5 5.42416 3936 920.625
1107 0005 -58.0 5.63891 3978 920.625
1107 0005 -58.0 5.68800 3988 920.625
1107 0005 -58.0 5.69414 4029 920.625
1107 0005 -57.5 5.86594 4090 920.625
1107 0005 -57.5 5.91503 4101 920.625
1107 0005 -57.0 5.97639 4142 920.625
1107 0005 -57.0 6.07456 4152 920.625
1107 0005 -57.0 6.11752 4195 920.625
1107 0005 -57.0 6.12365 4205 920.625
1107 0005 -57.5 0.01227 4246 920.625
1107 0005 -56.5 0.00000 4257 920.625
1107 0005 -56.0 0.09817 4298 920.625
1107 0005 -56.0 0.12272 4309 920.625
1107 0005 -55.5 0.23317 4351 920.625
1107 0005 -55.5 0.23930 4360 920.625
1107 0005 -54.5 0.29452 4403 920.625
1107 0005 -55.0 0.33134 4414 920.625
1107 0005 -54.5 0.47860 4456 920.625
1107 0005 -54.5 0.36816 4465 920.625
1107 0005 -54.0 0.53383 4507 920.625
1107 0005 -54.0 0.52155 4517 920.625
1107 0005 -53.5 0.64427 4559 920.625
1107 0005 -54.0 0.63814 4568 920.625
1107 0005 -53.5 0.76699 4610 920.625
1107 0005 -54.0 0.82221 4621 920.625
1107 0005 -53.0 0.80381 4663 920.625
1107 0005 -53.0 0.77926 4672 920.625
1107 0005 -52.5 0.90812 4715 920.625
1107 0005 -52.5 0.89584 4725 920.625
1107 0005 -52.0 0.96948 4767 920.625
1107 0005 -52.0 1.05538 4777 920.625
1107 0005 -51.5 1.11060 4820 920.625
1107 0005 -52.0 1.07379 4830 920.625
1107 0005 -51.5 1.17196 4872 920.625
1107 0005 -51.5 1.22105 4883 920.625
1107 0005 -51.0 1.22718 4923 920.625
1107 0005 -51.0 1.23332 4933 920.625
1107 0005 -50.5 1.27627 4976 920.625
1107 0005 -51.0 1.29468 4986 920.625
1107 0005 -51.0 1.36831 5027 920.625
1107 0005 -50.5 1.37445 5038 920.625
1107 0005 -50.5 1.47876 5080 920.625
1107 0005 -50.5 1.46035 5090 920.625
1107 0005 -50.5 1.54012 5133 920.625
1107 0005 -50.0 1.54012 5142 920.625
1107 0005 -49.5 1.61988 5185 920.625
1107 0005 -50.0 1.60761 5194 920.625
1107 0005 -49.5 1.66284 5236 920.625
1107 0005 -49.0 1.65056 5247 920.625
1107 0005 -49.0 1.73033 5288 920.625
1107 0005 -49.0 1.71806 5299 920.625
1107 0005 -48.5 1.84691 5341 920.625
1107 0005 -48.5 1.81623 5351 920.625
1107 0005 -48.0 1.88373 5393 920.625
1107 0005 -48.0 1.93895 5405 920.625
1107 0005 -48.0 1.92668 5446 920.625
1107 0005 -48.0 1.96350 5456 920.625
1107 0005 -47.5 2.01872 5499 920.625
1107 0005 -47.5 2.02485 5508 920.625
1107 0005 -47.5 2.04940 5550 920.625
1107 0005 -47.5 2.06781 5560 920.625
1107 0005 -47.5 2.11076 5602 920.625
1107 0005 -47.5 2.11689 5612 920.625
1107 0005 -47.0 2.17825 5655 920.625
1107 0005 -47.0 2.17825 5665 920.625
1107 0005 -47.0 2.23961 5706 920.625
1107 0005 -47.0 2.25802 5717 920.625
1107 0005 -47.0 2.30711 5759 920.625
1107 0005 -47.0 2.31938 5768 920.625
1107 0005 -47.0 2.34392 5810 920.625
1107 0005 -47.0 2.36847 5820 920.625
1107 0005 -46.5 2.45437 5862 920.625
1107 0005 -46.5 2.46051 5873 920.625
1107 0005 -46.5 2.46051 5914 920.625
1107 0005 -46.0 2.46051 5925 920.625
1107 0005 -46.0 2.54027 5967 920.625
1107 0005 -46.0 2.51573 5978 920.625
1107 0005 -45.5 2.55254 6019 920.625
1107 0005 -45.5 2.56482 6031 920.625
1107 0005 -45.5 2.60777 6071 920.625
1107 0005 -45.0 2.60777 6082 920.625
1107 0005 -45.0 2.65072 6124 920.625
1107 0005 -45.5 2.68140 6134 920.625
1107 0005 -45.0 2.66913 6176 920.625
1107 0005 -45.0 2.71208 6186 920.625
1107 0005 -45.0 2.71208 6229 920.625
1107 0005 -45.0 2.75503 6238 920.625
1107 0005 -45.0 2.75503 6280 920.625
1107 0005 -45.0 2.77344 6290 920.625
1107 0005 -44.5 2.79185 6332 920.625
1107 0005 -44.5 2.78571 6342 920.625
1107 0005 -44.5 2.82252 6385 920.625
1107 0005 -45.0 2.83480 6395 920.625
1107 0005 -44.5 2.86548 6436 920.625
1107 0005 -44.5 2.84707 6447 920.625
1107 0005 -44.5 2.89616 6488 920.625
1107 0005 -44.5 2.92070 6498 920.625
1107 0005 -44.0 2.92684 6541 920.625
1107 0005 -44.0 2.92684 6550 920.625
1107 0005 -44.0 2.92684 6593 920.625
1107 0005 -44.0 2.95751 6603 920.625
1107 0005 -44.0 2.98819 6645 920.625
1107 0005 -44.0 2.98819 6655 920.625
1107 0005 -44.5 3.01274 6697 920.625
1107 0005 -44.0 3.00047 6707 920.625
1107 0005 -44.5 3.04342 6750 920.625
1107 0005 -44.0 3.04955 6759 920.625
1107 0005 -44.5 3.03728 6802 920.625
1107 0005 -44.0 3.05569 6812 920.625
1107 0005 -44.0 3.07410 6854 920.625
1107 0005 -44.0 3.10478 6865 920.625
1107 0005 -44.0 3.08023 6906 920.625
1107 0005 -44.0 3.11091 6917 920.625
1107 0005 -43.5 3.13546 6958 920.625
1107 0005 -43.5 3.11705 6968 920.625
1107 0005 -43.5 3.12318 7010 920.625
1107 0005 -44.0 3.14159 7020 920.625
1107 0005 -43.5 3.16614 7062 920.625
1107 0005 -43.5 3.16614 7072 920.625
1107 0005 -43.5 3.19682 7114 920.625
1107 0005 -43.5 3.20909 7124 920.625
1107 0005 -43.5 3.20909 7166 920.625
1107 0005 -43.0 3.19068 7176 920.625
1107 0005 -43.0 3.23363 7218 920.625
1107 0005 -43.0 3.21522 7228 920.625
1107 0005 -43.0 3.23977 7270 920.625
1107 0005 -43.0 3.25204 7281 920.625
1107 0005 -42.5 3.27045 7322 920.625
1107 0005 -43.0 3.25204 7333 920.625
1107 0005 -43.0 3.27658 7374 920.625
1107 0005 -43.0 3.28272 7385 920.625
1107 0005 -42.5 3.28272 7427 920.625
1107 0005 -42.5 3.29499 7436 920.625
1107 0005 -42.5 3.29499 7478 920.625
1107 0005 -42.5 3.30113 7488 920.625
1107 0005 -42.0 3.31340 7531 920.625
1107 0005 -42.5 3.33181 7541 920.625
1107 0005 -42.0 3.33794 7583 920.625
1107 0005 -42.0 3.32567 7593 920.625
1107 0005 -42.5 3.33794 7635 920.625
1107 0005 -42.5 3.33794 7646 920.625
1107 0005 -42.0 3.33794 7688 920.625
1107 0005 -42.0 3.35021 7698 920.625
1107 0005 -42.0 3.35635 7740 920.625
1107 0005 -42.0 3.35635 7751 920.625
1107 0005 -42.0 3.38089 7793 920.625
1107 0005 -42.0 3.38703 7803 920.625
1107 0005 -42.0 3.38089 7860 920.625
1107 0005 -42.0 3.38703 7869 920.625
1107 0005 -42.0 3.37476 7911 920.625
1107 0005 -42.0 3.38703 7921 920.625
1107 0005 -42.0 3.41157 7964 920.625
1107 0005 -42.0 3.38703 7973 920.625
1107 0005 -41.5 3.40544 8015 920.625
1107 0005 -42.0 3.39930 8026 920.625
1107 0005 -41.5 3.42385 8068 920.625
1107 0005 -41.5 3.42385 8077 920.625
1107 0005 -41.5 3.44839 8119 920.625
1107 0005 -41.5 3.44225 8130 920.625
1107 0005 -41.5 3.44225 8172 920.625
1107 0005 -41.5 3.41771 8182 920.625
1107 0005 -41.5 3.42385 8223 920.625
1107 0005 -41.5 3.44225 8234 920.625
1107 0005 -41.5 3.44839 8275 920.625
1107 0005 -41.5 3.43612 8286 920.625
1107 0005 -41.5 3.44225 8328 920.625
1107 0005 -41.5 3.44225 8338 920.625
1107 0005 -41.5 3.45452 8380 920.625
1107 0005 -41.5 3.44839 8391 920.625
1107 0005 -41.5 3.46680 8433 920.625
1107 0005 -41.5 3.46066 8442 920.625
1107 0005 -41.5 3.44839 8485 920.625
1107 0005 -41.5 3.44839 8495 920.625
1107 0005 -41.5 3.47907 8537 920.625
1107 0005 -41.5 3.46680 8547 920.625
1107 0005 -41.5 3.46680 8590 920.625
1107 0005 -41.5 3.45452 8600 920.625
1107 0005 -41.5 3.48520 8642 920.625
1107 0005 -41.5 3.47293 8652 920.625
1107 0005 -41.5 3.47293 8694 920.625
1107 0005 -41.5 3.47293 8704 920.625
1107 0005 -41.5 3.50361 8746 920.625
1107 0005 -42.0 3.47293 8757 920.625
1107 0005 -42.0 3.49748 8798 920.625
1107 0005 -41.5 3.49134 8809 920.625
1107 0005 -41.5 3.49134 8852 920.625
1107 0005 -41.5 3.48520 8862 920.625
1107 0005 -41.5 3.47907 8904 920.625
1107 0005 -41.5 3.49134 8914 920.625
1107 0005 -42.0 3.47293 8955 920.625
1107 0005 -41.5 3.49748 8966 920.625
1107 0005 -41.5 3.49134 9007 920.625
1107 0005 -41.5 3.50975 9018 920.625
1107 0005 -41.5 3.51588 9060 920.625
1107 0005 -41.5 3.52202 9070 920.625
1107 0005 -42.0 3.48520 9113 920.625
1107 0005 -42.0 3.49134 9123 920.625
1107 0005 -42.0 3.49134 9166 920.625
1107 0005 -42.0 3.50361 9176 920.625
1107 0005 -42.0 3.49134 9218 920.625
1107 0005 -42.0 3.47293 9228 920.625
1107 0005 -42.0 3.50361 9269 920.625
1107 0005 -42.0 3.47907 9279 920.625
1107 0005 -42.0 3.49748 9321 920.625
1107 0005 -42.0 3.48520 9331 920.625
1107 0005 -42.0 3.46066 9374 920.625
1107 0005 -42.0 3.45452 9383 920.625
1107 0005 -42.5 3.47293 9425 920.625
1107 0005 -42.5 3.45452 9436 920.625
1107 0005 -42.5 3.44839 9477 920.625
1107 0005 -42.0 3.46066 9488 920.625
1107 0005 -42.5 3.46066 9528 920.625
1107 0005 -42.5 3.44839 9540 920.625
1107 0005 -42.5 3.46066 9581 920.625
1107 0005 -42.5 3.45452 9591 920.625
1107 0005 -42.5 3.42998 9633 920.625
1107 0005 -42.5 3.43612 9644 920.625
1107 0005 -42.5 3.41771 9685 920.625
1107 0005 -43.0 3.42385 9695 920.625
1107 0005 -43.0 3.40544 9737 920.625
1107 0005 -43.0 3.39317 9798 920.625
1107 0005 -42.5 3.41157 9809 920.625
1107 0005 -43.0 3.38089 9850 920.625
1107 0005 -43.0 3.39317 9861 920.625
1107 0005 -43.0 3.36862 9903 920.625
1107 0005 -43.0 3.36862 9913 920.625
1107 0005 -43.0 3.35635 9955 920.625
1107 0005 -43.5 3.36249 9965 920.625
1107 0005 -43.0 3.35635 10007 920.625
1107 0005 -43.0 3.35635 10017 920.625
1107 0005 -43.0 3.31953 10060 920.625
1107 0005 -43.5 3.31953 10070 920.625
1107 0005 -43.5 3.29499 10112 920.625
1107 0005 -43.5 3.28885 10122 920.625
1107 0005 -43.5 3.28885 10164 920.625
1107 0005 -43.5 3.29499 10175 920.625
1107 0005 -43.5 3.27045 10217 920.625
1107 0005 -44.0 3.26431 10226 920.625
1107 0005 -44.0 3.25818 10269 920.625
1107 0005 -43.5 3.25818 10279 920.625
1107 0005 -44.0 3.23363 10321 920.625
1107 0005 -44.0 3.25818 10331 920.625
1107 0005 -44.0 3.23363 10373 920.625
1107 0005 -44.5 3.22750 10383 920.625
1107 0005 -44.5 3.19068 10425 920.625
1107 0005 -44.5 3.17841 10435 920.625
1107 0005 -44.5 3.17841 10477 920.625
1107 0005 -44.5 3.16000 10488 920.625
1107 0005 -44.5 3.13546 10529 920.625
1107 0005 -45.0 3.12318 10539 920.625
1107 0005 -45.0 3.10478 10581 920.625
1107 0005 -45.0 3.12932 10591 920.625
1107 0005 -45.0 3.08023 10633 920.625
1107 0005 -45.0 3.06796 10644 920.625
1107 0005 -45.0 3.06183 10686 920.625
1107 0005 -45.0 3.05569 10696 920.625
1107 0005 -45.0 3.03115 10738 920.625
1107 0005 -44.5 3.04342 10749 920.625
1107 0005 -45.0 2.96979 10789 920.625
1107 0005 -45.0 2.98206 10800 920.625
1107 0005 -45.0 2.93911 10842 920.625
1107 0005 -45.0 2.96365 10852 920.625
1107 0005 -45.0 2.92070 10894 920.625
1107 0005 -45.0 2.93297 10904 920.625
1107 0005 -45.0 2.87775 10945 920.625
1107 0005 -45.0 2.85934 10956 920.625
1107 0005 -45.5 2.84707 10998 920.625
1107 0005 -45.0 2.84707 11008 920.625
1107 0005 -45.5 2.79798 11050 920.625
1107 0005 -45.0 2.77957 11061 920.625
1107 0005 -45.0 2.76117 11104 920.625
1107 0005 -45.5 2.77957 11113 920.625
1107 0005 -45.5 2.73662 11155 920.625
1107 0005 -45.5 2.74276 11165 920.625
1107 0005 -46.0 2.69367 11208 920.625
1107 0005 -45.5 2.67526 11217 920.625
1107 0005 -46.0 2.62004 11259 920.625
1107 0005 -46.0 2.62004 11269 920.625
1107 0005 -46.0 2.62004 11312 920.625
1107 0005 -46.0 2.57709 11321 920.625
1107 0005 -46.5 2.54641 11363 920.625
1107 0005 -46.5 2.57095 11374 920.625
1107 0005 -46.5 2.51573 11416 920.625
1107 0005 -46.5 2.48505 11426 920.625
1107 0005 -47.0 2.46051 11467 920.625
1107 0005 -47.0 2.45437 11478 920.625
1107 0005 -47.5 2.41755 11521 920.625
1107 0005 -47.5 2.41755 11530 920.625
1107 0005 -47.5 2.39915 11572 920.625
1107 0005 -47.5 2.35619 11583 920.625
1107 0005 -47.5 2.37460 11624 920.625
1107 0005 -48.0 2.32551 11635 920.625
1107 0005 -48.0 2.26416 11677 920.625
1107 0005 -48.0 2.25188 11687 920.625
1107 0005 -48.0 2.23348 11730 920.625
1107 0005 -48.0 2.20893 11740 920.625
1107 0005 -48.5 2.16598 11782 920.625
1107 0005 -48.0 2.12917 11792 920.625
1107 0005 -48.5 2.09235 11834 920.625
1107 0005 -48.5 2.13530 11847 920.625
1107 0005 -49.0 2.01258 11913 920.625
1107 0005 -49.0 2.01872 11923 920.625
1107 0005 -49.0 1.93895 11965 920.625
1107 0005 -49.5 1.96963 11975 920.625
1107 0005 -49.5 1.88373 12018 920.625
1107 0005 -49.5 1.90214 12029 920.625
1107 0005 -49.5 1.84691 12070 920.625
1107 0005 -49.5 1.87759 12080 920.625
1107 0005 -50.0 1.79169 12122 920.625
1107 0005 -50.0 1.75487 12132 920.625
1107 0005 -50.0 1.68738 12174 920.625
1107 0005 -50.5 1.69351 12184 920.625
1107 0005 -50.5 1.65670 12227 920.625
1107 0005 -51.0 1.66284 12238 920.625
1107 0005 -51.5 1.58920 12278 920.625
1107 0005 -51.0 1.54012 12289 920.625
1107 0005 -51.5 1.48489 12331 920.625
1107 0005 -51.5 1.50944 12341 920.625
1107 0005 -51.5 1.44194 12384 920.625
1107 0005 -51.5 1.41126 12393 920.625
1107 0005 -51.5 1.36831 12435 920.625
1107 0005 -52.0 1.36831 12445 920.625
1107 0005 -52.0 1.29468 12488 920.625
1107 0005 -52.0 1.27014 12498 920.625
1107 0005 -52.5 1.16583 12540 920.625
1107 0005 -52.0 1.18423 12551 920.625
1107 0005 -52.5 1.12287 12591 920.625
1107 0005 -52.5 1.04311 12602 920.625
1107 0005 -52.0 1.01856 12644 920.625
1107 0005 -52.5 1.06151 12654 920.625
1107 0005 -53.0 0.98175 12697 920.625
1107 0005 -53.0 0.95720 12707 920.625
1107 0005 -53.0 0.90198 12748 920.625
1107 0005 -53.0 0.85903 12758 920.625
1107 0005 -53.5 0.82221 12800 920.625
1107 0005 -53.5 0.82221 12810 920.625
1107 0005 -53.5 0.74858 12852 920.625
1107 0005 -54.0 0.73017 12862 920.625
1107 0005 -54.0 0.58905 12905 920.625
1107 0005 -54.0 0.58905 12916 920.625
1107 0005 -54.5 0.49701 12957 920.625
1107 0005 -54.5 0.52769 12968 920.625
1107 0005 -54.5 0.44792 13010 920.625
1107 0005 -54.5 0.37429 13020 920.625
1107 0005 -54.0 0.38043 13062 920.625
1107 0005 -54.5 0.31293 13072 920.625
1107 0005 -55.0 0.28225 13114 920.625
1107 0005 -54.5 0.26384 13125 920.625
1107 0005 -55.0 0.13499 13167 920.625
1107 0005 -55.0 0.23930 13177 920.625
1107 0005 -55.5 0.09204 13219 920.625
1107 0005 -55.5 0.11045 13229 920.625
1107 0005 -55.5 6.26478 13272 920.625
1107 0005 -56.0 0.00614 13281 920.625
1107 0005 -56.0 6.23410 13324 920.625
1107 0005 -56.0 6.24637 13333 920.625
1107 0005 -56.5 6.12979 13375 920.625
1107 0005 -56.0 6.16047 13385 920.625
1107 0005 -55.5 6.02548 13428 920.625
1107 0005 -55.5 6.02548 13438 920.625
1107 0005 -55.5 5.96412 13480 920.625
1107 0005 -56.5 5.98253 13490 920.625
1107 0005 -56.5 5.83526 13532 920.625
1107 0005 -56.5 5.91503 13542 920.625
1107 0005 -57.0 5.76163 13585 920.625
