1107 0005 -54.0 0.54610 1802 920.625
1107 0005 -54.5 0.67495 1844 920.625
1107 0005 -54.5 0.62586 1854 920.625
1107 0005 -54.5 0.73017 1896 920.625
1107 0005 -54.5 0.71790 1906 920.625
1107 0005 -54.5 0.80381 1948 920.625
1107 0005 -54.5 0.85289 1958 920.625
1107 0005 -55.0 0.84062 2000 920.625
1107 0005 -55.0 0.87130 2010 920.625
1107 0005 -54.5 0.86517 2052 920.625
1107 0005 -54.5 0.89584 2062 920.625
1107 0005 -54.0 0.95720 2105 920.625
1107 0005 -55.0 0.95107 2114 920.625
1107 0005 -54.5 1.04924 2156 920.625
1107 0005 -54.5 1.04924 2167 920.625
1107 0005 -54.0 1.15969 2208 920.625
1107 0005 -54.5 1.15355 2219 920.625
1107 0005 -54.5 1.18423 2261 920.625
1107 0005 -54.0 1.13515 2271 920.625
1107 0005 -54.5 1.20264 2312 920.625
1107 0005 -54.5 1.22105 2324 920.625
1107 0005 -55.0 1.29468 2365 920.625
1107 0005 -55.0 1.38672 2375 920.625
1107 0005 -55.0 1.32536 2417 920.625
1107 0005 -55.5 1.42967 2428 920.625
1107 0005 -55.5 1.41740 2469 920.625
1107 0005 -55.5 1.47262 2479 920.625
1107 0005 -55.5 1.58307 2521 920.625
1107 0005 -56.0 1.48489 2531 920.625
1107 0005 -55.5 1.55852 2573 920.625
1107 0005 -56.5 1.59534 2584 920.625
1107 0005 -55.5 1.74874 2626 920.625
1107 0005 -55.5 1.68124 2635 920.625
1107 0005 -55.5 1.71806 2677 920.625
1107 0005 -56.0 1.75487 2687 920.625
1107 0005 -55.5 1.83464 2729 920.625
1107 0005 -55.5 1.84078 2740 920.625
1107 0005 -55.5 1.89600 2782 920.625
1107 0005 -56.0 1.87759 2792 920.625
1107 0005 -56.0 1.97577 2834 920.625
1107 0005 -56.0 2.05553 2891 920.625
1107 0005 -56.0 2.12303 2901 920.625
1107 0005 -56.5 2.11076 2943 920.625
1107 0005 -56.5 2.10462 2952 920.625
1107 0005 -57.5 2.19052 2995 920.625
1107 0005 -57.0 2.20893 3004 920.625
1107 0005 -57.0 2.35006 3047 920.625
1107 0005 -57.0 2.28256 3057 920.625
1107 0005 -56.5 2.33779 3100 920.625
1107 0005 -56.5 2.37460 3109 920.625
1107 0005 -57.5 2.38687 3151 920.625
1107 0005 -57.0 2.45437 3162 920.625
1107 0005 -57.5 2.52186 3204 920.625
1107 0005 -57.0 2.55254 3214 920.625
1107 0005 -56.5 2.60163 3257 920.625
1107 0005 -57.5 2.64458 3267 920.625
1107 0005 -56.5 2.71208 3308 920.625
1107 0005 -57.0 2.77344 3319 920.625
1107 0005 -57.5 2.81639 3360 920.625
1107 0005 -57.0 2.88388 3371 920.625
1107 0005 -57.0 2.93911 3413 920.625
1107 0005 -57.5 2.89002 3423 920.625
1107 0005 -58.0 3.01887 3465 920.625
1107 0005 -57.5 3.08023 3475 920.625
1107 0005 -57.5 3.20909 3517 920.625
1107 0005 -57.5 3.11091 3528 920.625
1107 0005 -57.5 3.34408 3570 920.625
1107 0005 -58.0 3.23363 3580 920.625
1107 0005 -57.5 3.39930 3621 920.625
1107 0005 -58.0 3.49134 3632 920.625
1107 0005 -57.5 3.46680 3673 920.625
1107 0005 -57.5 3.50361 3685 920.625
1107 0005 -57.5 3.58338 3725 920.625
1107 0005 -57.5 3.58338 3736 920.625
1107 0005 -57.5 3.68769 3778 920.625
1107 0005 -58.0 3.68769 3788 920.625
1107 0005 -58.0 3.92699 3830 920.625
1107 0005 -58.0 3.92699 3841 920.625
1107 0005 -57.5 4.08039 3882 920.625
1107 0005 -57.5 4.01903 3894 920.625
1107 0005 -57.5 4.18470 3935 920.625
1107 0005 -58.0 4.17856 3945 920.625
1107 0005 -58.0 4.18470 3987 920.625
1107 0005 -58.0 4.34423 3997 920.625
1107 0005 -58.0 4.38719 4039 920.625
1107 0005 -57.5 4.36878 4050 920.625
1107 0005 -58.0 4.53445 4092 920.625
1107 0005 -58.0 4.51604 4102 920.625
1107 0005 -58.0 4.62035 4144 920.625
1107 0005 -58.0 4.62035 4155 920.625
1107 0005 -58.5 4.79829 4196 920.625
1107 0005 -58.0 4.77988 4206 920.625
1107 0005 -57.5 4.85965 4248 920.625
1107 0005 -58.0 4.91487 4258 920.625
1107 0005 -57.5 5.04373 4301 920.625
1107 0005 -57.5 5.11736 4310 920.625
1107 0005 -57.5 5.12350 4352 920.625
1107 0005 -57.0 5.19713 4363 920.625
1107 0005 -57.0 5.33825 4404 920.625
1107 0005 -57.5 5.29530 4414 920.625
1107 0005 -57.5 5.47324 4456 920.625
1107 0005 -57.0 5.49165 4467 920.625
1107 0005 -56.5 5.51006 4509 920.625
1107 0005 -57.0 5.61437 4519 920.625
1107 0005 -56.5 5.77390 4561 920.625
1107 0005 -56.0 5.67573 4571 920.625
1107 0005 -55.5 5.82299 4613 920.625
1107 0005 -56.5 5.87208 4623 920.625
1107 0005 -55.5 5.94571 4665 920.625
1107 0005 -56.0 5.94571 4676 920.625
1107 0005 -55.0 5.97639 4717 920.625
1107 0005 -55.5 6.03161 4728 920.625
1107 0005 -55.5 6.14819 4769 920.625
1107 0005 -55.5 6.17887 4780 920.625
1107 0005 -55.0 6.24023 4823 920.625
1107 0005 -55.0 6.22796 4832 920.625
1107 0005 -54.5 0.01841 4874 920.625
1107 0005 -54.5 0.03682 4885 920.625
1107 0005 -54.5 0.18408 4926 920.625
1107 0005 -54.5 0.12885 4937 920.625
1107 0005 -53.5 0.22089 4979 920.625
1107 0005 -53.5 0.25771 4989 920.625
1107 0005 -53.0 0.33134 5031 920.625
1107 0005 -53.0 0.33748 5041 920.625
1107 0005 -53.0 0.41111 5083 920.625
1107 0005 -53.0 0.39884 5093 920.625
1107 0005 -53.0 0.49087 5135 920.625
1107 0005 -52.5 0.53383 5145 920.625
1107 0005 -52.0 0.56450 5188 920.625
1107 0005 -52.5 0.58291 5197 920.625
1107 0005 -52.5 0.64427 5239 920.625
1107 0005 -52.0 0.69336 5250 920.625
1107 0005 -52.0 0.75472 5292 920.625
1107 0005 -52.0 0.73631 5302 920.625
1107 0005 -52.0 0.75472 5344 920.625
1107 0005 -51.5 0.80994 5355 920.625
1107 0005 -51.0 0.87130 5396 920.625
1107 0005 -51.5 0.88357 5407 920.625
1107 0005 -51.0 0.95720 5448 920.625
1107 0005 -50.5 0.97561 5459 920.625
1107 0005 -50.5 0.96948 5501 920.625
1107 0005 -50.5 1.04311 5512 920.625
1107 0005 -50.0 1.03697 5553 920.625
1107 0005 -49.5 1.04924 5563 920.625
1107 0005 -49.5 1.11060 5606 920.625
1107 0005 -49.5 1.12901 5616 920.625
1107 0005 -49.5 1.16583 5658 920.625
1107 0005 -49.5 1.19037 5668 920.625
1107 0005 -49.5 1.22105 5710 920.625
1107 0005 -49.0 1.23332 5720 920.625
1107 0005 -49.0 1.30695 5762 920.625
1107 0005 -49.0 1.29468 5772 920.625
1107 0005 -49.0 1.34377 5814 920.625
1107 0005 -49.0 1.39285 5825 920.625
1107 0005 -49.0 1.36831 5867 920.625
1107 0005 -49.0 1.42967 5877 920.625
1107 0005 -48.5 1.42967 5919 920.625
1107 0005 -48.5 1.46035 5929 920.625
1107 0005 -48.5 1.51557 5970 920.625
1107 0005 -48.5 1.52784 5982 920.625
1107 0005 -48.5 1.53398 6023 920.625
1107 0005 -48.5 1.57693 6033 920.625
1107 0005 -48.0 1.57080 6076 920.625
1107 0005 -48.0 1.59534 6086 920.625
1107 0005 -48.0 1.63829 6127 920.625
1107 0005 -48.0 1.66897 6137 920.625
1107 0005 -47.5 1.71192 6179 920.625
1107 0005 -47.5 1.69965 6189 920.625
1107 0005 -47.5 1.73033 6231 920.625
1107 0005 -47.0 1.72419 6242 920.625
1107 0005 -47.0 1.76101 6284 920.625
1107 0005 -47.0 1.74260 6295 920.625
1107 0005 -46.5 1.79169 6337 920.625
1107 0005 -47.0 1.80396 6347 920.625
1107 0005 -46.5 1.82851 6387 920.625
1107 0005 -46.5 1.85305 6399 920.625
1107 0005 -46.0 1.85918 6440 920.625
1107 0005 -46.5 1.85305 6451 920.625
1107 0005 -46.0 1.88986 6492 920.625
1107 0005 -45.5 1.90214 6503 920.625
1107 0005 -46.0 1.91441 6545 920.625
1107 0005 -46.0 1.93282 6555 920.625
1107 0005 -45.5 1.94509 6597 920.625
1107 0005 -45.5 1.94509 6607 920.625
1107 0005 -45.5 1.96350 6649 920.625
1107 0005 -45.5 2.00031 6705 920.625
1107 0005 -45.5 1.99418 6715 920.625
1107 0005 -45.5 2.02485 6758 920.625
1107 0005 -45.0 2.03099 6768 920.625
1107 0005 -45.0 2.04940 6809 920.625
1107 0005 -45.0 2.03713 6819 920.625
1107 0005 -45.0 2.07394 6861 920.625
1107 0005 -45.0 2.07394 6872 920.625
1107 0005 -45.0 2.10462 6913 920.625
1107 0005 -44.5 2.10462 6923 920.625
1107 0005 -45.0 2.09235 6966 920.625
1107 0005 -45.0 2.09849 6975 920.625
1107 0005 -45.0 2.12917 7018 920.625
1107 0005 -44.5 2.15371 7028 920.625
1107 0005 -44.5 2.15371 7071 920.625
1107 0005 -44.5 2.12303 7081 920.625
1107 0005 -44.5 2.16598 7122 920.625
1107 0005 -44.5 2.15984 7132 920.625
1107 0005 -44.5 2.15371 7174 920.625
1107 0005 -44.5 2.15371 7185 920.625
1107 0005 -44.5 2.19666 7227 920.625
1107 0005 -44.0 2.19052 7237 920.625
1107 0005 -44.5 2.21507 7278 920.625
1107 0005 -44.0 2.19052 7288 920.625
1107 0005 -44.0 2.22120 7330 920.625
1107 0005 -44.0 2.20280 7340 920.625
1107 0005 -44.0 2.22120 7383 920.625
1107 0005 -44.0 2.24575 7393 920.625
1107 0005 -44.0 2.23348 7435 920.625
1107 0005 -44.0 2.23961 7445 920.625
1107 0005 -44.0 2.23961 7487 920.625
1107 0005 -44.0 2.23348 7498 920.625
1107 0005 -44.0 2.27643 7540 920.625
1107 0005 -44.0 2.27643 7550 920.625
1107 0005 -44.0 2.28870 7591 920.625
1107 0005 -44.0 2.27643 7602 920.625
1107 0005 -44.0 2.30711 7644 920.625
1107 0005 -44.0 2.32551 7654 920.625
1107 0005 -44.0 2.30097 7696 920.625
1107 0005 -44.0 2.30097 7707 920.625
1107 0005 -44.0 2.30711 7749 920.625
1107 0005 -44.0 2.33779 7759 920.625
1107 0005 -44.0 2.32551 7802 920.625
1107 0005 -44.0 2.33165 7812 920.625
1107 0005 -44.0 2.34392 7854 920.625
1107 0005 -44.0 2.34392 7863 920.625
1107 0005 -44.0 2.32551 7905 920.625
1107 0005 -44.0 2.35006 7916 920.625
1107 0005 -43.5 2.36847 7957 920.625
1107 0005 -44.0 2.36847 7967 920.625
1107 0005 -43.5 2.36847 8009 920.625
1107 0005 -43.5 2.35619 8020 920.625
1107 0005 -44.0 2.36847 8061 920.625
1107 0005 -44.0 2.36847 8071 920.625
1107 0005 -44.0 2.38074 8113 920.625
1107 0005 -43.5 2.36847 8124 920.625
1107 0005 -43.5 2.36233 8165 920.625
1107 0005 -43.5 2.36233 8176 920.625
1107 0005 -44.0 2.37460 8217 920.625
1107 0005 -44.0 2.41142 8227 920.625
1107 0005 -44.0 2.38687 8269 920.625
1107 0005 -44.0 2.38074 8279 920.625
1107 0005 -44.0 2.38687 8322 920.625
1107 0005 -43.5 2.38687 8332 920.625
1107 0005 -43.5 2.38687 8375 920.625
1107 0005 -43.5 2.38687 8384 920.625
1107 0005 -43.5 2.39301 8426 920.625
1107 0005 -44.0 2.40528 8437 920.625
1107 0005 -43.5 2.41142 8478 920.625
1107 0005 -43.5 2.38074 8489 920.625
1107 0005 -44.0 2.40528 8531 920.625
1107 0005 -44.0 2.39301 8541 920.625
1107 0005 -44.0 2.38687 8583 920.625
1107 0005 -44.0 2.38074 8594 920.625
1107 0005 -44.0 2.38687 8636 920.625
1107 0005 -44.0 2.39301 8646 920.625
1107 0005 -43.5 2.38687 8689 920.625
1107 0005 -44.0 2.39915 8698 920.625
1107 0005 -43.5 2.38687 8741 920.625
1107 0005 -44.0 2.40528 8750 920.625
1107 0005 -44.0 2.39301 8792 920.625
1107 0005 -44.0 2.40528 8803 920.625
1107 0005 -44.0 2.40528 8845 920.625
1107 0005 -44.0 2.41142 8854 920.625
1107 0005 -44.0 2.41142 8896 920.625
1107 0005 -44.0 2.40528 8907 920.625
1107 0005 -44.0 2.39301 8949 920.625
1107 0005 -44.0 2.41142 8959 920.625
1107 0005 -44.5 2.39301 9001 920.625
1107 0005 -44.5 2.39915 9011 920.625
1107 0005 -44.5 2.38687 9053 920.625
1107 0005 -44.5 2.40528 9064 920.625
1107 0005 -44.5 2.39915 9105 920.625
1107 0005 -44.5 2.39915 9115 920.625
1107 0005 -44.5 2.39915 9158 920.625
1107 0005 -44.5 2.40528 9168 920.625
1107 0005 -44.5 2.37460 9209 920.625
1107 0005 -44.5 2.40528 9219 920.625
1107 0005 -45.0 2.40528 9261 920.625
1107 0005 -44.5 2.39301 9272 920.625
1107 0005 -45.0 2.38687 9314 920.625
1107 0005 -44.5 2.38687 9324 920.625
1107 0005 -45.0 2.36233 9367 920.625
1107 0005 -45.0 2.39301 9377 920.625
1107 0005 -45.0 2.38074 9420 920.625
1107 0005 -45.0 2.37460 9429 920.625
1107 0005 -45.5 2.38074 9471 920.625
1107 0005 -45.0 2.36233 9481 920.625
1107 0005 -45.5 2.38074 9523 920.625
1107 0005 -45.5 2.36233 9534 920.625
1107 0005 -45.5 2.37460 9576 920.625
1107 0005 -45.5 2.33779 9586 920.625
1107 0005 -46.0 2.34392 9627 920.625
1107 0005 -45.5 2.35006 9638 920.625
1107 0005 -46.0 2.33165 9680 920.625
1107 0005 -46.0 2.31938 9690 920.625
1107 0005 -46.0 2.28870 9732 920.625
1107 0005 -45.5 2.30711 9743 920.625
1107 0005 -46.0 2.31324 9784 920.625
1107 0005 -46.0 2.28870 9795 920.625
1107 0005 -46.0 2.30711 9836 920.625
1107 0005 -46.5 2.30097 9847 920.625
1107 0005 -46.5 2.28256 9888 920.625
1107 0005 -46.5 2.25802 9899 920.625
1107 0005 -46.5 2.24575 9941 920.625
1107 0005 -46.5 2.22734 9951 920.625
1107 0005 -46.5 2.23961 9993 920.625
1107 0005 -46.5 2.22120 10004 920.625
1107 0005 -46.5 2.19666 10046 920.625
1107 0005 -46.5 2.22120 10056 920.625
1107 0005 -47.0 2.22734 10099 920.625
1107 0005 -46.5 2.17212 10109 920.625
1107 0005 -46.5 2.16598 10150 920.625
1107 0005 -47.0 2.15984 10161 920.625
1107 0005 -47.0 2.16598 10202 920.625
1107 0005 -47.0 2.13530 10213 920.625
1107 0005 -47.0 2.15984 10254 920.625
1107 0005 -47.0 2.17212 10264 920.625
1107 0005 -47.5 2.11076 10307 920.625
1107 0005 -47.0 2.13530 10318 920.625
1107 0005 -47.5 2.08621 10359 920.625
1107 0005 -47.5 2.09235 10369 920.625
1107 0005 -47.5 2.06167 10411 920.625
1107 0005 -48.0 2.07394 10421 920.625
1107 0005 -48.0 2.03099 10477 920.625
1107 0005 -48.0 2.04326 10487 920.625
1107 0005 -48.0 1.98804 10529 920.625
1107 0005 -48.0 1.99418 10538 920.625
1107 0005 -48.0 1.98804 10581 920.625
1107 0005 -48.5 1.97577 10591 920.625
1107 0005 -48.5 1.95122 10633 920.625
1107 0005 -48.5 1.92668 10643 920.625
1107 0005 -49.0 1.93282 10684 920.625
1107 0005 -48.5 1.87759 10696 920.625
1107 0005 -49.0 1.89600 10736 920.625
1107 0005 -49.0 1.87146 10748 920.625
1107 0005 -49.0 1.85918 10788 920.625
1107 0005 -49.0 1.85918 10800 920.625
1107 0005 -49.5 1.82237 10841 920.625
1107 0005 -49.5 1.83464 10852 920.625
1107 0005 -49.5 1.78555 10893 920.625
1107 0005 -49.5 1.76715 10904 920.625
1107 0005 -50.0 1.72419 10946 920.625
1107 0005 -50.0 1.72419 10956 920.625
1107 0005 -50.5 1.73033 10997 920.625
1107 0005 -50.5 1.72419 11008 920.625
1107 0005 -50.5 1.66284 11049 920.625
1107 0005 -50.5 1.66284 11061 920.625
1107 0005 -50.5 1.61988 11102 920.625
1107 0005 -51.0 1.62602 11113 920.625
1107 0005 -51.5 1.57080 11154 920.625
1107 0005 -51.0 1.60148 11164 920.625
1107 0005 -52.0 1.50944 11207 920.625
1107 0005 -51.5 1.55852 11217 920.625
1107 0005 -52.0 1.45421 11259 920.625
1107 0005 -51.5 1.48489 11269 920.625
1107 0005 -52.0 1.39899 11311 920.625
1107 0005 -51.5 1.43581 11321 920.625
1107 0005 -52.0 1.36831 11364 920.625
1107 0005 -52.0 1.36217 11373 920.625
1107 0005 -52.0 1.31309 11415 920.625
1107 0005 -52.5 1.28854 11426 920.625
1107 0005 -52.5 1.23946 11468 920.625
1107 0005 -52.0 1.23332 11479 920.625
1107 0005 -52.5 1.15355 11520 920.625
1107 0005 -52.5 1.17196 11531 920.625
1107 0005 -52.5 1.14128 11572 920.625
1107 0005 -53.5 1.11060 11582 920.625
1107 0005 -53.0 1.07379 11624 920.625
1107 0005 -53.5 1.02470 11634 920.625
1107 0005 -54.0 1.01243 11676 920.625
1107 0005 -53.5 1.00016 11687 920.625
1107 0005 -54.0 0.96334 11728 920.625
1107 0005 -54.0 0.91425 11739 920.625
1107 0005 -54.0 0.87130 11781 920.625
1107 0005 -54.5 0.90812 11792 920.625
1107 0005 -54.5 0.82221 11833 920.625
1107 0005 -55.0 0.84676 11843 920.625
1107 0005 -55.5 0.74245 11884 920.625
1107 0005 -55.5 0.69336 11895 920.625
1107 0005 -55.5 0.71177 11936 920.625
1107 0005 -56.0 0.65041 11947 920.625
1107 0005 -55.5 0.63814 11989 920.625
1107 0005 -55.5 0.61359 11999 920.625
1107 0005 -56.0 0.57064 12040 920.625
1107 0005 -56.0 0.50928 12051 920.625
1107 0005 -56.0 0.48474 12093 920.625
1107 0005 -56.0 0.48474 12103 920.625
1107 0005 -56.5 0.49087 12145 920.625
1107 0005 -56.5 0.41724 12156 920.625
1107 0005 -57.0 0.36202 12197 920.625
1107 0005 -57.0 0.30066 12207 920.625
1107 0005 -57.0 0.29452 12249 920.625
1107 0005 -57.5 0.30066 12259 920.625
1107 0005 -57.5 0.21476 12301 920.625
1107 0005 -57.0 0.17794 12311 920.625
1107 0005 -57.5 0.08590 12353 920.625
1107 0005 -59.0 0.15340 12415 920.625
1107 0005 -58.5 0.03682 12425 920.625
1107 0005 -59.0 0.04909 12466 920.625
1107 0005 -59.5 0.00614 12478 920.625
1107 0005 -59.5 0.01841 12519 920.625
1107 0005 -59.5 6.23410 12528 920.625
1107 0005 -59.0 6.19728 12570 920.625
1107 0005 -60.0 6.11138 12581 920.625
1107 0005 -59.5 6.11138 12623 920.625
1107 0005 -60.5 6.03775 12633 920.625
1107 0005 -60.0 6.03161 12675 920.625
1107 0005 -61.0 5.93344 12685 920.625
1107 0005 -60.5 5.88435 12727 920.625
1107 0005 -60.5 5.87208 12737 920.625
1107 0005 -61.5 5.84753 12779 920.625
1107 0005 -61.5 5.82299 12790 920.625
