1121 0001 -62.0 3.25818 3598 923.625
1121 0001 -61.5 3.38089 3609 923.625
1121 0001 -61.0 3.48520 3652 923.625
1121 0001 -62.0 3.52816 3661 923.625
1121 0001 -62.5 3.65087 3703 923.625
1121 0001 -61.5 3.60179 3714 923.625
1121 0001 -62.0 3.77359 3756 923.625
1121 0001 -61.5 3.88404 3765 923.625
1121 0001 -60.5 4.09266 3808 923.625
1121 0001 -61.0 4.11107 3818 923.625
1121 0001 -61.0 4.19084 3860 923.625
1121 0001 -61.0 4.17243 3870 923.625
1121 0001 -60.5 4.50990 3912 923.625
1121 0001 -60.5 4.35651 3922 923.625
1121 0001 -60.5 4.53445 3964 923.625
1121 0001 -60.5 4.56513 3975 923.625
1121 0001 -60.5 4.67557 4017 923.625
1121 0001 -59.5 4.68785 4027 923.625
1121 0001 -60.0 4.81670 4069 923.625
1121 0001 -59.5 4.86579 4079 923.625
1121 0001 -59.5 4.97010 4121 923.625
1121 0001 -59.0 5.09895 4132 923.625
1121 0001 -58.5 5.24008 4175 923.625
1121 0001 -59.0 5.24008 4184 923.625
1121 0001 -58.5 5.30144 4227 923.625
1121 0001 -59.0 5.28917 4236 923.625
1121 0001 -58.0 5.44256 4279 923.625
1121 0001 -57.5 5.49779 4288 923.625
1121 0001 -57.0 5.56528 4330 923.625
1121 0001 -57.0 5.54074 4340 923.625
1121 0001 -57.0 5.65119 4382 923.625
1121 0001 -56.5 5.77390 4393 923.625
1121 0001 -56.0 5.75550 4434 923.625
1121 0001 -56.0 5.85981 4444 923.625
1121 0001 -55.5 5.84753 4487 923.625
1121 0001 -55.0 5.95798 4497 923.625
1121 0001 -55.0 6.01934 4539 923.625
1121 0001 -55.0 5.99480 4549 923.625
1121 0001 -55.0 6.05002 4592 923.625
1121 0001 -54.5 6.08684 4602 923.625
1121 0001 -54.0 6.14206 4643 923.625
1121 0001 -54.0 6.17274 4654 923.625
1121 0001 -54.0 0.04295 4696 923.625
1121 0001 -54.0 6.24637 4705 923.625
1121 0001 -53.0 0.08590 4748 923.625
1121 0001 -53.5 0.04909 4759 923.625
1121 0001 -53.0 0.14113 4799 923.625
1121 0001 -52.5 0.12885 4811 923.625
1121 0001 -52.5 0.23317 4852 923.625
1121 0001 -52.0 0.24544 4862 923.625
1121 0001 -52.0 0.27612 4905 923.625
1121 0001 -52.0 0.30680 4914 923.625
1121 0001 -51.5 0.38043 4956 923.625
1121 0001 -51.5 0.41724 4967 923.625
1121 0001 -51.0 0.47860 5009 923.625
1121 0001 -51.0 0.47247 5019 923.625
1121 0001 -51.0 0.49701 5061 923.625
1121 0001 -50.5 0.52769 5071 923.625
1121 0001 -50.5 0.58291 5113 923.625
1121 0001 -50.5 0.61973 5124 923.625
1121 0001 -50.5 0.67495 5166 923.625
1121 0001 -50.5 0.71177 5176 923.625
1121 0001 -50.0 0.73631 5218 923.625
1121 0001 -50.5 0.76699 5229 923.625
1121 0001 -50.0 0.84062 5271 923.625
1121 0001 -49.5 0.85903 5281 923.625
1121 0001 -49.5 0.88971 5323 923.625
1121 0001 -49.0 0.90812 5333 923.625
1121 0001 -49.0 0.96334 5375 923.625
1121 0001 -49.0 0.99402 5386 923.625
1121 0001 -48.5 1.01856 5428 923.625
1121 0001 -48.5 1.02470 5438 923.625
1121 0001 -48.0 1.09219 5481 923.625
1121 0001 -48.0 1.09833 5491 923.625
1121 0001 -48.0 1.15355 5533 923.625
1121 0001 -48.0 1.15355 5543 923.625
1121 0001 -47.5 1.23946 5586 923.625
1121 0001 -47.5 1.22105 5596 923.625
1121 0001 -47.5 1.25173 5637 923.625
1121 0001 -47.5 1.26400 5648 923.625
1121 0001 -47.5 1.33763 5688 923.625
1121 0001 -47.5 1.33763 5699 923.625
1121 0001 -47.0 1.38058 5741 923.625
1121 0001 -47.0 1.38672 5750 923.625
1121 0001 -47.0 1.42353 5792 923.625
1121 0001 -47.0 1.44194 5803 923.625
1121 0001 -47.0 1.49717 5844 923.625
1121 0001 -47.0 1.49717 5855 923.625
1121 0001 -47.0 1.55239 5897 923.625
1121 0001 -46.5 1.58920 5907 923.625
1121 0001 -46.5 1.61375 5950 923.625
1121 0001 -47.0 1.61375 5959 923.625
1121 0001 -46.5 1.64443 6002 923.625
1121 0001 -46.5 1.63829 6012 923.625
1121 0001 -46.0 1.72419 6054 923.625
1121 0001 -46.0 1.71806 6064 923.625
1121 0001 -45.5 1.76101 6106 923.625
1121 0001 -45.5 1.73033 6116 923.625
1121 0001 -45.5 1.77328 6158 923.625
1121 0001 -45.5 1.79169 6169 923.625
1121 0001 -45.5 1.80396 6210 923.625
1121 0001 -45.0 1.85918 6222 923.625
1121 0001 -45.0 1.87146 6262 923.625
1121 0001 -45.0 1.88373 6273 923.625
1121 0001 -45.0 1.89600 6315 923.625
1121 0001 -45.0 1.88986 6325 923.625
1121 0001 -45.0 1.90214 6367 923.625
1121 0001 -45.0 1.93282 6377 923.625
1121 0001 -44.5 1.95736 6418 923.625
1121 0001 -45.0 1.97577 6429 923.625
1121 0001 -44.5 1.99418 6472 923.625
1121 0001 -44.5 1.96963 6481 923.625
1121 0001 -44.0 2.02485 6524 923.625
1121 0001 -44.0 2.00645 6533 923.625
1121 0001 -44.0 2.04326 6575 923.625
1121 0001 -44.0 2.04940 6585 923.625
1121 0001 -44.0 2.05553 6628 923.625
1121 0001 -44.0 2.06781 6638 923.625
1121 0001 -44.0 2.08621 6680 923.625
1121 0001 -44.0 2.11076 6690 923.625
1121 0001 -44.0 2.11689 6733 923.625
1121 0001 -44.0 2.11076 6743 923.625
1121 0001 -44.0 2.15371 6785 923.625
1121 0001 -44.0 2.12303 6795 923.625
1121 0001 -43.5 2.17212 6837 923.625
1121 0001 -44.0 2.15984 6847 923.625
1121 0001 -43.5 2.18439 6889 923.625
1121 0001 -44.0 2.15984 6900 923.625
1121 0001 -43.5 2.20280 6942 923.625
1121 0001 -43.5 2.19666 6952 923.625
1121 0001 -43.5 2.25802 6995 923.625
1121 0001 -43.5 2.19666 7004 923.625
1121 0001 -43.5 2.21507 7046 923.625
1121 0001 -43.5 2.22120 7056 923.625
1121 0001 -43.5 2.25802 7098 923.625
1121 0001 -43.5 2.25188 7109 923.625
1121 0001 -43.5 2.26416 7151 923.625
1121 0001 -43.5 2.31324 7161 923.625
1121 0001 -43.0 2.29484 7204 923.625
1121 0001 -43.5 2.27029 7214 923.625
1121 0001 -43.5 2.30097 7255 923.625
1121 0001 -43.0 2.30711 7266 923.625
1121 0001 -43.0 2.32551 7308 923.625
1121 0001 -43.0 2.32551 7319 923.625
1121 0001 -43.0 2.33165 7361 923.625
1121 0001 -43.5 2.33779 7371 923.625
1121 0001 -43.0 2.38687 7414 923.625
1121 0001 -43.0 2.36847 7423 923.625
1121 0001 -43.0 2.37460 7465 923.625
1121 0001 -43.0 2.37460 7476 923.625
1121 0001 -43.0 2.41142 7518 923.625
1121 0001 -43.0 2.39915 7529 923.625
1121 0001 -43.0 2.38687 7571 923.625
1121 0001 -42.5 2.40528 7581 923.625
1121 0001 -42.5 2.41755 7623 923.625
1121 0001 -42.5 2.42983 7633 923.625
1121 0001 -42.5 2.44210 7675 923.625
1121 0001 -42.5 2.44210 7685 923.625
1121 0001 -42.5 2.43596 7729 923.625
1121 0001 -42.5 2.45437 7739 923.625
1121 0001 -42.5 2.46051 7780 923.625
1121 0001 -42.5 2.46664 7791 923.625
1121 0001 -42.5 2.45437 7834 923.625
1121 0001 -42.5 2.46051 7845 923.625
1121 0001 -42.5 2.48505 7887 923.625
1121 0001 -42.5 2.49118 7897 923.625
1121 0001 -42.5 2.50346 7940 923.625
1121 0001 -42.5 2.50346 7951 923.625
1121 0001 -42.0 2.49732 7993 923.625
1121 0001 -42.0 2.49118 8003 923.625
1121 0001 -42.0 2.52186 8046 923.625
1121 0001 -42.0 2.50959 8057 923.625
1121 0001 -42.0 2.50959 8100 923.625
1121 0001 -42.0 2.55254 8109 923.625
1121 0001 -42.0 2.52186 8152 923.625
1121 0001 -42.0 2.52186 8163 923.625
1121 0001 -42.0 2.54027 8204 923.625
1121 0001 -42.0 2.53414 8215 923.625
1121 0001 -42.0 2.53414 8258 923.625
1121 0001 -42.0 2.56482 8268 923.625
1121 0001 -42.0 2.55254 8309 923.625
1121 0001 -42.0 2.54641 8320 923.625
1121 0001 -42.0 2.54641 8363 923.625
1121 0001 -42.0 2.57095 8373 923.625
1121 0001 -42.0 2.58322 8416 923.625
1121 0001 -42.0 2.59550 8426 923.625
1121 0001 -42.0 2.59550 8468 923.625
1121 0001 -42.0 2.58322 8478 923.625
1121 0001 -42.0 2.57709 8521 923.625
1121 0001 -42.0 2.60777 8531 923.625
1121 0001 -42.0 2.58322 8574 923.625
1121 0001 -42.0 2.60777 8584 923.625
1121 0001 -42.0 2.58936 8626 923.625
1121 0001 -42.0 2.59550 8638 923.625
1121 0001 -42.5 2.58936 8680 923.625
1121 0001 -42.0 2.61390 8690 923.625
1121 0001 -42.0 2.61390 8732 923.625
1121 0001 -42.0 2.58936 8742 923.625
1121 0001 -42.0 2.59550 8785 923.625
1121 0001 -42.0 2.60163 8796 923.625
1121 0001 -42.0 2.60777 8838 923.625
1121 0001 -42.5 2.60163 8848 923.625
1121 0001 -42.0 2.60163 8892 923.625
1121 0001 -42.0 2.61390 8902 923.625
1121 0001 -42.0 2.58936 8944 923.625
1121 0001 -42.0 2.58936 8954 923.625
1121 0001 -42.5 2.58936 8999 923.625
1121 0001 -42.5 2.59550 9008 923.625
1121 0001 -42.5 2.58936 9050 923.625
1121 0001 -42.5 2.59550 9060 923.625
1121 0001 -42.5 2.57095 9103 923.625
1121 0001 -42.5 2.62004 9114 923.625
1121 0001 -42.5 2.58322 9155 923.625
1121 0001 -42.5 2.60777 9166 923.625
1121 0001 -42.5 2.57095 9206 923.625
1121 0001 -42.5 2.57709 9217 923.625
1121 0001 -42.5 2.57709 9260 923.625
1121 0001 -42.5 2.60163 9270 923.625
1121 0001 -42.5 2.56482 9312 923.625
1121 0001 -43.0 2.59550 9322 923.625
1121 0001 -43.0 2.58322 9364 923.625
1121 0001 -43.0 2.55868 9374 923.625
1121 0001 -43.0 2.55868 9416 923.625
1121 0001 -43.0 2.57709 9427 923.625
1121 0001 -43.0 2.55868 9469 923.625
1121 0001 -43.0 2.54641 9479 923.625
1121 0001 -43.0 2.53414 9521 923.625
1121 0001 -43.0 2.56482 9531 923.625
1121 0001 -43.0 2.54027 9573 923.625
1121 0001 -43.0 2.54027 9584 923.625
1121 0001 -43.5 2.52800 9625 923.625
1121 0001 -43.5 2.54027 9635 923.625
1121 0001 -43.5 2.50346 9678 923.625
1121 0001 -43.5 2.52800 9688 923.625
1121 0001 -43.5 2.50346 9730 923.625
1121 0001 -43.5 2.49118 9740 923.625
1121 0001 -44.0 2.47891 9781 923.625
1121 0001 -43.5 2.47278 9793 923.625
1121 0001 -43.5 2.49118 9834 923.625
1121 0001 -44.0 2.49732 9845 923.625
1121 0001 -44.0 2.46051 9886 923.625
1121 0001 -44.0 2.45437 9897 923.625
1121 0001 -44.0 2.46664 9938 923.625
1121 0001 -44.0 2.46664 9948 923.625
1121 0001 -44.0 2.46051 9991 923.625
1121 0001 -44.0 2.44823 10001 923.625
1121 0001 -44.5 2.42369 10043 923.625
1121 0001 -44.5 2.39915 10053 923.625
1121 0001 -44.5 2.42369 10095 923.625
1121 0001 -44.5 2.39915 10105 923.625
1121 0001 -44.5 2.39915 10148 923.625
1121 0001 -45.0 2.38074 10158 923.625
1121 0001 -45.0 2.36847 10200 923.625
1121 0001 -45.0 2.34392 10209 923.625
1121 0001 -45.0 2.36233 10252 923.625
1121 0001 -45.0 2.33779 10262 923.625
1121 0001 -45.0 2.36233 10304 923.625
1121 0001 -45.0 2.33165 10315 923.625
1121 0001 -45.0 2.31324 10356 923.625
1121 0001 -45.0 2.31324 10367 923.625
1121 0001 -45.0 2.30711 10408 923.625
1121 0001 -45.0 2.25802 10419 923.625
1121 0001 -45.0 2.24575 10461 923.625
1121 0001 -45.0 2.24575 10471 923.625
1121 0001 -45.5 2.20280 10513 923.625
1121 0001 -45.5 2.19052 10524 923.625
1121 0001 -45.5 2.22120 10565 923.625
1121 0001 -45.0 2.19052 10575 923.625
1121 0001 -45.5 2.15984 10618 923.625
1121 0001 -45.5 2.18439 10628 923.625
1121 0001 -45.5 2.14144 10671 923.625
1121 0001 -45.5 2.14144 10681 923.625
1121 0001 -45.5 2.12917 10723 923.625
1121 0001 -45.5 2.11689 10734 923.625
1121 0001 -45.5 2.07394 10775 923.625
1121 0001 -45.5 2.03713 10786 923.625
1121 0001 -45.5 2.08621 10827 923.625
1121 0001 -46.0 2.01258 10838 923.625
1121 0001 -46.0 2.03099 10881 923.625
1121 0001 -46.0 2.03099 10890 923.625
1121 0001 -46.0 1.98190 10932 923.625
1121 0001 -46.0 1.97577 10942 923.625
1121 0001 -46.0 1.92054 10985 923.625
1121 0001 -46.0 1.92054 10994 923.625
1121 0001 -46.5 1.89600 11036 923.625
1121 0001 -46.5 1.90214 11047 923.625
1121 0001 -46.5 1.86532 11089 923.625
1121 0001 -46.5 1.87759 11099 923.625
1121 0001 -46.5 1.84078 11141 923.625
1121 0001 -46.5 1.78555 11152 923.625
1121 0001 -47.0 1.75487 11193 923.625
1121 0001 -47.0 1.76101 11204 923.625
1121 0001 -47.5 1.72419 11245 923.625
1121 0001 -47.0 1.69965 11256 923.625
1121 0001 -47.5 1.67511 11297 923.625
1121 0001 -47.5 1.66897 11307 923.625
1121 0001 -48.0 1.62602 11350 923.625
1121 0001 -48.0 1.63216 11359 923.625
1121 0001 -48.0 1.61375 11402 923.625
1121 0001 -48.5 1.55239 11411 923.625
1121 0001 -48.5 1.59534 11454 923.625
1121 0001 -48.5 1.58307 11464 923.625
1121 0001 -49.0 1.49717 11506 923.625
1121 0001 -49.0 1.49103 11517 923.625
1121 0001 -49.0 1.47262 11558 923.625
1121 0001 -49.0 1.44808 11569 923.625
1121 0001 -49.5 1.38672 11611 923.625
1121 0001 -49.0 1.41740 11622 923.625
1121 0001 -49.0 1.33763 11664 923.625
1121 0001 -49.5 1.34377 11674 923.625
1121 0001 -50.0 1.28854 11716 923.625
1121 0001 -49.5 1.29468 11726 923.625
1121 0001 -50.0 1.26400 11768 923.625
1121 0001 -49.5 1.21491 11778 923.625
1121 0001 -50.0 1.15969 11821 923.625
1121 0001 -50.0 1.22105 11831 923.625
1121 0001 -50.0 1.13515 11873 923.625
1121 0001 -50.5 1.07379 11883 923.625
1121 0001 -51.0 1.04311 11925 923.625
1121 0001 -51.0 1.07379 11935 923.625
1121 0001 -51.0 0.98788 11978 923.625
1121 0001 -51.0 0.99402 11988 923.625
1121 0001 -51.5 0.90198 12030 923.625
1121 0001 -51.5 0.88357 12040 923.625
1121 0001 -52.0 0.82221 12082 923.625
1121 0001 -52.0 0.82835 12093 923.625
1121 0001 -52.5 0.79153 12135 923.625
1121 0001 -52.5 0.75472 12145 923.625
1121 0001 -52.5 0.64427 12186 923.625
1121 0001 -52.5 0.66268 12197 923.625
1121 0001 -53.0 0.58905 12240 923.625
1121 0001 -53.0 0.56450 12250 923.625
1121 0001 -53.0 0.55837 12291 923.625
1121 0001 -53.0 0.46633 12301 923.625
1121 0001 -53.5 0.38656 12344 923.625
1121 0001 -53.0 0.43565 12353 923.625
1121 0001 -53.5 0.33134 12396 923.625
1121 0001 -53.5 0.30680 12405 923.625
1121 0001 -54.0 0.22703 12448 923.625
1121 0001 -54.0 0.25771 12458 923.625
1121 0001 -54.0 0.13499 12500 923.625
1121 0001 -54.5 0.11045 12510 923.625
1121 0001 -54.5 0.11045 12553 923.625
1121 0001 -55.0 0.04909 12562 923.625
1121 0001 -55.0 0.03682 12605 923.625
1121 0001 -55.0 6.24637 12615 923.625
1121 0001 -55.0 6.11752 12656 923.625
1121 0001 -55.0 6.14819 12667 923.625
1121 0001 -55.5 6.03161 12710 923.625
1121 0001 -55.5 6.06229 12719 923.625
1121 0001 -55.5 5.95798 12761 923.625
1121 0001 -55.5 5.98253 12772 923.625
1121 0001 -55.5 5.87821 12812 923.625
1121 0001 -56.0 5.87821 12823 923.625
1121 0001 -55.5 5.74322 12865 923.625
1121 0001 -56.0 5.82299 12876 923.625
1121 0001 -56.0 5.70027 12917 923.625
1121 0001 -56.0 5.70027 12927 923.625
1121 0001 -56.5 5.73709 12970 923.625
1121 0001 -56.5 5.57142 12979 923.625
1121 0001 -57.0 5.50392 13021 923.625
1121 0001 -56.5 5.51006 13031 923.625
1121 0001 -57.0 5.46097 13075 923.625
1121 0001 -57.0 5.50392 13084 923.625
1121 0001 -57.0 5.40575 13126 923.625
1121 0001 -56.5 5.38120 13136 923.625
1121 0001 -57.5 5.27689 13179 923.625
1121 0001 -57.5 5.21553 13190 923.625
1121 0001 -57.0 5.23394 13231 923.625
1121 0001 -58.0 5.12350 13242 923.625
1121 0001 -57.5 5.10509 13283 923.625
1121 0001 -58.0 5.09282 13293 923.625
1121 0001 -57.5 5.00078 13335 923.625
1121 0001 -58.0 4.96396 13346 923.625
1121 0001 -58.0 4.89033 13388 923.625
1121 0001 -58.5 4.79216 13398 923.625
1121 0001 -58.0 4.82284 13441 923.625
1121 0001 -59.0 4.83511 13450 923.625
1121 0001 -59.0 4.66944 13493 923.625
1121 0001 -59.0 4.71239 13503 923.625
1121 0001 -59.5 4.66330 13545 923.625
