1107 0005 -59.0 3.43612 0 923.625
1107 0005 -58.5 3.54043 11 923.625
1107 0005 -58.5 3.66928 52 923.625
1107 0005 -58.0 3.50361 62 923.625
1107 0005 -59.0 3.65087 104 923.625
1107 0005 -58.0 3.57111 114 923.625
1107 0005 -58.5 3.62019 156 923.625
1107 0005 -58.0 3.69383 167 923.625
1107 0005 -58.5 3.67542 209 923.625
1107 0005 -58.5 3.82882 218 923.625
1107 0005 -58.5 3.84722 260 923.625
1107 0005 -58.0 3.80427 271 923.625
1107 0005 -58.5 3.92085 312 923.625
1107 0005 -58.0 3.90858 323 923.625
1107 0005 -58.0 3.92085 365 923.625
1107 0005 -58.0 4.02517 375 923.625
1107 0005 -58.0 4.04357 418 923.625
1107 0005 -57.5 4.02517 428 923.625
1107 0005 -57.5 4.04357 469 923.625
1107 0005 -57.5 4.13561 479 923.625
1107 0005 -58.0 4.20311 522 923.625
1107 0005 -57.5 4.13561 532 923.625
1107 0005 -57.0 4.22152 574 923.625
1107 0005 -57.0 4.16016 584 923.625
1107 0005 -57.0 4.27674 626 923.625
1107 0005 -57.5 4.25219 636 923.625
1107 0005 -57.5 4.35651 679 923.625
1107 0005 -57.0 4.38719 689 923.625
1107 0005 -57.0 4.40559 732 923.625
1107 0005 -57.0 4.38105 741 923.625
1107 0005 -56.5 4.43627 784 923.625
1107 0005 -57.0 4.51604 793 923.625
1107 0005 -57.0 4.56513 835 923.625
1107 0005 -57.0 4.54672 845 923.625
1107 0005 -57.0 4.58353 887 923.625
1107 0005 -57.0 4.55899 897 923.625
1107 0005 -57.0 4.62649 940 923.625
1107 0005 -57.5 4.74307 949 923.625
1107 0005 -57.0 4.67557 991 923.625
1107 0005 -57.0 4.73693 1001 923.625
1107 0005 -57.5 4.76761 1044 923.625
1107 0005 -57.0 4.83511 1054 923.625
1107 0005 -57.0 4.88419 1096 923.625
1107 0005 -56.5 4.84738 1106 923.625
1107 0005 -56.5 4.90260 1148 923.625
1107 0005 -56.5 4.87806 1159 923.625
1107 0005 -56.5 4.91487 1201 923.625
1107 0005 -56.5 5.00691 1211 923.625
1107 0005 -56.5 5.03146 1253 923.625
1107 0005 -57.0 5.03759 1263 923.625
1107 0005 -56.0 5.14190 1305 923.625
1107 0005 -56.0 5.12963 1316 923.625
1107 0005 -56.0 5.12963 1357 923.625
1107 0005 -56.0 5.12963 1368 923.625
1107 0005 -56.0 5.13577 1410 923.625
1107 0005 -56.0 5.12963 1421 923.625
1107 0005 -56.0 5.27076 1463 923.625
1107 0005 -56.0 5.33212 1473 923.625
1107 0005 -56.0 5.27076 1515 923.625
1107 0005 -56.0 5.39961 1525 923.625
1107 0005 -55.5 5.25849 1567 923.625
1107 0005 -56.5 5.40575 1577 923.625
1107 0005 -56.0 5.35666 1620 923.625
1107 0005 -56.0 5.31985 1631 923.625
1107 0005 -56.0 5.52233 1671 923.625
1107 0005 -56.0 5.43029 1683 923.625
1107 0005 -56.0 5.50392 1724 923.625
1107 0005 -55.5 5.45484 1734 923.625
1107 0005 -55.0 5.66959 1777 923.625
1107 0005 -55.5 5.57142 1786 923.625
1107 0005 -55.5 5.62664 1829 923.625
1107 0005 -55.5 5.64505 1838 923.625
1107 0005 -55.5 5.63891 1880 923.625
1107 0005 -55.0 5.60210 1891 923.625
1107 0005 -55.0 5.71868 1932 923.625
1107 0005 -55.0 5.62051 1943 923.625
1107 0005 -55.0 5.87208 1985 923.625
1107 0005 -55.0 5.73095 1996 923.625
1107 0005 -55.0 5.78004 2038 923.625
1107 0005 -55.0 5.81686 2048 923.625
1107 0005 -54.5 5.87208 2092 923.625
1107 0005 -54.5 5.89049 2102 923.625
1107 0005 -54.5 5.89662 2143 923.625
1107 0005 -54.0 5.93344 2155 923.625
1107 0005 -54.5 5.97025 2197 923.625
1107 0005 -54.5 5.98866 2207 923.625
1107 0005 -54.0 6.01934 2248 923.625
1107 0005 -54.0 6.00093 2259 923.625
1107 0005 -54.0 5.86594 2301 923.625
1107 0005 -54.0 6.03775 2311 923.625
1107 0005 -54.5 6.08070 2353 923.625
1107 0005 -54.0 6.11752 2364 923.625
1107 0005 -54.5 6.12365 2406 923.625
1107 0005 -54.0 6.15433 2416 923.625
1107 0005 -53.5 6.14206 2458 923.625
1107 0005 -54.0 6.17274 2468 923.625
1107 0005 -54.0 6.26478 2511 923.625
1107 0005 -54.0 6.24637 2520 923.625
1107 0005 -53.5 0.00000 2562 923.625
1107 0005 -53.5 0.00614 2573 923.625
1107 0005 -53.5 0.05522 2615 923.625
1107 0005 -53.0 0.01227 2625 923.625
1107 0005 -53.0 0.11658 2669 923.625
1107 0005 -53.0 0.10431 2679 923.625
1107 0005 -52.5 0.18408 2721 923.625
1107 0005 -52.5 0.15953 2731 923.625
1107 0005 -52.5 0.12272 2775 923.625
1107 0005 -52.5 0.22703 2786 923.625
1107 0005 -52.0 0.23930 2828 923.625
1107 0005 -52.5 0.24544 2838 923.625
1107 0005 -52.0 0.22703 2882 923.625
1107 0005 -52.0 0.29452 2892 923.625
1107 0005 -52.0 0.34361 2934 923.625
1107 0005 -51.5 0.30066 2945 923.625
1107 0005 -51.5 0.38043 2987 923.625
1107 0005 -51.5 0.38043 2997 923.625
1107 0005 -51.0 0.39270 3039 923.625
1107 0005 -51.5 0.39884 3049 923.625
1107 0005 -51.5 0.47247 3092 923.625
1107 0005 -51.5 0.49701 3102 923.625
1107 0005 -51.0 0.44179 3144 923.625
1107 0005 -51.0 0.48474 3155 923.625
1107 0005 -51.0 0.53996 3197 923.625
1107 0005 -51.0 0.53383 3207 923.625
1107 0005 -51.0 0.55223 3249 923.625
1107 0005 -51.0 0.58291 3259 923.625
1107 0005 -51.0 0.60132 3302 923.625
1107 0005 -51.0 0.59518 3313 923.625
1107 0005 -51.0 0.62586 3354 923.625
1107 0005 -50.5 0.64427 3365 923.625
1107 0005 -50.5 0.69950 3407 923.625
1107 0005 -50.5 0.66882 3418 923.625
1107 0005 -50.5 0.69336 3460 923.625
1107 0005 -50.5 0.69950 3470 923.625
1107 0005 -50.5 0.76085 3513 923.625
1107 0005 -50.5 0.74858 3523 923.625
1107 0005 -50.5 0.77926 3565 923.625
1107 0005 -50.5 0.79767 3576 923.625
1107 0005 -50.0 0.80994 3619 923.625
1107 0005 -50.0 0.82221 3630 923.625
1107 0005 -50.0 0.84676 3670 923.625
1107 0005 -50.0 0.84062 3681 923.625
1107 0005 -49.5 0.85289 3723 923.625
1107 0005 -49.5 0.87744 3734 923.625
1107 0005 -49.5 0.88357 3776 923.625
1107 0005 -49.0 0.88971 3786 923.625
1107 0005 -49.5 0.87744 3830 923.625
1107 0005 -49.0 0.90198 3840 923.625
1107 0005 -49.5 0.96334 3880 923.625
1107 0005 -49.5 0.91425 3891 923.625
1107 0005 -49.0 0.94493 3934 923.625
1107 0005 -49.0 0.95107 3944 923.625
1107 0005 -48.5 0.97561 3986 923.625
1107 0005 -48.5 0.94493 3996 923.625
1107 0005 -49.0 0.96334 4039 923.625
1107 0005 -48.5 1.01243 4050 923.625
1107 0005 -48.5 1.00629 4091 923.625
1107 0005 -48.5 0.98175 4102 923.625
1107 0005 -48.5 1.01243 4144 923.625
1107 0005 -48.0 1.02470 4155 923.625
1107 0005 -48.0 1.04924 4196 923.625
1107 0005 -48.0 1.04924 4207 923.625
1107 0005 -48.0 1.05538 4252 923.625
1107 0005 -48.0 1.01856 4263 923.625
1107 0005 -48.0 1.03084 4305 923.625
1107 0005 -48.0 1.02470 4315 923.625
1107 0005 -48.0 1.09219 4357 923.625
1107 0005 -48.0 1.05538 4368 923.625
1107 0005 -47.5 1.05538 4411 923.625
1107 0005 -47.5 1.04311 4421 923.625
1107 0005 -47.0 1.04311 4462 923.625
1107 0005 -47.5 1.07379 4472 923.625
1107 0005 -47.5 1.07379 4514 923.625
1107 0005 -48.0 1.06765 4525 923.625
1107 0005 -47.5 1.06765 4567 923.625
1107 0005 -47.5 1.06765 4577 923.625
1107 0005 -47.5 1.06765 4619 923.625
1107 0005 -47.0 1.09833 4630 923.625
1107 0005 -47.0 1.06151 4671 923.625
1107 0005 -47.0 1.10447 4682 923.625
1107 0005 -47.0 1.09833 4724 923.625
1107 0005 -47.0 1.09219 4734 923.625
1107 0005 -47.0 1.09833 4776 923.625
1107 0005 -47.0 1.05538 4787 923.625
1107 0005 -46.5 1.08606 4828 923.625
1107 0005 -47.0 1.09219 4840 923.625
1107 0005 -47.0 1.07379 4881 923.625
1107 0005 -47.0 1.09833 4891 923.625
1107 0005 -46.5 1.10447 4933 923.625
1107 0005 -46.5 1.07992 4943 923.625
1107 0005 -46.5 1.08606 4985 923.625
1107 0005 -46.5 1.06151 4995 923.625
1107 0005 -46.5 1.07379 5037 923.625
1107 0005 -46.5 1.06765 5049 923.625
1107 0005 -46.5 1.07992 5090 923.625
1107 0005 -46.0 1.04311 5100 923.625
1107 0005 -46.5 1.08606 5142 923.625
1107 0005 -46.5 1.04311 5152 923.625
1107 0005 -46.5 1.03084 5195 923.625
1107 0005 -46.5 1.05538 5204 923.625
1107 0005 -46.0 1.04924 5246 923.625
1107 0005 -46.5 1.03697 5257 923.625
1107 0005 -46.0 1.00629 5299 923.625
1107 0005 -46.0 1.02470 5308 923.625
1107 0005 -46.0 1.01243 5351 923.625
1107 0005 -46.0 1.00016 5361 923.625
1107 0005 -46.0 1.00016 5403 923.625
1107 0005 -46.5 0.98788 5413 923.625
1107 0005 -46.0 0.97561 5456 923.625
1107 0005 -46.0 1.00629 5466 923.625
1107 0005 -46.0 0.98788 5507 923.625
1107 0005 -46.0 0.97561 5518 923.625
1107 0005 -46.0 0.96334 5559 923.625
1107 0005 -46.0 0.98175 5570 923.625
1107 0005 -46.0 0.93266 5611 923.625
1107 0005 -46.0 0.96948 5622 923.625
1107 0005 -46.0 0.94493 5665 923.625
1107 0005 -46.0 0.91425 5674 923.625
1107 0005 -46.0 0.92039 5717 923.625
1107 0005 -46.0 0.89584 5726 923.625
1107 0005 -46.0 0.89584 5769 923.625
1107 0005 -46.0 0.87744 5779 923.625
1107 0005 -46.0 0.85289 5820 923.625
1107 0005 -46.0 0.85903 5831 923.625
1107 0005 -46.0 0.85903 5872 923.625
1107 0005 -46.0 0.87130 5883 923.625
1107 0005 -46.0 0.82221 5924 923.625
1107 0005 -46.0 0.84062 5935 923.625
1107 0005 -46.0 0.79767 5977 923.625
1107 0005 -46.0 0.80994 5988 923.625
1107 0005 -46.0 0.79153 6029 923.625
1107 0005 -46.0 0.77926 6039 923.625
1107 0005 -46.0 0.75472 6081 923.625
1107 0005 -46.0 0.77926 6091 923.625
1107 0005 -46.0 0.71177 6134 923.625
1107 0005 -45.5 0.71790 6144 923.625
1107 0005 -46.0 0.69950 6186 923.625
1107 0005 -46.0 0.68109 6196 923.625
1107 0005 -46.0 0.63200 6238 923.625
1107 0005 -46.0 0.61973 6248 923.625
1107 0005 -46.0 0.60746 6290 923.625
1107 0005 -46.0 0.60132 6302 923.625
1107 0005 -45.5 0.57064 6343 923.625
1107 0005 -45.5 0.53996 6353 923.625
1107 0005 -45.5 0.58291 6395 923.625
1107 0005 -45.5 0.57064 6406 923.625
1107 0005 -45.5 0.50315 6447 923.625
1107 0005 -45.5 0.53383 6456 923.625
1107 0005 -45.5 0.47860 6499 923.625
1107 0005 -45.5 0.48474 6509 923.625
1107 0005 -45.5 0.43565 6551 923.625
1107 0005 -45.5 0.45406 6561 923.625
1107 0005 -45.5 0.38043 6603 923.625
1107 0005 -45.5 0.43565 6613 923.625
1107 0005 -45.5 0.33748 6655 923.625
1107 0005 -45.5 0.37429 6665 923.625
1107 0005 -45.5 0.34361 6708 923.625
1107 0005 -45.5 0.30680 6717 923.625
1107 0005 -45.5 0.25771 6760 923.625
1107 0005 -45.5 0.25771 6770 923.625
1107 0005 -45.5 0.23930 6812 923.625
1107 0005 -45.5 0.22703 6822 923.625
1107 0005 -45.5 0.20249 6865 923.625
1107 0005 -46.0 0.20249 6875 923.625
1107 0005 -46.0 0.14113 6917 923.625
1107 0005 -46.0 0.12885 6927 923.625
1107 0005 -46.0 0.07977 6969 923.625
1107 0005 -46.0 0.07977 6979 923.625
1107 0005 -46.0 0.02454 7022 923.625
1107 0005 -46.0 0.02454 7031 923.625
1107 0005 -46.0 6.27705 7073 923.625
1107 0005 -46.0 0.00000 7084 923.625
1107 0005 -46.0 6.17887 7125 923.625
1107 0005 -46.0 6.20955 7137 923.625
1107 0005 -46.0 6.19115 7179 923.625
1107 0005 -46.0 6.14819 7188 923.625
1107 0005 -46.0 6.16047 7230 923.625
1107 0005 -46.0 6.11138 7241 923.625
1107 0005 -46.0 6.04388 7283 923.625
1107 0005 -46.0 6.02548 7293 923.625
1107 0005 -46.0 6.00093 7334 923.625
1107 0005 -46.0 5.98866 7345 923.625
1107 0005 -46.0 5.97025 7387 923.625
1107 0005 -45.5 5.96412 7397 923.625
1107 0005 -46.0 5.93344 7440 923.625
1107 0005 -45.5 5.95185 7451 923.625
1107 0005 -46.0 5.82299 7492 923.625
1107 0005 -46.0 5.84753 7501 923.625
1107 0005 -46.0 5.78618 7544 923.625
1107 0005 -46.0 5.77390 7555 923.625
1107 0005 -46.0 5.76777 7596 923.625
1107 0005 -46.0 5.71868 7607 923.625
1107 0005 -46.0 5.69414 7648 923.625
1107 0005 -46.0 5.65732 7659 923.625
1107 0005 -46.5 5.66346 7700 923.625
1107 0005 -46.5 5.64505 7712 923.625
1107 0005 -46.5 5.60823 7754 923.625
1107 0005 -46.5 5.58983 7764 923.625
1107 0005 -46.5 5.54687 7807 923.625
1107 0005 -46.5 5.54074 7817 923.625
1107 0005 -46.5 5.51006 7859 923.625
1107 0005 -46.5 5.48552 7870 923.625
1107 0005 -47.0 5.49779 7911 923.625
1107 0005 -47.0 5.44256 7922 923.625
1107 0005 -46.5 5.41188 7964 923.625
1107 0005 -46.5 5.38734 7974 923.625
1107 0005 -46.5 5.33212 8017 923.625
1107 0005 -46.5 5.31985 8027 923.625
1107 0005 -46.5 5.32598 8070 923.625
1107 0005 -46.5 5.30144 8080 923.625
1107 0005 -46.5 5.24008 8123 923.625
1107 0005 -46.5 5.24621 8134 923.625
1107 0005 -46.5 5.22167 8176 923.625
1107 0005 -46.5 5.22781 8187 923.625
1107 0005 -46.5 5.15418 8229 923.625
1107 0005 -46.5 5.16645 8240 923.625
1107 0005 -46.5 5.13577 8282 923.625
1107 0005 -46.5 5.13577 8293 923.625
1107 0005 -47.0 5.13577 8334 923.625
1107 0005 -46.5 5.09282 8345 923.625
1107 0005 -47.0 5.04373 8387 923.625
1107 0005 -47.0 5.03146 8397 923.625
1107 0005 -47.0 5.03146 8440 923.625
1107 0005 -47.0 5.01305 8450 923.625
1107 0005 -47.0 4.99464 8491 923.625
1107 0005 -47.0 4.95169 8502 923.625
1107 0005 -47.0 4.96396 8544 923.625
1107 0005 -47.0 4.89647 8554 923.625
1107 0005 -47.5 4.89647 8596 923.625
1107 0005 -47.0 4.87192 8606 923.625
1107 0005 -47.5 4.81670 8649 923.625
1107 0005 -47.5 4.82284 8660 923.625
1107 0005 -47.5 4.79829 8701 923.625
1107 0005 -47.5 4.77988 8711 923.625
1107 0005 -47.5 4.74307 8754 923.625
1107 0005 -47.5 4.76761 8764 923.625
1107 0005 -48.0 4.74920 8805 923.625
1107 0005 -48.0 4.67557 8816 923.625
1107 0005 -48.0 4.65717 8857 923.625
1107 0005 -48.0 4.65717 8868 923.625
1107 0005 -48.0 4.61421 8910 923.625
1107 0005 -48.0 4.63876 8921 923.625
1107 0005 -48.0 4.59581 8963 923.625
1107 0005 -48.0 4.57126 8972 923.625
1107 0005 -48.0 4.57126 9015 923.625
1107 0005 -48.0 4.55285 9025 923.625
1107 0005 -47.5 4.52218 9066 923.625
1107 0005 -48.0 4.54672 9076 923.625
1107 0005 -48.0 4.44241 9119 923.625
1107 0005 -48.0 4.47922 9129 923.625
1107 0005 -48.0 4.43627 9171 923.625
1107 0005 -48.0 4.39332 9182 923.625
1107 0005 -48.0 4.38105 9224 923.625
1107 0005 -48.0 4.36264 9233 923.625
1107 0005 -48.0 4.31969 9276 923.625
1107 0005 -48.0 4.36878 9287 923.625
1107 0005 -48.0 4.28901 9328 923.625
